#! FIELDS time deep8.node-0 deep8.node-1 sigma_deep8.node-0 sigma_deep8.node-1 height
#! SET action OPES_METAD_state
#! SET biasfactor                       4
#! SET epsilon   5.176336619919723e-10
#! SET kernel_cutoff       6.539381215389747
#! SET compression_threshold                       1
#! SET zed    0.001982461984671221
#! SET sum_weights       24428.87876951565
#! SET sum_weights2       207055.2734752127
#! SET counter  4992
#! SET adaptive_counter  2500000
#! SET sigma0_deep8.node-0    0.008557806761377636
#! SET av_cv_deep8.node-0      0.6629006163290954
#! SET av_M2_deep8.node-0       86741.09068093271
#! SET sigma0_deep8.node-1     0.03292138880198944
#! SET av_cv_deep8.node-1       0.416174788458763
#! SET av_M2_deep8.node-1       289767.9032973883
                  50000     0.6341340388686615     0.7405326997914695    0.02781267391435929    0.05857094401210722      1580.041230916629
                  50000       0.69631009177527     0.8369155475757684     0.0289272339095119     0.0578878066350218      24.07039919388689
                  50000     0.6459502560144549     0.5401639953655332    0.02743347409525723    0.06101510577462312      134.7712531816867
                  50000     0.6702737196407778   -0.09876630113092533    0.02695818966905322    0.05468405021247764      1296.870585092544
                  50000     0.6642817006721741     0.2507937828030724    0.02757782465509023    0.05699749454345627      290.8936785725215
                  50000     0.9844318054987825     0.1652399064999864    0.02805765684347043    0.05768424555628106  0.0009235554954277796
                  50000     0.9909197095205312     0.5799831255672244    0.02682355605858794    0.05592318940996273    0.01097691503603578
                  50000     0.9611171798310323     0.6555188876955029     0.0270924031886554    0.05405332733979142   0.007387805348187643
                  50000     0.9117268169742527    -0.1627645488477237    0.02953349160200715    0.05876772314622887    0.02417166771494696
                  50000     0.9303421837237964     0.7153824502669942    0.02888092906871566    0.05586626058144649   0.007760936920446451
                  50000     0.6718162922206725    0.04677944264912209     0.0274752614497046    0.06170230289611178      289.7485170695198
                  50000     0.7824937235708669    -0.1528468253271902    0.02806296380089144    0.05958657665550472     0.5253845868732161
                  50000     0.7864052124087092     0.8991498520412464    0.02928724525725081    0.05201094697569145      3.520471812683023
                  50000      0.641981021713802     0.6372992234319155      0.026314547504203    0.06053977394378623      722.1807893218917
                  50000     0.6586309646613235     0.3111848904519669    0.02800439142997722     0.0556297621252568      90.78886090413174
                  50000     0.9405827940455588   -0.06152806823583339    0.02771210217136772    0.06266300807338096   0.004984883664352594
                  50000     0.8840508903289043     0.3333833472350369    0.02929839515468971    0.06086675053550113  0.0002031447302431444
                  50000      1.016589071229366     0.4423774913166322    0.02775805896679507    0.05971275935622544   0.002046228845106892
                  50000     0.8703257760991173     0.8033691473535223    0.02885077362975068    0.06270065457511463    0.02701386269444668
                  50000     0.6744024115180699     0.7309012670362257    0.02948768481655371    0.05547210330410438       221.511490618436
                  50000     0.9948269445874292     0.2729742362678713    0.02659278260887047    0.05276890539459042  0.0005213683945416094
                  50000     0.6738254466865434     0.1592782940175689    0.02802391555943772     0.0611994401920125      231.7344492373141
                  50000     0.6783011259631156     0.4789894070751588    0.02804572020428911    0.05337299921079633      10.99600294196746
                  50000     0.8761166045887282     0.4389266966217055    0.02697446036411429    0.05301183393950964  3.725027785301628e-05
                  50000      0.782568389248563     0.5515853598719984    0.02963127374195103    0.05612188464556702   0.004571434516821983
                  50000     0.9289257666035187     0.3071621195732454    0.03020655319970478    0.05474620287410045  0.0001224854441198833
                  50000     0.9044504556351955     0.5024181254244516    0.02746303176924157    0.05369641473901478  5.249108360848787e-05
                  50000      0.982963502407074     0.4321060478687286    0.01914634572744485    0.06645202944478791   1.15234316454798e-05
                  50000     0.7736439482187845     0.6809436578322611    0.02572625673579396    0.04837609329925595    0.02470366513240808
                  50000     0.7684104784969792     0.8444431293569242    0.02613321533296844     0.0520365455265106     0.2472510859038702
                  50000     0.7014875234372967    0.06029474549677843    0.02765554952476787    0.05622308408177033      5.978118979804324
                  50000     0.7136556146251534     0.4693665059519869    0.02627835618741935    0.05485295428607274     0.2185740942250843
                  50000     0.8079265356063843     0.4084651470184326    0.01856743225647077    0.06529224935756625  1.272341795213804e-05
                  50000     0.5362014174461365     0.4034984707832336     0.0186994094968952    0.06463254913192053  1.355301418698407e-05
                  50000    -0.5542389625857363     0.6748878820750291    0.02559201891642518    0.05580427412442206  1.547625539661853e-07
                  50000     0.8734218958191768    -0.1777079097722381    0.02769214005230534    0.05275987532071683    0.06224454988772408
                  50000     0.8272821515130033    -0.1799083353660397    0.02897288337745139    0.05307327666224716     0.1107996944446841
                  50000     0.7875488996505737     0.3423971831798553    0.02168233541938209    0.06463139562547721  1.641455544783681e-05
                  50000    -0.9565666582540728     0.8461693435588993    0.03260061725514728    0.06421225248556726    0.04178818202731333
                  50000    -0.9804869890213013    -0.1834477484226227    0.02910129556364174    0.06347259705807953  1.655232155470035e-08
                  50000    -0.8240331847824558     0.7454851886722481    0.02869313195911163    0.05931910078953429  3.723574010580548e-05
                  50000    -0.7311907957151916    -0.9873755966919914    0.03132120203834415    0.05927351800671196  3.454593004161074e-07
                  50000    -0.8996212854823553     0.1730491110290153    0.03014990016961363     0.0543420406018086    8.1547451738214e-07
                  50000    -0.8939107733750172     0.5368482654589056    0.02581895542509818     0.0561738139455895  1.251051992749243e-05
                  50000    -0.9275792861429978   0.002923893704926306    0.02945334925247282    0.05734552190198897  1.207896843298249e-06
                  50000    -0.8098235748712326     0.3368695553788283    0.03008353780804748    0.06213501518817116  1.744257552447906e-06
                  50000    -0.5815570950508118    -0.7276495099067688    0.03557994889728335    0.06486634211211852  1.324746583345268e-08
                  50000    -0.8080776521166027    -0.6493443315853419    0.02581007707467048    0.05519591815725435   6.39103493190703e-07
                  50000    -0.8941758794945879    -0.2157206176310006    0.02858632518762654    0.05665792946292995  1.080828179362007e-06
                  50000    -0.7396290386658149      0.609740785065509    0.02514000965042476    0.04918211983021329  5.281730335108034e-07
                  50000    -0.8950952142130186     0.3523300779657536    0.02682612966005726    0.05405681608995547  1.353729953685699e-06
                  50000    -0.9205857769659154     0.6429421438628954    0.02845355107539642    0.05157710238268393  6.183274600046077e-05
                  50000    -0.9543071928983428     0.2713862189542205    0.02780057333341153    0.05129505388049613  3.943110846153847e-07
                  50000    -0.7756630286765298     0.6085815557005831    0.02821415881330339    0.04836134134475444  5.211380168596954e-06
                  50000    -0.8520999226603126     -0.593552449642431    0.02724409634597217    0.05195651333832316  2.677936749392853e-07
                  50000    -0.7867170658206187     0.1064359735039684    0.02752036296791749    0.05229268732006383  5.134064141232594e-07
                  50000    -0.8588299172873438    -0.3051379883983663    0.02728489272642903    0.04960836012639262  3.173830969901707e-07
                  50000    -0.7413768625120928    -0.4644810313357577     0.0280021132595081    0.05433079042636395  6.165219248798116e-08
                  50000    -0.8283485506469725    -0.7632885636303074    0.02797957236874844    0.06014612193069421  1.280082344731044e-07
                  50000     -0.833895710512361     0.1034000425169781    0.02799175883265534    0.05139088278336293  6.396862013203443e-07
                  50000    -0.7493708549281892    -0.5621058936255475    0.02871337156144671    0.05282837921180228   1.15471885983744e-07
                  50000    -0.9788250739794796     0.4269758502134063    0.03306812862797665    0.06003841473686369  2.197968217036073e-07
                  50000    -0.7406571868649025    -0.8338654825554084    0.03314518683226209    0.06184527226250914  1.222475816201501e-07
                  50000    -0.7999343394543421    -0.2943552952531396    0.02652050129978492    0.05324614708287708  3.103650220133383e-07
                  50000     -0.777914275136118    -0.9810003712132697    0.02991427146376104     0.0568127665544361  1.119178546531721e-06
                  50000    -0.9555779598751665     0.7668993302680718     0.0310355761351553    0.06249627419687228   0.003362422949176177
                  50000    -0.9212257710765065    -0.4470633558351581    0.03022360665705179    0.05907272664670563  9.421551612458245e-08
                  50000    -0.6765409865679792     0.3997348952788697    0.02629712640377687    0.04977690756642184  5.806889983468225e-07
                  50000    -0.7292394230623075    -0.1754415603219582    0.03044401683343564    0.06190953717685877  6.834945941581834e-08
                  50000   -0.05648808553814888     0.7113299369812012     0.0343495908591896    0.07201812036607555  1.235930802058527e-08
                  50000     0.8547471768764567     0.1912151426760741     0.0318307844725207    0.06159760281437013  4.881239389257218e-05
                  50000     0.9259204611687805      0.561311671169239    0.03268260119822408    0.05646651036120193  0.0001930280484344194
                  50000     0.8309774996676524     0.4767279402278853    0.02998274692726739    0.05886838808854909  0.0001473982786895938
                  50000     0.8394974165690383   -0.05257252205406249     0.0286114700008866    0.05296688572482338   0.006757564442086147
                  50000      1.012190653366014     0.3414922873200953    0.02778271502033809    0.05475760582652933  0.0009882427984085598
                  50000     0.6759049264902581     0.4097934536898113    0.02802544329695107    0.05410176033030532      18.16926918972057
                  50000     0.6723227056379405   -0.03799656261671807    0.02649946486159098    0.05106273079655745      179.3221307765081
                  50000     0.6668572209698517    -0.2549497049493132    0.02903410722720706    0.06342407300791497     0.8576344540045158
                  50000     0.4956670105457306     0.4126215577125549    0.03151510313958699    0.06138825443898438  5.375165054872266e-05
                  50000    -0.1941628558246291     0.7584919560850408     0.0270230269699472    0.05310473900325417  5.824524380807863e-08
                  50000     0.8063772786369697     0.7544409739226818     0.0275783629027377    0.05385954286693868    0.02396988919642862
                  50000     0.8910398231722085   -0.09997993431217514    0.02595729871721038    0.05093162310394598   0.001744263629719547
                  50000     0.9025326633704475     0.1638311742745517    0.02920626061629406    0.05092715042623982  4.765154703044519e-05
                  50000   -0.08138606697320938     0.5256801843643188    0.02954912267689526    0.05895512414450881  1.846197886851843e-08
                  50000    -0.4137579798698425     0.3969965279102325    0.02942794827537668    0.05875096300314669  1.768408253202688e-08
                  50000     0.6407458975914355     0.3962421673064129    0.02666442154695488    0.05688352810009956      10.82117229781053
                  50000      0.903273223095638   -0.00372881468042398    0.02589535622578283    0.05439321642037226  0.0003362754163087677
                  50000     0.8269760608032172     0.8107337206824897    0.02873218855525988    0.05053294534104632    0.03716224256641603
                  50000     0.8864610195159912    0.07954712957143784    0.02570262700397611    0.05499296622977185  4.523256423459262e-05
                  50000    -0.9209633405031853     0.8547999260040898    0.02746882903971078    0.05287233044603157   0.003609312919536161
                  50000    -0.6141265034675598     0.3183729350566864    0.02668262531108621    0.05496573282644859   2.29342986217459e-08
                  50000    -0.8291189074516296    -0.9625065326690674    0.02720129128144706    0.05497449320845293  9.897227396049225e-08
                  50000     -0.139338880777359     0.6110512018203735    0.02766572907986323    0.05512115765236046  2.273702654433734e-08
                  50000    -0.4510404765605927     0.8321525454521179    0.02778302813129524    0.05514184576811731  1.995783586650708e-08
                  50000     -0.821383651110545     0.6528324495231752    0.02678899214081695    0.05506050218411569   1.83418387059815e-05
                  50000    -0.7596632828131035     0.4576877095032603    0.02685166950948114    0.05239569351386612  1.232846841609302e-06
                  50000    -0.8482048137068188    -0.4579223881819398    0.02591866539148563    0.05373754245953829  3.623241637558088e-07
                  50000    -0.6457920670509338     0.6918920874595642    0.02910227282048097     0.0555130587569123  2.205370587404773e-08
                  50000    -0.8770073652267456     0.6540997624397278    0.02912152603006848    0.05552553311172709  2.099087509046713e-05
                  50000    -0.7769191916055574     -0.673722165086434    0.02762721274422223    0.05072671743313082  3.494509126381292e-07
                  50000    -0.7492858902948991     0.8691536695621832     0.0293064108495145    0.05399463816234976  6.122018113375059e-07
                  50000    -0.6996377110481262     0.7148009538650513    0.02915654662737934    0.05574474111656396  5.664484069175226e-08
                  50000    -0.8410881161689758     0.8436276316642761    0.02916059157582722    0.05582837406395996  3.230173101860969e-05
                  50000     0.6598379093880238    -0.3602059223221149    0.02585617474937521    0.05370056904624097    0.04639427828441614
                  50000     0.7016272345885365     0.6816441606474501    0.02699748838305045    0.05164276594204652      39.42106646010411
                  50000     0.8082304970956942   -0.07922214838985046    0.02668716664153588    0.05246146903568833    0.02860684101049181
                  50000    -0.1058717966079712     0.3697151839733124    0.02918692281545696    0.05404554680460044  2.004895836805903e-08
                  50000     0.9479261650763363     0.1968025531120629    0.02667180969028679    0.05049578489080625  0.0001064456599060763
                  50000     0.5191463232040405     0.5037443041801453    0.02903484301829246     0.0537356581773227  0.0005790814036011259
                  50000     0.7421553443848855     -0.176103445621821    0.02769108658454108    0.04959662395162667     0.6601053823819765
                  50000     0.4946363866329193       1.06419575214386    0.02830568859066596    0.05310580242971064  2.033957185940187e-08
                  50000     0.3496873378753662    0.05791458860039711    0.02798842252619473    0.05281375331736524  2.068388205083665e-08
                  50000     0.8448675079871105    0.01434927680517197    0.02730001349551412    0.05184810443871541   0.001347178705398414
                  50000     0.8228725634927549     0.8780489483304649    0.02762501790693594     0.0490850292066639     0.0587349828424238
                  50000     0.6051347851753235     0.9776276350021362    0.02735087341587407    0.05239150874370086    0.01312269979460234
                  50000    -0.2641690373420715     0.3368609547615051    0.02722705011153758    0.05229997654180484  2.147120499912106e-08
                  50000    -0.5706886649131775   -0.05690434947609901    0.02668451233031163    0.05185013751752783     2.209778446452e-08
                  50000     0.7359883560795538     0.8778800158094453    0.02838570586450298    0.04865786484809213      2.089912636609108
                  50000    -0.6490253027236168     0.1718739872955928    0.02699161594873385    0.04846856627347192  7.373119121162939e-08
                  50000     0.7457310525074666    0.02781148593442801    0.02605603884986315    0.04780395814626545     0.4147488677494005
                  50000     0.7729177390441023   -0.03643659245163247    0.02557110130678373    0.04929000272957401     0.1011935166391526
                  50000    -0.2769443392753601     0.4634897708892822    0.02321570240685135    0.04892312019111271  2.810943560522386e-08
                  50000     0.8335262234260661     0.4052962438344748    0.02613654238141252    0.05329863616616165  8.251109609843171e-05
                  50000      0.965230164406132    0.06332938552302113    0.02464584218148318    0.04760256323100347  0.0002360028464249658
                  50000     0.6856967656039327     0.5358576791005309     0.0271035550438918    0.04834994492051418      1.417826401638846
                  50000      0.953131377696991     0.4024285674095154    0.02250298383764292    0.04826121416432109  2.704764107379724e-05
                  50000    -0.6752262115478516     -0.406693160533905    0.02273656889870685    0.04825683981891952  2.895962415129791e-08
                  50000    -0.6001391410827637     0.4102925658226013    0.02306692904924646    0.04827166874626397  3.384692670569672e-08
                  50000     -0.415596216917038     0.9103381633758545    0.02346374145538335    0.04827551023683443  3.061682374234349e-08
                  50000    -0.8871363997459412     0.8417365550994873     0.0240186112229577    0.04828860574601352   0.000313984148594569
                  50000    -0.8658963063363263    -0.9081311071863138    0.02505273391052241    0.04815664671630837  3.862810435979255e-07
                  50000    -0.6323930025100708     0.2496914565563202    0.02416243259046933    0.04838877120701101  4.499771367979521e-08
                  50000    -0.8725058017254305   -0.02382560195237094    0.02432868634770232    0.05132461444068769  3.635338852853602e-07
                  50000    -0.7662704033044945     0.2510760303490405    0.02637992044244918    0.05090358387290753  5.983613388029529e-07
                  50000    -0.7965313715140647    0.02942719429465171    0.02553919742417988    0.05022655429991515   1.18768424933353e-07
                  50000    -0.5543667078018188     0.5671309232711792    0.02437820223709571    0.04845790783847186  5.031595064908577e-08
                  50000    -0.5826191902160645    -0.5379169583320618    0.02438987725382869    0.04846167501280862  2.608029754845898e-08
                  50000    -0.6425818204879761     0.4292736053466797     0.0243961549531999    0.04854998106742304  4.245682440750415e-08
                  50000    -0.8907987108908919    -0.8460613408974575     0.0263638517178204    0.04922347340138414  3.115775071329472e-07
                  50000    -0.8570444353048201   -0.09071900079940588    0.02513184322741845    0.04869802536667189  3.704283516657401e-07
                  50000    -0.8766506496275873    -0.6686467855073449     0.0260578288168825    0.04978093027485569  2.566701427260598e-07
                  50000    -0.7441987991333008     0.1662261337041855    0.02435717656028437    0.04869411132441451  7.625229855209161e-08
                  50000    -0.8136636294386603     -0.532938091287248    0.02580115976354071    0.05240532499321383  6.514663346243837e-07
                  50000    -0.8183670052613382   -0.03858709146525477    0.02600070878467218    0.04826033245558612  2.601546939975583e-07
                  50000    -0.7571454644203186     0.7322778105735779    0.02443628696749181     0.0488524275752971  7.222459946627668e-07
                  50000     -0.629086434841156     0.8691529631614685    0.02452212125977737    0.04888369073975236   2.59021197425963e-08
                  50000    -0.2141237556934357       0.65326988697052    0.02459481189755498    0.04890682129230658   3.33040652827454e-08
                  50000     -0.580758273601532      0.762332022190094    0.02463998993740777    0.04892494662771778  5.507149723891016e-08
                  50000    -0.7022733688354492     0.8386785387992859    0.02469611957004415    0.04893994617890989  1.601752835411131e-07
                  50000     -0.690367579460144    0.02245672978460789    0.02470238828366974    0.04895237591697758  2.580523692699683e-08
                  50000     -0.711841344833374     0.5713579654693604    0.02471122896480976    0.04896441821956356  2.488599831077754e-07
                  50000    -0.4910963177680969     0.6118618249893188    0.02473719620602875    0.04896997248552591   3.14306158210763e-08
                  50000    -0.7980818229927837    -0.4695853087844162    0.02706954258747816    0.04943157888001197  3.069721880608736e-07
                  50000    -0.8270538879748168    -0.3368512274165649    0.02736140460632437    0.04939226690381036  4.561894877866056e-07
                  50000    -0.8801854848861694     0.2714857757091522    0.02474631615814294    0.04902934887308787  1.740424536956098e-07
                  50000     -1.003704740532966     0.4876406526256546    0.02486666322584359    0.05232979310210753  9.465638844542685e-07
                  50000    -0.7720183730125427    -0.0725332573056221    0.02474040835324433    0.04906776920263776  6.819875246353261e-08
                  50000    -0.7918100953102112     0.4720062613487244    0.02473464293094995    0.04912280966818484  3.687999681958364e-07
                  50000    -0.7614079256931134     0.5358537421583714    0.02500135935674255      0.048816363549259  1.559838883653025e-06
                  50000    -0.8115575313568115    -0.8411126136779785    0.02470964229775257    0.04926971882990655  1.122584846149496e-07
                  50000    -0.9396213340093603     0.3721317544096095    0.02580310202312373    0.04957777810226931  8.223852074214526e-07
                  50000    -0.9003370795365369    -0.6266837208594607    0.02706957084232938    0.04750411043956192  3.868299842318154e-07
                  50000    -0.1606570333242416     0.5612229704856873    0.02469991585712634    0.04941730800759815  4.038169096660627e-08
                  50000     0.9552401079018943    0.01282658735254665    0.02538844588114685    0.05065190375068741  0.0006448877296836599
                  50000     0.8714163899421692   -0.03490071371197701    0.02604808466635816    0.04937770000986847   0.000413375375310444
                  50000     0.8968926861322885     0.2253118468780137    0.02655671177106107    0.04748164436790178  3.459951876827655e-05
                  50000     0.2718740701675415     0.5400703549385071    0.02593067595965191    0.04921251778758524  2.395896670001887e-08
                  50000     0.9505208408359579     0.3479827240500572    0.02573681630307451    0.04859195450040697  6.265541549490593e-05
                  50000      0.842638373374939     -0.107828289270401    0.02581972339593165    0.04907891377449788   0.002590595358316307
                  50000     0.7315633088900964     0.8169303917291568    0.02609749868477363    0.04876041745961988     0.3113327726804154
                  50000     0.7046157587218942     0.7560806299156568    0.02652001330646527     0.0504147885072201      13.72238170179365
                  50000     0.7748006460098465     0.7787106197661809     0.0258096158332143    0.05162054156480152    0.07172990434986885
                  50000     0.6171783208847046    0.08290408551692963    0.02453027569252991    0.04813895835395809     0.2513504872978693
                  50000     0.8020787835121155    -0.2605793476104736    0.02438836880660299    0.04808529954172377   0.002465209856429094
                  50000     0.8881249040373457     0.6859466756637174    0.02605908829470431    0.04812869032027077   0.001023583691794134
                  50000    -0.7701790117438999    -0.8735786385501838    0.02520497474813557    0.05169791567742459  3.699995609951585e-07
                  50000    -0.8383175677239169    -0.1953659958243384     0.0253545921190527    0.04737572148357823  6.275562017045215e-07
                  50000    -0.7137667536735535    0.09387983381748199    0.02527811130037923     0.0481500739991726  4.827007729276504e-08
                  50000    -0.8321464986976287     0.5210033761521369    0.02687375834072518    0.04999348204916541   5.54797194187293e-06
                  50000    -0.9317805171012878      0.716150164604187    0.02562320969638069    0.04821350717396089   0.000331364364072402
                  50000    -0.4434991180896759     0.9101631641387939    0.02581458181142271     0.0482495508470271  4.556920841298483e-08
                  50000     0.6444843411445618     0.8520799875259399    0.02630851271380463    0.04814820031689379     0.7946048417862116
                  50000      0.460583141792954     0.8855388569725458    0.02609628671566544    0.04713464956474094  4.855582594849923e-07
                  50000     0.9020956410467589     0.7687279837135487    0.02533929783230771    0.04886262039155671   0.001291945685025672
                  50000     0.9474552869796753     0.4570452570915222    0.02563942303821814     0.0476971409763465  3.757071973669627e-05
                  50000     0.8770832983141497     0.5713453253922435    0.02503382691287246    0.04762697476667602  6.328075775315622e-05
                  50000     0.7592766284942627      0.637230396270752    0.02484414517917682    0.04711370591145826     0.0390018200960269
                  50000     0.7356482578335451   -0.09338283054594015    0.02528604891653643    0.04919381553189658      1.340526090534705
                  50000     0.7048429846763611     0.1519372016191483    0.02460789515427638    0.04695883650836107     0.6971802054061672
                  50000      0.960063099861145     0.2919889390468597    0.02458316584745787    0.04692579329847565  4.536070705965563e-05
                  50000     0.8440366478444176     0.5483529684633927    0.02598250131646432    0.04671258364526935  0.0001260079771553967
                  50000     0.8207325339317322     0.6503951549530029    0.02443291508482162    0.04682308959503574   0.000501105743453169
                  50000     0.3168775737285614     0.8831932544708252    0.02421715338728009    0.04673440329244827  2.701459028487636e-08
                  50000    0.02417510525385224     0.3750074822253523    0.02721452817033572    0.05042203201540019   1.19288393739762e-07
                  50000     0.2120004445314407     0.4496130347251892    0.02432023575556148    0.04672662394113172  2.724867166519228e-08
                  50000    -0.7328690366301823      0.366620503514134    0.02487922267313817    0.04806008674125378  3.500676224799182e-07
                  50000    -0.8628407599499058     0.7164882819889465    0.02490897383640317    0.04684119484553709  5.254060130319416e-05
                  50000    -0.4285866022109985     0.5315101146697998    0.02487037399086333    0.04668547398471543   2.78306126332853e-08
                  50000     0.3121363508462999     0.7817893966850882    0.02709274175658415     0.0471288665488991  1.500683713953526e-07
                  50000     0.1138362139463425     0.7158001661300659     0.0249608286277767    0.04679037837740384  2.617838917693816e-08
                  50000    -0.8629924058914185    -0.2340948730707169    0.02496622127481701     0.0468003999458252  2.801959306395869e-07
                  50000    -0.7146310210227966     0.2518818974494934     0.0249704384003348    0.04684493448252581  5.449563331174844e-08
                  50000    -0.8784794807434082     0.4533065259456635     0.0249649395328337    0.04690371231395245   1.30980219736307e-06
                  50000    -0.6411969065666199    -0.2150444388389587    0.02496063278321064     0.0469221772158691  2.699578748364678e-08
                  50000    -0.4993373453617096     0.4200777411460876    0.02493562043014563     0.0469862904670111  2.643276257307853e-08
                  50000    -0.9815979599952698     0.0248774029314518    0.02493373023005514     0.0469958537009335  1.707300811166122e-07
                  50000    -0.7513818144798279    -0.7267930507659912    0.02493224551086058    0.04700612838870856  8.583313315806914e-08
                  50000    -0.6178357005119324    0.04877820983529091    0.02492833357911924    0.04701307604994385  2.773676153597801e-08
                  50000    -0.7921316623687744    -0.7256460189819336    0.02492427616502343    0.04702243370658082  2.225567334139288e-07
                  50000     -0.666378915309906     0.4839941263198853    0.02492249018696735    0.04702969440408987  9.826167627262445e-08
                  50000     0.6870738863945007     0.6225553750991821    0.02516812643895217     0.0470555858694843     0.8745967788426786
                  50000     0.8682538866996765     0.5214174389839172    0.02578345548630302    0.04696041320050379   2.95856079395103e-05
                  50000     -0.260855108499527     0.7926783561706543    0.02552578237238687    0.04669738929364371  2.785689410645649e-08
                  50000    -0.9064781069755554    -0.5050948262214661    0.02599390892786097     0.0467612763495461  8.977160215857572e-08
                  50000    -0.9301909790613155     0.2037605980710702    0.02653132877510199    0.04891480954523229  1.052381338350482e-06
                  50000    -0.9296115636825562    -0.1090734899044037    0.02636798939658746    0.04692258293821758   1.88052532097268e-07
                  50000    -0.9127524495124817    0.09722110629081726    0.02637486268184283    0.04699922629178016  3.474425127198347e-07
                  50000     0.7017685174942017     0.2431448996067047    0.02676472691406937    0.04677544559941844     0.6353350221404287
                  50000     0.3055254817008972     0.5032411813735962    0.02652334890182332    0.04652971501406268  3.126524216611718e-08
                  50000     0.6826480031013489    -0.1790888756513596    0.02487318422197766    0.04526025383831278      1.260161538998912
