#! FIELDS time deep1.node-0 deep1.node-1 sigma_deep1.node-0 sigma_deep1.node-1 height
#! SET action OPES_METAD_state
#! SET biasfactor       16.03631500507211
#! SET epsilon   3.735419329000485e-08
#! SET kernel_cutoff       5.848558909940468
#! SET compression_threshold                       1
#! SET zed     0.01120464731568995
#! SET sum_weights       876.4717041413716
#! SET sum_weights2        7762.73310146451
#! SET counter  992
#! SET adaptive_counter  500000
#! SET sigma0_deep1.node-0     0.05665394370523463
#! SET av_cv_deep1.node-0      0.1978619681766532
#! SET av_M2_deep1.node-0       96322.75804092658
#! SET sigma0_deep1.node-1     0.06687473746844175
#! SET av_cv_deep1.node-1      0.3272127732504674
#! SET av_M2_deep1.node-1       98739.45652907358
                   3000     -0.401159987071813     0.8199151519766257    0.06062791826136169    0.05725272913246866      126.2067569489351
                   3000    -0.4524494421729493    -0.8075778836515071      0.061564857813233    0.06551126307631486      261.5886785429208
                   3000    -0.5460668813352624      0.511186105851933     0.0604800372144441    0.06201630543425136       14.0671121813813
                   3000     0.3233967241141583    -0.1878355652683011    0.06354822869348035    0.06553597090799655    0.04733050523159291
                   3000     0.0103425890741376    -0.1841884064165613    0.06104647234579954     0.0664063287776788     0.1022416797966413
                   3000    -0.5764727918666056    -0.2826733435418127    0.06280474884641125    0.06136452541601117      9.927528981360355
                   3000    -0.6433577033050026     0.3570267161708213    0.05901791729106989    0.06094494184281802      7.401339724757448
                   3000    -0.8136069877037954     0.2065499787813319    0.06436111192000364    0.06106189463283269      3.630801785759596
                   3000    -0.3464233431220334     0.2198521148608519    0.05901603142935251     0.0550303986658204    0.09388389009271585
                   3000    -0.2239096592833883     0.9041342373642929    0.05647025906831506    0.05711449999680173     0.7467362699685588
                   3000    -0.5937811595742266     0.6668766426999521    0.05234114765045318    0.05859294937653905      7.516193059114123
                   3000    -0.6965099282440685    -0.1099384534148764     0.0618515567074097    0.06258296213832884      4.760228920548649
                   3000      -0.55747635298234     0.4355519244454428    0.06316174262903412     0.0720533442022626      3.335184073116198
                   3000    -0.7526926593195937    -0.2647408136172502    0.07165906915502195    0.08106019111375669     0.1090802828826883
                   3000    -0.3127033870408266     0.4788159173241701    0.06565983262483319    0.07234801400359736     0.1862422435327686
                   3000    0.04335122064613236     0.2978805347851883    0.05977202286851666    0.06367152016411982    0.01808858562975262
                   3000     0.6090616521035785   -0.03970749726220917    0.05587295337976229    0.06015540371975513     0.3456649258796307
                   3000     0.7553715589776462    0.02238264207564548    0.05907896592174278    0.06199522352676546     0.3273574635078788
                   3000     0.8346056511758821     0.1108918066068924    0.05595252026381927    0.06103701928969047    0.05816257015597809
                   3000     0.2408213369438334     0.1086137652649682     0.0620614698574358    0.05714947518750529     0.0257405726620575
                   3000   -0.01624956151031052    -0.5175954289960125    0.05658721858483329    0.05943658930126351     0.1704227515598301
                   3000     0.0966640022506037    -0.2809543445208011     0.0617008930558662    0.05674389168883161       0.16467149714495
                   3000    -0.1677620449640149     0.5061171423836732    0.05329758843879853    0.05852734049099478     0.1133913364032818
                   3000    -0.5429481496994419    -0.4030286819859387    0.06367716046584079    0.06377234296048008      33.66174906458891
                   3000    0.03009386402825651     0.9913290725990529    0.05787089989067995    0.05964479053160215   0.004817378931826512
                   3000    -0.8040374649352073     0.1021184477750237     0.0596713330016601    0.06374014624809886      1.502814250263611
                   3000    -0.3773292037879414     0.0837913634354796    0.06426738646936574    0.05827309094708154      0.320043399650528
                   3000    -0.8320997688479667   -0.08231085605913979    0.05799579516739382    0.06398863594189533      1.498123691765679
                   3000     0.2470952571383387     0.6169412644528031    0.05413550466292338    0.05455435648190559  9.861898817427025e-05
                   3000      -0.24554612710412     0.1494332863111309    0.06410335911064331    0.06232754399768705     0.1857044708732549
                   3000     0.3030671698764263   -0.03157798381760146    0.05814360579154788    0.05622392982156767      0.140063497967755
                   3000   -0.07525998234895989    -0.4058550693041771    0.06089911623817186    0.06473533971654216     0.5003937687639883
                   3000     0.6841097184393043   -0.07162240622543653    0.05596583015690011    0.06073676703391105     0.1364959974190489
                   3000      0.252168465423471   -0.07725457407685173    0.06102869374494738    0.06357743523789756     0.4013025254942892
                   3000      0.204098233930789    -0.3255960634171123     0.0578952147379208    0.05884908594943603      0.125632007290276
                   3000     0.4694039480044995      -0.35412465874608    0.05821810449194317    0.05912810928413638   0.002314944518298611
                   3000    -0.5239973091862465    -0.6682959290764084    0.06233182369237824    0.06110148740034221      51.62409206678637
                   3000     -0.594129819106903     0.2911648706566722    0.06530440527297209    0.06424323750849724      10.10047701369553
                   3000    0.01697592365844073     0.6452799354879021     0.0549770397397842    0.06017910459778606    0.01084260000971965
                   3000    -0.2600771017811516    0.02826377010575632    0.06676767480359411    0.06811388198683295     0.2214181320469507
                   3000     0.9512893509339351     0.2137903125627246    0.06251528468846049    0.06499459397912986   0.003787299511226511
                   3000    -0.4418975821332702     0.5825475620586336    0.05953908851733183    0.06667566864809597      8.558753064767856
                   3000     0.6226013987926536    -0.1422351306504914    0.05349388099586706    0.06098602060218968    0.05531196514167055
                   3000      0.412673810308415     0.4974061204328413    0.05960685873405305    0.06379869652335184  0.0002233315889547786
                   3000    -0.6586564651815636     0.4889420835501158    0.06702523365374043    0.07494761748185325      6.726643265779979
                   3000     -0.186071646443291     0.7989174020740584    0.05639766065506346    0.06686835083141146     0.4956153252546354
                   3000    -0.4248909128388765     0.7618085277066154    0.05620344165065091    0.06267803612830071      31.87599335953837
                   3000    -0.4256133524704255    -0.2026042089688697     0.0706118553565855    0.06387441421178909     0.6954436221341539
                   3000     0.7737852621628514   -0.09046447607814753    0.06178259931401291    0.06196532253669951    0.01335502392580172
                   3000    -0.8096195589149775    -0.6558187050713669    0.05593140498412915    0.05754216054141559    0.02326902306037332
                   3000    -0.7250323782386147     0.4127965439749741    0.06182864803397191    0.06185030293058057      9.138016403532729
                   3000    -0.2578009963656407     -0.313051571890899     0.0603417615870678    0.06578393976277887     0.4550129959391362
                   3000    -0.5141307616687152    -0.0509140344697679    0.05944663785921973    0.06464430537758552     0.6111388296284939
                   3000     0.2216229673270183     0.3702284193895278    0.06004382018392833    0.06376692448011871   0.004451382165014352
                   3000    -0.7596946067901762    -0.4913667896852484    0.06113103443949598    0.06327236577200071    0.09130020410685277
                   3000     0.1352599669729895     0.1253889621553045    0.06411402864333696    0.06335308407317919    0.03861480538231571
                   3000    -0.1482139365390326    -0.6164628712566143    0.05645695989652356    0.06121177695069078     0.5117540539505476
                   3000   -0.06621649898801389    -0.3203152579498845    0.05817332272229803    0.06007932093821972       0.22838321525099
                   3000   -0.06351994943511342    -0.1236989212344517     0.0597262090124431    0.06317861399235733     0.1204986977190148
                   3000     0.3035627169924189     0.7524336827484234    0.05455988368503715    0.06503343252601028  0.0002266428454505044
                   3000     0.8332015126406157     0.4253319802729366    0.06126510279061637    0.05853469232875178  0.0006716300110670384
                   3000     0.4506198458870769     0.7891176464569077    0.05994405582540391    0.06489582824435079  5.016229573617382e-05
                   3000     0.2240904929024504     0.7958214010664412    0.06006718845519931    0.06967258388255708  0.0001496644231844525
                   3000     0.7957919869776645     0.6353116938248802    0.06046987653084469    0.05671152611644631  4.779926703356769e-05
                   3000     0.6662056793425816        0.4235174705222    0.05494485975097717     0.0569330492218527   0.000489749128365008
                   3000     0.1685714769736801     0.9087695058552432    0.05660672889371229    0.05802763918290381  0.0006598360785064354
                   3000     0.7386477582415061     0.8496277350296797     0.0607537138822519    0.06731966184519277  1.081292882504969e-06
                   3000     0.5583496311806321     0.5513216408543139    0.05812931665868611    0.06117373788457578  0.0002695374359502649
                   3000     0.7074255347251892     0.9886502623558044    0.06600787089643007    0.07540346677371647  2.722128874533829e-07
                   3000     0.5509766274715552     0.9816042381548913    0.06235285825335318    0.07031286651399429  1.328088932004938e-06
                   3000     0.3434027916246503     0.9314483402287864    0.06003449739513783    0.06774464721023704  2.215914311192362e-05
                   3000    -0.5066366561577919     0.7107811262271032    0.06185166990268449    0.06368878800953386      24.60725129792907
                   3000     0.5075708276919831    -0.1307331656345975    0.05706789728376596    0.06299861023170338     0.1976224300174846
                   3000    0.09699033723775408     0.0140511044348552    0.06243718425966071      0.060270867232977     0.1114492360203179
                   3000   -0.04519230464141297     0.3474041631542479    0.05563046552839299     0.0555928091565981     0.0150436227030209
                   3000     0.4396887324966745    0.07676883928885561    0.06695022216416803    0.06048002984244213    0.02411868606928228
                   3000    0.09191642701625824    -0.5749800801277161    0.06504395113648288    0.07361489952234121   0.005017479145005075
                   3000     0.7032273540741399     0.3375117086680572    0.06043719611002821    0.06294814370622087   0.002304654886417532
                   3000     0.4623917156911508   0.009764782692796053    0.05972143601094322    0.05756519719665491     0.0529347244395748
                   3000     0.8964830780471278      0.284731397806398    0.05811664943011093    0.06067826110364344   0.008073815986434568
                   3000     0.3995004224289123     -0.186312243967568    0.05670903828365079    0.06261534788971926     0.0830782643982696
                   3000     0.2401832635707161     -0.240197366752644    0.05763210239880772    0.06224586859261623     0.1191375497032988
                   3000     0.1580800160371873    -0.4746268499314641    0.06200642099987064    0.06338692915661807     0.0397835538072364
                   3000    -0.1871607005596161    -0.7903175950050354    0.06456982951021506    0.07135643550102881     0.0234174780063531
                   3000     -0.244157040696034    -0.2065796194263291    0.06184667421381321    0.06652841635709617     0.1950794781606086
                   3000     0.4153832793235779    -0.4740617275238037    0.06442546490035149    0.07113069828481247  7.004218708845453e-05
                   3000     0.6151779445006746    0.08025512526776594    0.05860562457371956    0.05765071361237094    0.07722157216619333
                   3000    -0.3890673026999654    -0.3967659595445032    0.05463026654976762    0.05467903133647344      3.429057191135511
                   3000    -0.6538725181080901    -0.2135898102180536    0.06012101186725715    0.06259759484189045      10.79707845400147
                   3000    -0.9235597848892212    -0.1008762493729591    0.06449353797376893     0.0689245855859561    0.02455143860515641
                   3000    -0.6798456763009056     0.1347348568389043    0.06447898295711613    0.06072065593559094      2.157393160077717
                   3000    -0.3717368304011963    -0.7890199413911765    0.05443940242463076    0.05484557446115541      45.32071965772883
                   3000    -0.4132736833043342    -0.5897486597739233    0.05898392282769167    0.06738796248477304      33.25406096908498
                   3000    -0.9315178990364075    0.07877162098884583    0.06511119136162857    0.06604941783358474    0.04159703447969497
                   3000    -0.3835189681606084    -0.7120952500941213    0.06725970075279132    0.06933730626172167      42.36521076458335
                   3000    -0.1000598640652038     0.6630144672225867    0.06090999052452779    0.06389937128622114    0.06089108630408643
                   3000    -0.5971991055508695     0.5896502419168885    0.06016234488731247    0.05750133233890121      11.04635020296386
                   3000     0.1502548451127536    -0.1077178334437743    0.06360368793472089    0.06102616672975478     0.1170309184505411
                   3000    -0.3050668532155052    -0.6836882238979322    0.05594271508044158    0.05856834201910124      7.532653897907376
                   3000    -0.5735983767476068   -0.01749714145686531    0.06611106975173887    0.06259689720221585     0.4534536409485573
                   3000    -0.5603126436228129    -0.8242899304589634    0.05809409683613655    0.05938247362122773      11.93879027523116
                   3000    -0.9133556854948531     0.2230919959353362    0.05569333719173149    0.05733283307879351     0.7282777193646006
                   3000     0.1047556065127126     0.3868862613433361    0.05688406657072629    0.05854105922249864   0.003180849556044998
                   3000    -0.3437221402217663     0.7796919566960797    0.05382396769854387    0.05717772542378634      16.67896799399816
                   3000    -0.8476653695106506    -0.7687481641769409    0.06334428237255736    0.06360109833031229   0.001078518123559364
                   3000    -0.8891567589523123    -0.6314235610309333    0.05557521647954227    0.06304809296032546   0.005707045270890063
                   3000    -0.6511602997779846    -0.8430355787277222    0.06251589566379248    0.06345895056645183      1.335715690054685
                   3000    -0.6301797655135596    0.06159115937732239     0.0598901603065184    0.06044209195866078      3.220106897767496
                   3000    -0.3288178741931915     0.9395237565040588    0.06108767717342907    0.06431803725342995     0.2778978733929606
                   3000   -0.04976828708326517   -0.01668656281842073      0.055652292031707    0.05746749440696183    0.03958286109344618
                   3000    -0.3863726933892264     0.3830763447611361     0.0565779874153752    0.06363305841160513     0.5345255078843163
                   3000    -0.0321988837422861     0.2064477946627792    0.06458412684634307    0.06198244192626821    0.02589152954988721
                   3000    -0.1800898307393957    -0.3016529473965285     0.0570165391920927    0.05829594979282153    0.09532455928559165
                   3000     0.7639163694793206     0.2567426437363445    0.05215102538564818    0.05368715550796014   0.005972282070717715
                   3000    -0.7561387991301559    -0.1495111572525803    0.05609803625617334    0.05809424414765722      1.747675725486897
                   3000    -0.5711660509424378    -0.5266290217871742    0.06103486578997271    0.06349228115986318      4.621562824891883
                   3000    -0.4212055262959007     0.8888101411455356    0.05953640762222968    0.05997427558273751      5.378520325426111
                   3000   -0.08325198292732239    -0.6498697996139526    0.06102232648181553    0.06280879466951152    0.01359933641868539
                   3000     0.3317320389395229     0.3045210107235637     0.0591784697236502    0.05895613938562881   0.001189441046204781
                   3000    -0.2352987747083909    -0.4497945578433855    0.05660614970940157    0.05899042152094065     0.5345129232850356
                   3000    -0.8161008702410353    -0.3829826753116709    0.05848447992175092    0.05961737606347174    0.04124159238293781
                   3000    0.01358505004613545   -0.09827766266787247    0.05875238910630545    0.05893245421414096     0.1613157967402534
                   3000     0.5369427174748612    -0.0569392394975625    0.05657417460142729    0.05754661717880266    0.08987394904642373
                   3000     0.6977809453136277     0.1375785749888302    0.05865597397831215     0.0645343930596054    0.09425306112111005
                   3000     0.8446384072303772     0.5398553013801575    0.06114635780055019    0.06134169923592633  3.634151424100683e-05
                   3000    -0.5010581095651367     0.7982700725374977    0.05787961604742982    0.05930793280752487      45.26960107818537
                   3000     0.3560447570432921    -0.4440806875669767    0.05663777181065501    0.06017855636578927    0.00223448386031833
                   3000     0.3391602148122714     0.1681181680162423    0.05785551447685405    0.05696296744134792    0.01955397901487402
                   3000   -0.07705192463636822      0.511957333207448    0.06016268155283187    0.05739161607757478    0.04285804968286432
                   3000    0.07446765154600143     0.8957152366638184    0.06049424364538405    0.06039182657793733  0.0001422705673061178
                   3000    -0.4528012676233866     -0.943413996893177     0.0534286013667459    0.05616301945922911      8.888485944070791
                   3000    -0.1072431805774146     0.1125034481772052    0.05362425418460785    0.06047371228176691    0.04932409903116981
                   3000    -0.1461492776870728      0.402631014585495     0.0608396325395832    0.06075115723985736    0.00826053931658571
                   3000   -0.02340100000165067     0.1128748551689125    0.05523955397697842    0.05902865662562622    0.07589436518347381
                   3000   -0.04466324335124748     0.5828414612478637    0.06154516394800822    0.06035199539474931    0.03400789530121748
                   3000     0.1309078166866017     0.5855072793052888      0.058373525923689    0.05783960786309242   0.001220478638156046
                   3000     0.3677272518136609     0.6689021926204655     0.0546636966297943    0.05961623802077849  0.0002530885972648693
                   3000    -0.6828273704538289     0.2163757961781493    0.05875537593543143    0.05853764777652617      3.129576528029378
                   3000    -0.2526791990511872     0.3222505525547455    0.05689261675758029    0.05866621805731642     0.1093477363841843
                   3000     0.2319430556299335     0.4945415750738274    0.06479856832765429    0.06065684833859282  0.0002544360271760896
                   3000    -0.1402823087469365    -0.5391063796430737    0.05771647499746299    0.06047471555516502     0.2565888897588688
                   3000     0.4905973194881018    -0.2224804307638797    0.05708015968764416    0.05935732157243045     0.0406377960216646
                   3000     0.3903780600535921     0.3372514294168844    0.05555683661609696    0.05412695324670194   0.001035989397762745
                   3000     0.5323128778454838     0.7535498524330535    0.05397075538908726    0.05647911162834347  1.429497529571829e-05
                   3000     0.6522293094493187      0.542167661890698    0.05909901655878259    0.06298878497471534  9.125130538703826e-05
                   3000     0.8855079412460327     0.7429639101028442    0.05941655593171519    0.05989180522093247  1.415310557337674e-06
                   3000     0.4356314524602456     0.6429560659230068    0.05387488331244147    0.05368508834074977  8.552483850970613e-05
                   3000      0.583298978183832     0.3734401601391167    0.05489355076231408      0.053653969376884  0.0006294145450704185
                   3000     0.7014294341780142     0.5929803525866878    0.05930678311866233    0.05631656538494709   6.03341058726445e-05
                   3000      0.314030156530828     0.9874980858077465    0.05642553374931083    0.05732408795940115  1.694023401981647e-05
                   3000    -0.1842849247977618   -0.05423767286676077    0.05589517464318753    0.05841738010847534     0.1115748713783764
                   3000     0.5428708802744506     0.1484884847308168    0.05664593265284225    0.05803843370270945    0.01525660525731552
                   3000    -0.2437894188718834    -0.5422671196301939    0.05653121679348777    0.05666850035483666      2.059790054491982
                   3000     0.6078498374824522     0.9246673836632388    0.05545120710608406    0.05837243728240621  2.160593714415996e-06
                   3000     0.5424309915902477     0.2989379024467895    0.05780906676718121    0.05566161335194907  0.0008181175973814728
                   3000    -0.1420272827341555     0.3308209323542875    0.05787019274171301    0.05972733567749645    0.05838190191735742
                   3000    -0.0113334523425971     0.8642309835877671     0.0537170844112496    0.05609163568842208   0.006886810377535591
                   3000    -0.2243506875616694     0.6718959586237452    0.05573295048781086    0.05783016318192737     0.6456007849236055
                   3000     0.5652433037757874     -0.272822380065918    0.05661815175747456    0.05805158485194371   0.006241484196737272
                   3000    -0.2924696823751521    -0.5060209120179338    0.05440879285815615    0.05537893851404865       2.33196569954697
                   3000    -0.5195568203926086    -0.2328770756721497    0.05636614551555495    0.05779764841421154     0.3895827239941242
                   3000   -0.01167667401075791     0.4808369017726984    0.05822851112817372    0.05716659288963492    0.02327352643712467
                   3000    -0.2358486371921903     0.5113675522091747    0.05412862637646749     0.0573715220046181     0.2072467130307433
                   3000     0.1704218983650208     0.6768321394920349    0.05522610758251932    0.05679911703938208  0.0001428744903835367
                   3000     0.2766315042972565     0.0203305259346962    0.05520308133481613    0.05682612782240581    0.01496321830449752
                   3000    -0.3938855510216658     0.2869808336917346    0.05754472917836478    0.05609158155951875     0.2044949291938424
                   3000    -0.3634685272221725   -0.02904893930925858    0.06350361985813738    0.05594847371459338     0.2186041255366414
                   3000    0.09031036016511429     0.7491157628967139    0.06041132251395117    0.05793444188462443   0.001871162829734846
                   3000     0.6951460155894048      0.267285693270968    0.05384230386125406    0.05547465924714078   0.006599303146349322
                   3000     0.1631859689950943    -0.5420134663581848    0.05496522071553175    0.05683238124066586   0.005897730469731984
                   3000     0.1007804052534946    -0.1640206467207037    0.05596317545839767    0.05531013091462962     0.1287038635809934
                   3000      0.443692436883277     0.1610567447984828    0.05806850745377736    0.05808287005124652    0.01629284113958203
                   3000     0.8192496150522227     0.2097964540194152    0.05614832572678707    0.05402017177650471    0.01917852533731572
                   3000    -0.2944992665837657    -0.1029575134683896    0.05615838390428844     0.0555544725655296     0.1642182511075774
                   3000    -0.2012032067273189     0.2375490720042427    0.05568252696299827    0.05828417309943207    0.04154768070933557
                   3000    -0.1840617040882129     0.5864335202513082    0.05337371364198656    0.05610860655158278     0.2204812120619766
                   3000     0.2253860831260681    -0.4058833122253418    0.05487907668224765    0.05618900482502478   0.006833602586470824
                   3000    -0.9290795922279358    -0.1716822683811188    0.05456439558372441    0.05639401032276758    0.03971631060089528
                   3000     0.5076352971037449       0.49597497912996    0.05431364629200464    0.05600512318092359  9.302908789117748e-05
                   3000     0.1074572502854656    -0.4357758407543745    0.05272319307275587    0.05357473276943559    0.02883135618648242
                   3000     0.1954843401908875     0.2366576790809631    0.05492281506478171     0.0561779168916697   0.001844578900926059
                   3000     0.1257857681558279      1.034482519419929    0.05530057650734107     0.0567164813739953    0.00120594585628697
                   3000    -0.8768706032081439   0.005969584189614062    0.05978868209266459    0.05535693466006586     0.4549506813227706
                   3000    -0.5140046027605852     0.3514304611896159    0.05318402069514122    0.05431868153239871      3.552297279240438
                   3000     -1.135863661766052   -0.01331000868231058    0.05484019248843656    0.05635294624814995  8.659685994496589e-05
                   3000    -0.4367225854250789    -0.4701398676778939    0.05997482750255373     0.0549239133767053      10.42670403448141
                   3000    -0.3038277435387507     0.6834093517243505    0.05576009698551992    0.05932198596812777      3.080976942967334
                   3000    -0.4542008415625413    -0.1400564554367212    0.05332438880493292    0.05454937561737438     0.3142785665472755
                   3000      0.332700174429894    0.08323353985747774    0.05477480982428156    0.05824196872536976    0.02199519918346847
                   3000    -0.6950886249542236    -0.6350155472755432    0.05474396740747586    0.05620315828535979     0.3435132741802581
                   3000    -0.7230439746201525    0.04086775392139835    0.05426574397089173    0.05526129459543204      1.121818173187976
                   3000    -0.4883329012278996    -0.8991097539170563    0.05444110578621641    0.05836395692661084      16.69450388005337
                   3000    -0.1095501007789422       1.01911805634779    0.05519228650996387    0.05598815741509048   0.001066418806575874
                   3000     0.0353022925555706     0.8298566937446594    0.05408189669550827    0.05612276411381766   0.001057217405029848
                   3000    -0.0739413991479576     0.9241759918546193     0.0541117618633223    0.05635964858171996    0.02462139445892898
                   3000    -0.4497385323047638    0.01168471481651068    0.05376695009555832    0.05602376640442023    0.08608378496093909
                   3000    -0.4876803742884622    0.06586103311502568    0.05299231319138446    0.05542961749086062     0.2389012807356806
                   3000    -0.9695056080818176    -0.2707770168781281    0.05323398055604931    0.05581023340479024   0.004206823858506123
                   3000   -0.09266176074966917    -0.2184001265205934    0.05397053853168447    0.06163213094680425     0.2100177800866535
                   3000     0.4136085480821641    -0.1123504290377794     0.0561245466232445    0.05432843075200845     0.0604452016088926
                   3000      -0.50053471326828      0.272044450044632    0.05335408842267563     0.0557041726159504      0.860201769877586
                   3000    -0.5911592682053685     0.1590226658323076    0.05767363808778925    0.05527751040469213      2.888562258879447
                   3000    -0.3479166357227104    -0.3020343911310163    0.05653823092293433    0.05591637892882784      1.043661167599862
                   3000     0.3550150692462921    -0.3522194921970367    0.05317541082613619    0.05534829898892627   0.004135207460209489
                   3000    -0.9815629720687866     0.1973840445280075    0.05316764301531125    0.05537511546963602    0.04296569400748818
                   3000     0.6625288658462806    0.01008189320735491    0.05284955915321718    0.05484797498463082    0.08959571196074811
                   3000     0.1613820060030078    -0.2138019379440296    0.05732881366353009    0.05539006831834931    0.08677753142678697
                   3000      0.439273023088863    -0.2754132668122676    0.05241568529690706    0.05502126906598569    0.02778465588533827
                   3000     0.7125778198242188    -0.1638266146183014    0.05298159018446096    0.05497095475925404    0.01352697090674904
                   3000     0.2512662761460273     0.1877008538874938     0.0526525341056998      0.055794153105265    0.01100666343509814
                   3000   -0.06453276425600052    0.05176432803273201    0.05294794032781099    0.05464097420634091    0.01444291757898286
                   3000  -0.005962629210594871    -0.4548366545243525    0.05384314327354427    0.05596829657981806     0.1449292575116578
                   3000    0.01897091418504715     0.3893466889858246    0.05285003219977593    0.05446389816580775   0.004849413826844211
                   3000    0.04867264183073267     -0.333453901519691    0.05233396170391083    0.05796295610037502     0.1074576252472504
                   3000    -0.5033209919929504      0.622438907623291    0.05279925832557179    0.05433693610592234      4.145458097094265
                   3000     0.4047074019908905     0.7391800880432129    0.05289433948697507     0.0543796326532722  1.661296405593595e-05
                   3000     0.5062327996338583     0.5863604139627308    0.05257874977423947    0.05789774429756445  0.0001977270464877804
                   3000     0.3925685286521912     0.9840809106826782    0.05289872800752511    0.05436652133623028  1.063152327436884e-05
                   3000     -1.031681180000305    -0.4394094049930573     0.0529177118304822    0.05441538975552513  3.093253290340424e-05
                   3000    -0.3494905829429626     0.5641885995864868    0.05287614535263244    0.05434746324860658     0.7267043097892555
                   3000    -0.8477045297622681    -0.5820504426956177    0.05278349156828093    0.05443253632587075   0.006785008932584866
                   3000    -0.8900776505470276    -0.3290017247200012    0.05282201115782421    0.05441949650601867    0.01083804616995863
                   3000    -0.6338245484453202    -0.3940003415488806    0.05295527125206942    0.05467457033896801      3.398495793965732
                   3000    -0.2471892339055687   -0.06666266642011166    0.05500927512228732    0.05498556167915736     0.1343842736915428
                   3000    -0.3927277326583862    -0.8739696741104126    0.05269731051104345    0.05475682042332646      16.19048210650372
                   3000    -0.5166419744491577     0.2038780450820923    0.05266960691259729     0.0547416576406483     0.7599531039998102
                   3000    -0.1856337934732437    -0.2369501143693924    0.05229310265140355    0.05453315354340316    0.08501718505266281
                   3000     0.8545276642582131    0.01970868964880479    0.05260202691627185    0.05447070397990066    0.03564854282528925
                   3000     -0.160522980718191    -0.1487509227337945    0.05479527365787743    0.05436734330644948    0.09190055554478244
                   3000      0.232765331864357    -0.1576173901557922    0.05236275888485841    0.05434861178579348    0.06988679181957518
                   3000     -0.668029248714447     0.6411329507827759    0.05223993861535944    0.05420773153763871      1.098568070320268
                   3000    -0.7273487293821571    -0.7075626949199342    0.05184222215285664    0.05400604236072423     0.2026111384158071
                   3000    -0.5333683787357638     -0.594686668999548    0.05568875864282401    0.05652103945396237      18.78399550240712
                   3000    -0.4273227155208588     0.2129655480384827    0.05173707426056216      0.053769037523136     0.1777612664897758
                   3000     0.1647887199281495     -0.395060203439917     0.0513849880870015    0.05347902352120448    0.04045705734058909
                   3000    -0.2989373803138733    -0.7711260318756104    0.05170301127261077    0.05328705944707832      6.668088534020955
                   3000    -0.9542426466941833    -0.4359606802463531    0.05199264337426122    0.05357091807761921  0.0009380658347609621
                   3000     0.2957731485366821    -0.3686180710792542    0.05206194162789073    0.05366678419892167   0.008922699014580614
                   3000     0.7187181711196899    -0.2305463254451752     0.0519320803636262    0.05378932613206319   0.003466044301524402
                   3000     0.6068704724311829     0.8390117883682251    0.05240357149881265    0.05415489400561082  1.065187880946829e-06
                   3000     0.3163659804632071     0.6197468493948547    0.05205615131456698    0.05429192031504788  0.0001981140585997262
                   3000     0.3458719849586487      0.828450620174408     0.0522356184200938    0.05402957556306463  2.724619256953566e-05
                   3000     0.6593204736709595      0.802000880241394    0.05220905364917468    0.05400498656756801  7.741619295980908e-07
                   3000     0.7857176661491394     0.9624012112617493    0.05203263835567008    0.05382249685568766  2.745848358619398e-07
                   3000     0.3859178423881531     0.2195329368114471     0.0519704405310537    0.05386356713019758   0.003722843226310708
                   3000    -0.6272226572036743     -1.028005123138428    0.05204435815817313    0.05396989917042865    0.02895680133871134
                   3000    -0.4591806828975677    -0.7377415299415588    0.05240858760205621    0.05415227316815854      28.36084877217836
                   3000     -0.671535849571228    -0.3061122596263885    0.05243216193133974    0.05422062675209719      1.040079335738307
                   3000    -0.5642995238304138    -0.1050159856677055    0.05247047380062964    0.05418677208962334     0.3052283215570395
                   3000    0.05088454112410545     0.4689234495162964    0.05246993651679531     0.0541638030809067   0.004924205762629403
                   3000    -0.4097847938537598    -0.3160117864608765    0.05249280519918558    0.05411906572212175     0.5175436880656117
                   3000    -0.4694439741577997    -0.5432445170630749    0.05302656450556657    0.05485654133358544      17.01424685232013
                   3000       -0.3911152780056     0.4752605259418488    0.05239284223895746    0.05406330205267764     0.4373555644488937
                   3000     0.6455392837524414    -0.3359893262386322     0.0523993332627803    0.05402176778525607  0.0005060068319706485
                   3000     0.9472301602363586     0.6023663282394409    0.05240508313472292    0.05391797852933641  4.062566072871243e-06
                   3000     0.4034150625889961     0.8822753621256466     0.0518233287437198    0.05485537772683042  3.026410240519103e-05
                   3000    -0.6724909543991089     0.7870063185691833    0.05236659171363289    0.05385201577893581     0.1877662846658242
                   3000      0.326873391866684   -0.08812090009450912    0.05234612219404105    0.05375848793324072    0.05315304011582053
                   3000    -0.6883598566055298   -0.03468487411737442    0.05205666916940598    0.05348304816573522     0.5418829080765207
                   3000    -0.2131641209125519    -0.6131116151809692    0.05191303248033309    0.05333589548794787     0.4111031814701074
                   3000     -0.765034461395127     0.3281533913948656    0.05248325952444914    0.05737033519467965      1.523812772701774
                   3000     -0.386178880746551     0.6292632721336612    0.05347887293947296    0.05292431811924118      3.296825335600722
                   3000    -0.7257680892944336    -0.5716271996498108    0.05160561523664692    0.05300737395328684    0.08872454881493876
                   3000    -0.2775568962097168     -0.378233402967453     0.0516008786866774    0.05299056627664795     0.1716694421332437
                   3000    -0.7145934700965881     -0.338776022195816    0.05158240454506786    0.05297627469369352     0.4713088362937443
                   3000     0.6357074379920959     0.2058425545692444     0.0516144382720622    0.05297898983306903   0.006323876291411191
                   3000    -0.1758309900760651    -0.4352096915245056    0.05148749672562816    0.05283124057271223     0.1367013279989469
                   3000    -0.6298513412475586    -0.5914736986160278    0.05146524653461512    0.05280279362734887      1.758513223344536
                   3000    -0.2199802369094665     0.4085061021277646    0.05126397216209726    0.05766560374386154    0.05534808887699337
                   3000    0.07086411863565445    0.08490671217441559    0.05137041262710131    0.05283107263555398    0.01821930355138469
                   3000    -0.5182217955589294     -0.337355375289917    0.05134283369427385    0.05277935852208024      3.113259288180604
                   3000    -0.5496544573671653    -0.1675815618722533    0.05660815343962855    0.05264034010555213      1.185496162086371
                   3000     0.1793945729732513     0.4270676374435425    0.05132935583559656    0.05276226610309278  0.0007816730225839957
                   3000   -0.01864247024059296     0.7966508865356445    0.05126587625958998    0.05272497215842508   0.003398476984911063
                   3000    -0.3561689257621765    -0.5382913947105408    0.05117163113870081    0.05259509861343967      3.135009777255971
                   3000    -0.8293606668978152     0.2806823046839614    0.05107524888845664    0.05344678016093533     0.9128941217155151
                   3000     0.3092294037342072     0.2419251948595047    0.05108131662940441    0.05251177519487051   0.003284223453661865
                   3000    -0.7446679472923279     0.1121789515018463    0.05091679855958021    0.05231037688654169     0.6058475373011233
                   3000     0.3031129539012909     0.4348154067993164    0.05088504513674663    0.05222591083471308  0.0003394110951110702
                   3000      0.545600950717926     0.4470349550247192    0.05092083066636192    0.05220233934649047  8.890534381564771e-05
                   3000     0.5071240784555864     0.4062449150179763    0.05121101598380932    0.05202570543894541  0.0002482288106899786
                   3000     0.2050069719552994  -0.001640706905163825    0.05095155185385965    0.05208078640101491    0.04157197330670925
                   3000    -0.5449303388595581    0.07618454843759537    0.05103544106584636    0.05203467461801951     0.3904511481082447
                   3000    -0.8507726585711823    -0.2580768703545464    0.05148733124733937     0.0565689679836426    0.09091327015022807
                   3000     0.7715020775794983     0.3458553850650787    0.05114038565101658    0.05193467932876617  0.0008679628524497088
                   3000    0.07853943109512329     0.2439190298318863    0.05108582746745235    0.05188875282468005   0.004817035294238827
                   3000    -0.4785252213478088     0.4143697023391724    0.05083523131573542    0.05167389948144829     0.9321125238132476
                   3000      0.013140550814569    -0.2638720273971558    0.05075016674330448    0.05172025669331441    0.04885993465963995
                   3000     -0.364692747592926     -0.245850458741188    0.05075099609759921    0.05170812911347234     0.2236552938613789
                   3000     0.3399795889854431      0.536482572555542    0.05085088537235779    0.05165065586097993   7.61158469457262e-05
                   3000     0.7596608996391296     0.4186781048774719    0.05090636425565247    0.05166902503535144  0.0003904665926911302
                   3000     0.2539834380149841     0.7196256518363953    0.05086422435682796    0.05159342970098122  9.639693656049388e-05
                   3000    -0.3092025518417358    -0.2128900289535522     0.0508527057406037    0.05159169808511763     0.1334801255910845
