#! FIELDS time tica_cv1_17 tica_cv2_17 sigma_tica_cv1_17 sigma_tica_cv2_17 height
#! SET action OPES_METAD_state
#! SET biasfactor                       4
#! SET epsilon   5.176336619919723e-10
#! SET kernel_cutoff       6.539381215389747
#! SET compression_threshold                       1
#! SET zed     0.01393815482809083
#! SET sum_weights       17438.14791581616
#! SET sum_weights2       193747.1880718645
#! SET counter  4992
#! SET adaptive_counter  2500000
#! SET sigma0_tica_cv1_17     0.00013441730344505
#! SET av_cv_tica_cv1_17   0.0001366729880530843
#! SET av_M2_tica_cv1_17        1.03046675356084
#! SET sigma0_tica_cv2_17   0.0002709493236406642
#! SET av_cv_tica_cv2_17  -0.0004153080707799694
#! SET av_M2_tica_cv2_17       2.193932383178215
                  95000 -5.237955735143072e-05 -0.0003354249323817846  0.0001138133480010851  0.0001714794357173846      6573.531290789796
                  95000  0.0002344560575203914 -0.0003942675176879034  0.0001114048775455462  0.0001772255232987421      1453.756063098309
                  95000 -0.0001737207724136127 -0.0002331675492644482   0.000110555423229194  0.0001770368469640704      2800.131315182512
                  95000   0.001562057786088913  -0.002099367454184581  0.0001179587696805285  0.0001722136561760914     0.5921256758877529
                  95000  0.0001842650914424841  -0.002212795902214358  0.0001053312966220652  0.0001448065428062526   0.001173260924807795
                  95000   0.001758374823932618   -0.00132555449252012  0.0001413465726646433  0.0001850399604817344     0.7616492157405946
                  95000   0.001918904474216586  -0.003301443906496376  0.0001253203188616837  0.0002001467064988101  0.0001047724953963758
                  95000  0.0008919330646396732  -0.001292305083594596  0.0001191411903736592  0.0001804537740124644      13.45260278689051
                  95000  3.921088680244597e-05 -0.0008431947043329002  0.0001160423824707765  0.0001778860700862951      2993.941511791673
                  95000  5.539228367174762e-05 -0.0005369403148166731  0.0001149986903118057  0.0001717341564722398      6196.310440618314
                  95000   0.001631945147201905  0.0003167371906995955  0.0001259122162491326  0.0001816954540483617   0.005154886956274101
                  95000  3.641388319381073e-05   0.001659920434774339  0.0001111090097708484  0.0001973887837411398    0.06751523005209659
                  95000 -4.235671997567923e-05 -9.643548284896408e-05  0.0001157526415901607  0.0001702450668020021      2468.474402278964
                  95000   0.001080414731358355  -0.001333595016290686  0.0001243985604391129  0.0001934074009079237      9.268164583272787
                  95000   0.001435603318600949 -0.0008518064345655991  0.0001191509996058641  0.0001684667368695839     0.5508422921702221
                  95000   0.001717741797015186  -0.001835422795715986  0.0001283288101963328   0.000186728039384267     0.6535454629329599
                  95000   0.001331589023180949  -0.001693616919074359  0.0001193443141855909  0.0001797957904610415       2.72510879762736
                  95000  0.0003490118546639276  0.0001585625400217911  0.0001182462118313952  0.0001665490690799475      27.48006924505636
                  95000   0.001504986619337212 -8.638783435634455e-05  0.0001260721772949752  0.0001955596044033618    0.02227668346703187
                  95000   0.001174191132772218   0.001918263332446289  0.0001159551984061118  0.0001936734871916626   0.003749004560614782
                  95000  0.0006487718601776085   0.001864556015540955  0.0001047489571877986  0.0001525812041416382    0.05457107497761206
                  95000   0.002209997580311551  -0.001377431167696616   0.000118706854868703   0.000167833801142992    0.02310127241346056
                  95000  -0.001083605369936171  0.0007484882065899547  0.0001126309260289279  0.0001664435333495402   0.001237707322635512
                  95000   0.001241565042012328    -0.0012265587173029  0.0001153025703821165   0.000181325494815142      3.790599334297168
                  95000   0.002512764459692384  -0.001974812429077814  0.0001377547673532519   0.000209314831116916   0.001617950038465391
                  95000  0.0002940375120857483 -0.0007348298054549615  0.0001109465742248964  0.0001730593855331782      385.8390546682236
                  95000  -0.000128865730677539  0.0008331179691603588  0.0001160637449932615  0.0001688582101083278      4.417871331688874
                  95000 -8.187507171093307e-05 -0.0006326873903352635  0.0001152467329831883  0.0001796254935999113      3151.038943701955
                  95000  9.301651311028475e-05  -0.000321006283790228  0.0001104037234002565  0.0001655338339143752      3609.778021728731
                  95000  0.0001202042999786484  9.250579109797407e-05  0.0001095131389564843  0.0001655496223483948      279.8008584480039
                  95000  -5.03508547604647e-05  0.0004259929090836014  0.0001122759793099593  0.0001621593610311752      90.33601566452838
                  95000  0.0001217105798108851   0.000389419466738151  0.0001112482961717213  0.0001669633318605004      47.93987838963596
                  95000  0.0009076554322603586    -0.0016350982641308  0.0001174253685604216  0.0001757608280102622      1.384162409283828
                  95000   0.002093746932030535  -0.002404588984877773  0.0001212415219903023  0.0001708760046774355    0.03291904719749245
                  95000   0.001765231797703505 -0.0007713246403015168   0.000114839003876585  0.0001972500063953751     0.1320409215437811
                  95000 -0.0003480730023773676  0.0007504744181537894  0.0001169589737078021  0.0001706603620637812       1.78019183128611
                  95000  0.0008398312608908333 -0.0009830935794000945  0.0001268188829298797  0.0001653224540573875      19.30203674653741
                  95000   0.001052779103268605 -0.0007396609358641061  0.0001200095661548474  0.0001700493665536584      1.009507106910261
                  95000  -0.001222805868902531  0.0001437926460493255  0.0001028851057843171  0.0001767359639418623   0.002335115910896325
                  95000 -0.0002836470835464129 -1.982362604475391e-05   0.000112491943076066  0.0001678033897336421      503.9320643412016
                  95000 -0.0002059708337764247  0.0005612592568892567  0.0001119587833381141  0.0001748538531298397      25.03728970783627
                  95000    0.00031784627729752  0.0005229602266220845  0.0001124134852012421  0.0001714924698109752      5.574707791323505
                  95000 -0.0002395243605866002   0.004556229516606615   0.000125629981365744  0.0002005580571186801        39.860710447335
                  95000  0.0001816947849095005   0.004269781431348258  0.0001178146481848214  0.0002419139818299543      83.73759206721991
                  95000 -0.0001042727723984999   0.004010668156385738  0.0001180355603320743   0.000225977437058393      60.64539807613941
                  95000  2.068482902395595e-05   0.004600592520976635  0.0001337996370130008   0.000230913725365503      94.11168528437621
                  95000  0.0001698538839821367   0.003648485775352491  0.0001243666192980141  0.0002241420393056859      50.56667370881653
                  95000 -8.909201956046981e-05    0.00323703655371293  0.0001216630652647152  0.0002453925703121124      31.00467257189066
                  95000  0.0009437468093301989   0.003170693948365931  0.0001168407741499496  0.0002375832961128622   0.007387647508153779
                  95000  0.0001815429145458091   0.002427277247253232  0.0001179181210890983  0.0002374144475003185      1.389387316999774
                  95000  5.380965674772386e-05   0.003909683045934341  0.0001190694261712625  0.0002396371478488218      94.41488689379864
                  95000 -0.0002093985676002186   0.005317874501775542  0.0001258899493451664  0.0002251563457496877      5.405234241415473
                  95000  0.0002180859833400073   0.005077403715482786  0.0001175676756349333  0.0001998980137827864       11.6806732467025
                  95000   -0.00035545346024225   0.003322070314978778  0.0001171984098546052  0.0002130910967344228      0.861408831451089
                  95000  5.837304548593059e-06   0.005176606511867288  0.0001194371116446915  0.0002141430386790931      20.98788384073274
                  95000 -0.0003705399343896249   0.004986713967885748  0.0001187409224702664  0.0002228922204356323      6.355017570005137
                  95000 -0.0002071705364764719   0.004234248188226467  0.0001245352944108492   0.000211605304872196      33.36714313701334
                  95000  0.0007893549179366205   0.004638060287313965  0.0001008077295605835  0.0001420815174856085    0.01389130433138807
                  95000 -0.0002356713097122459     0.0027693802170804  0.0001201068181009292  0.0002300050216969143      1.958881060994586
                  95000 -0.0005525263377369002    0.00389113127364105  0.0001239134273683086  0.0001860341693276655     0.8795284781667017
                  95000  0.0004585755502388496   0.005095162100174804  0.0001232654239302736  0.0002403032162872803      1.229429944509485
                  95000  -0.000262173047806537    0.00378233193282266  0.0001213799448062129  0.0002363774127661864      17.27891962066744
                  95000  0.0004357655687074062   0.002662217957844221  0.0001164721529234992  0.0001789056683845119     0.2584539957987643
                  95000 -0.0008575103460688365   0.004587740496469366  0.0001127796322301025  0.0002216530916822042    0.03799462986457278
                  95000   6.23098651872945e-05   0.005980727319931935  0.0001155183588271303  0.0001840818419084408    0.05407738448814292
                  95000   0.000365152791456301   0.004288959343445017  0.0001154653973918725  0.0002072123281778645      20.96207481457731
                  95000 -0.0005867959785235526   0.005046024811597103  0.0001110018633057696  0.0001963095488489531     0.6527391366726631
                  95000  0.0008982200602979462   0.002439272019065705  0.0001156840103605667  0.0002039196721315591    0.03447963886568488
                  95000  0.0008017260018405658   0.003695057853885051  0.0001131532013552982  0.0002073703929859558     0.1141392450649946
                  95000   0.001254798659824047   0.002353591785983678  0.0001065562856780524  0.0001612525930846722  0.0004917994515955448
                  95000  0.0003124311530466586   0.002165520621505045  0.0001221679373761169  0.0002153013979215049     0.4666988954974039
                  95000   0.001787103088298959   0.001752069924956908  0.0001147915617707387  0.0002236265541609833  3.610796766513159e-05
                  95000 -9.313828773354593e-05   0.004903857288579022  0.0001097006661832126  0.0001890051303610065      26.07066540917116
                  95000 -0.0002968647582831933   0.006287875661931587  0.0001015654652863797  0.0001398177043140231   0.009281038715653042
                  95000 -0.0006739196436737551   0.002073044435149631  0.0001176847478882529  0.0002202792985527766   0.005220852170440706
                  95000  -0.001279651786645796   0.004641803265961937  0.0001124235790591082  0.0002108481964281992  0.0003770456277750162
                  95000  0.0002527693773054782   0.001751894182639602  0.0001148396571819391  0.0002455709205821706     0.2128959029169524
                  95000  0.0004440282837505982   0.003877799752666207  0.0001151309955256321  0.0002147312852846454       7.10199435517521
                  95000   0.001095618589739022   0.004909914911471139  0.0001244338967788372   0.000242983823419613  6.590982858302306e-07
                  95000  0.0009832866913999192    0.00469216387361954  0.0001147939255766063  0.0002250151975610778   0.006728259373533305
                  95000  2.397201530194442e-05    0.00199144584458874  0.0001263141725254335  0.0002101722702802587     0.5546215251878214
                  95000 -0.0001544109925013866   0.006202417681526432  0.0001094026952126813  0.0001473001912713135    0.02477428438669917
                  95000  -0.000930932718913731   0.005722430290181481  0.0001144549264729144   0.000223979056477462    0.00679539808763193
                  95000  -0.001177069724022457   0.003661303101384708  0.0001026001167113807  0.0001473022474678753   3.08640663003497e-05
                  95000   0.001049183837930485   0.001685409183788489  0.0001121857715369681  0.0001921825319991548   0.002269848671980339
                  95000  0.0003283073561992612   0.003022582266948695  0.0001186607336069484  0.0002182257767204528      2.541846363897855
                  95000  -0.001478798565381771   0.002572264075419485  0.0001049048566608151  0.0001734057643548507  1.115746183993852e-06
                  95000   0.001296706425337865   0.004074097716632591  0.0001177492477613027  0.0002300939066963307  0.0004243417227914653
                  95000   -7.5205849169122e-05   0.002669543510914892  0.0001190451811471206  0.0002336956687921571      7.030826446643082
                  95000  0.0001411355594674842   0.002854531144824965  0.0001127062027612624  0.0001910093072022164      4.616804472205651
                  95000 -0.0003431236111739612   0.004029077159208153  0.0001099093400435616  0.0001850968615667039      8.545170514668751
                  95000  0.0005967837591420332   0.005772738996501574  9.969112895915209e-05  0.0001438615784973624   0.005662817839438224
                  95000  0.0006018546069582811   0.002516429121778773  0.0001087807674336009  0.0002072109638820726     0.1800598891668003
                  95000  0.0007194555193180832    0.00401502738708776  0.0001094104918207098  0.0001902784675846404     0.3386481428114692
                  95000  -0.001094527610066237   0.005145103017649623  0.0001028220771325939  0.0001548429460966264   0.001679881770427605
                  95000   0.001191431939766808   0.002771354378833976  0.0001230372979401984  0.0002150294150579899  0.0005482129440531579
                  95000 -0.0003854800782420478   0.006087277408871754  0.0001193226448772251  0.0002275623208511096    0.07387270063004406
                  95000 -0.0004038854339124623   0.005313073664977146  0.0001201592549179596   0.000185003280876866      1.540927824208288
                  95000  0.0008494398929196766   0.004291773725338279  0.0001061219173740712  0.0001905323746545989    0.01806660537242985
                  95000  0.0006427005053343192   0.003712151757888549  0.0001121992714083711   0.000218909109539132     0.6495679401395813
                  95000   0.001470583331721505   0.001315270691833002  0.0001171002490622573  0.0002145811155203063  0.0004507169781055555
                  95000   0.001288908221034921   0.001229512105436563  0.0001161649048202101  0.0001899620251097312   0.001600596505546154
                  95000  -0.001074543570418782   0.004398130773721976  0.0001237025043040052  0.0002469539484323952  0.0001307641640364082
                  95000 -0.0005571616078935298   0.004814963671686685  0.0001195064991036012  0.0001802184726921981      1.015825307501658
                  95000  0.0009888628926991853   0.004299678699310546  0.0001046108344640431   0.000153704214859888   0.007128724697599977
                  95000  -0.001345709290506192   0.005426413463341104  0.0001175563094399565  0.0002305654708816468  5.277705974456429e-05
                  95000 -0.0006931831386813247   0.003532462086763168  9.948795309435246e-05  0.0001533308506834594    0.02503517221776768
                  95000  0.0002870841025369611   0.003421504453521578    0.00012003726344733  0.0002175070647169512      16.49690818758207
                  95000  0.0008166797427034439   0.004947114816865288  0.0001120316507050875  0.0002199308984785761    0.02718833164491452
                  95000  0.0006649240299413207   0.004579362139035838  0.0001233712025529515  0.0002342183195860695     0.1524964989281264
                  95000  0.0006583775250759442   0.002112393791017967   0.000112293225548381  0.0002015992545218101     0.0680062126747818
                  95000  -0.000401612250017056   0.004654781536035375  0.0001081052611349899  0.0001919526030171945      4.451923386040879
                  95000   0.000478057941577862   0.001663686814626071  0.0001067692875348073  0.0001840925559793313     0.0410234106203177
                  95000  0.0006832793063211463   0.005025413718170156  0.0001225543239500612  0.0002602095347154086    0.01412253298706732
                  95000  0.0003428085682965278   0.002397199191385416  0.0001046111206855086  0.0001747519953519544     0.2635060757810076
                  95000  -0.000401230182945172   0.002610315741185594  0.0001074910801772523  0.0001545374263667039    0.09466104904652722
                  95000 -0.0004338351090455399   0.002373275074193695  0.0001184737569729786  0.0002175113585997488      0.022155409874786
                  95000   0.001709409866354689   0.002543378876951749  0.0001255130169076894  0.0002478766230697994  1.621457900861148e-07
                  95000   0.001885319455794921   0.002778981639059262  0.0001262366039753146  0.0002481028460703659  8.824570349864886e-07
                  95000  0.0004272755559109204   0.004611840255318564  0.0001119602820146527   0.000183970285147699      7.226654410482281
                  95000 -0.0005664995714985799   0.006152421180224016  0.0001095061761730817  0.0001791739662738989   0.005982155987364578
                  95000   0.001314107279134249   0.003411834739406333  0.0001101554509041115   0.000161481045498584  0.0001473111075457804
                  95000 -0.0007737663304398961    0.00576308997395326  0.0001078600869921381  0.0002127375409893177    0.00472189858706725
                  95000 -0.0006899579562464795   0.003264127698544163  0.0001167405285146235  0.0001974296564636311    0.03227352494558065
                  95000  0.0009415419257056951   0.004045786777135197  0.0001230684390217689  0.0002436396165139794   0.001674364967518975
                  95000    0.00024738971427239   0.004615645536069455  0.0001150223266077833  0.0002065067094224998      32.72869668174964
                  95000 -0.0005092806830657307   0.004498247360069537  0.0001178425939772766  0.0001850370529667887      2.127757090188271
                  95000   0.001803165396892436   0.002327307374175937  0.0001218179561916973  0.0002420778153134156  3.491540737217368e-06
                  95000   0.001411943181072224   0.004176619698242454  0.0001086791045800156  0.0001937138204431584  0.0002931484702850977
                  95000 -0.0005535335685704622   0.005731009696035202  0.0001139439714417928  0.0002004339648988029    0.02685033868466643
                  95000  0.0007778248326451447   0.001702049283002706   0.000112747629670049  0.0001994198325381898    0.02201181348105923
                  95000 -0.0002195140861376722   0.004805443775559174  0.0001196352907213455  0.0002181136725623033      18.43827257337858
                  95000 -0.0008237114551779697   0.005165069106284078  0.0001179851294269667  0.0002494167691412709     0.1034064854942264
                  95000 -0.0009383018021359373    0.00140059967439855  0.0001164828466607603  0.0002281391476215263  6.755995662847429e-05
                  95000  -0.000932518692922419   0.002446656519160798  0.0001061177460361885  0.0001925555951126314  0.0001502658982459378
                  95000  -0.000190180649250433   0.006865203482006176  0.0001183812028745761  0.0002344729054414734  4.245797619631769e-05
                  95000   0.001418466956724206   0.005370369273432822  0.0001156030365950456  0.0002232964534136707  2.617295644071345e-05
                  95000   0.001039586741630086   0.005254108886579103   0.000118194792966172  0.0002330540171391591  0.0004704725460727399
                  95000  0.0005880159010200206   0.002891004726259417  0.0001174908317845666  0.0002108285814617758      0.288654408169246
                  95000   -0.00200196169339469   0.003109546504911699  0.0001174803840257965   0.000230598765879053  1.459344746879268e-07
                  95000 -0.0008028663932689691   0.003875103545673537  0.0001173205085544488  0.0002300933034815789   0.009880920572805457
                  95000  -0.001889868462415859   0.005135536547945538  0.0001178595652479528  0.0002298559936448415  1.944202790029218e-07
                  95000   0.001563987996819329   0.002491432163757695  0.0001169815201591582  0.0002426240018562239  4.826088691710106e-05
                  95000 -0.0004949223698538064   0.002939309765633463   0.000116101056263631  0.0002104229267043299      0.133946609112052
                  95000   0.001240745732461264  0.0007237950197287837  0.0001094591642173243  0.0002067874936812709  0.0009078912773281609
                  95000   0.001745362975795899  0.0006113115186884184  0.0001055088427929388  0.0001728419827025679   0.001163033723798879
                  95000  0.0005452227332155699   0.004084346301408525  0.0001156922657453277  0.0002080447179939047      1.302013230620132
                  95000   0.000113121820245346   0.004836985311311861  0.0001223256354838259  0.0001976889454159293      33.88821874434219
                  95000   0.001724141621420817   0.005209783359708735  0.0001181853978161767  0.0002307168651964284   2.63631207350661e-07
                  95000   -0.00100146678226055   0.001770602543120175  0.0001182676243499058  0.0002309702031749253  5.326709746348219e-05
                  95000  0.0002321858318540923   0.003920492547244011  0.0001155666799448051  0.0001861022493860474      36.33040725811821
                  95000  1.724999249436856e-05    0.00428825861697593  0.0001122916292353633  0.0001819721883557727      42.19941836697448
                  95000  0.0003707180296099138   0.001835543346123671  0.0001125243556858559  0.0002012783752986879    0.07254932882654086
                  95000 -5.170859889985573e-05   0.003690320970820369  0.0001211993454666998  0.0001861744099598024      36.28031555739733
                  95000  6.861692278267785e-05    0.00312441710668956  0.0001119598400816444  0.0002084275509582951      15.60467804897594
                  95000 -0.0002794427599214601   0.002031110235070346  0.0001085552729748655  0.0001950053931486534     0.1028758570132707
                  95000 -0.0004013296404550147   0.001284775922404873  0.0001045728501906455  0.0001619808169875167    0.04139523603090799
                  95000 -0.0001851416346291973   0.005897995705829871  0.0001277375789261532  0.0001939879336049948     0.5100816948103741
                  95000   0.001379901510819066    0.00193319264542995  0.0001175976701281972  0.0002177613249011747  0.0009695225529700772
                  95000   0.001967499599730122   0.001849319655150704  0.0001126012240667088  0.0002216841591510645  6.621588033886766e-05
                  95000   0.002437960957483476   0.001542765983601621  0.0001157610991633326   0.000226534994874803   5.86059222072683e-07
                  95000  0.0004836086784367092    0.00219133651292504  0.0001143585087791386  0.0002158693468933331     0.2224727090185224
                  95000  0.0009379118910321748   0.001102943872365738   0.000107775378647412  0.0001734688860151209   0.003869919892593187
                  95000   0.001812367454129253   0.004690181508908401  0.0001163351739363897  0.0002273877707497199  1.636737097811286e-06
                  95000  -0.001432905647216568   0.003024698605251967  0.0001163923627432216  0.0002274416409643435  1.314595363087307e-06
                  95000   -0.00166006099829906   0.003802915820245885  0.0001152077567723707  0.0002257922344563087  1.921122596853959e-07
                  95000  -0.001802798963795194   0.004350935039488468  0.0001144877047516101  0.0002240170008732705  4.755537372137353e-07
                  95000   0.001573373884352997   0.005295376020797142  0.0001135476036182916  0.0002220604626234712  3.222555441587772e-06
                  95000 -0.0006407538120579378   0.004278015382718883  0.0001103432853012261  0.0001699064997891082     0.5106931768881842
                  95000  -0.001575312993831865   0.006214183639597948  0.0001135057400131986  0.0002227331065156186  5.538003517399635e-07
                  95000   0.001202650197245995   0.005129147399389259  0.0001132962855879986  0.0002223886274533347  0.0006231248090733215
                  95000 -0.0002994854449165504   0.005579267185178836   0.000112200248872402  0.0001879817182861642      1.124212825212698
                  95000  0.0009907706851111477   0.006074525522078566   0.000112866922685908  0.0002212418838016636  9.538856710165043e-06
                  95000  8.071562723042641e-05   0.003400932193981232  0.0001090693516937429  0.0001737609770582997      14.76739392279113
                  95000  0.0006528533204058475   0.001573577447819306  0.0001059933093288589  0.0001756068035124222    0.03092103260040213
                  95000  0.0007969952142176055   0.002050008058389305  0.0001094560618729203  0.0002022631996243043    0.02242847905096897
                  95000   0.002103712233847112 -0.0005360082625712876  0.0001052895073297984  0.0001631936288086194   0.005038290127921851
                  95000  -0.000912549726013338  0.0005859556236555496   0.000108333298092904  0.0001564087308770585    0.01223614278940126
                  95000  0.0006312755077781493  -0.000832659378936866  0.0001165749630730698  0.0001805576463090688      36.18397692231427
                  95000 -0.0006748522876392625 -0.0003495864728153573  0.0001111920614770586  0.0001640880186536874      1.022141161328616
                  95000 -0.0006473043823307477 -1.798859635772162e-05  0.0001099507576054066   0.000166704740343224      3.802321998143209
                  95000  0.0005678760539589413 -0.0003573286949587765  0.0001140011933952569  0.0001747758548761416      36.59702669206207
                  95000  0.0007596940441912065 -0.0003957836129430325  0.0001171363625691362  0.0001794489163865072      3.888202335081458
                  95000 -0.0008229081009703108  0.0001786196786848288  0.0001097431757656762  0.0001685929779332272      0.327488644607394
                  95000  -0.000174038428410479  7.589042452966899e-05  0.0001113945196916671  0.0001738401580419533      429.6379564020468
                  95000  0.0007720336352466457 -0.0001692760840661445  0.0001199151922569855  0.0001842696950995471      2.678143061946984
                  95000  7.396089915875035e-05  0.0006109490615527727  0.0001125749155261173  0.0001631707657909528      15.14882245161757
                  95000   0.000830575734050907 -0.0007301062038088465  0.0001094970136401103  0.0001719714298232038       4.18810229266612
                  95000  0.0006226600568681993  -0.001089722154293047  0.0001125664767832199   0.000176910850509728      19.78051964538039
                  95000   0.001732101698340747  -0.002390785378589735  0.0001172513065761636  0.0001713817219757315     0.1176325724894447
                  95000  0.0004132650812956621  -0.002617477995676095  0.0001043611108409306   0.000143114535003574  3.496626844160972e-05
                  95000  0.0002994372127220588  -0.002028771520077317  0.0001104930145654978  0.0001592896719117694    0.01037963877867171
                  95000 -9.235642771061907e-05 -0.0009570769825965154  0.0001131264187594325  0.0001711356269495686      1561.561088624288
                  95000   0.001395740803194748  -0.001925500295042223  0.0001149413829057197  0.0001635995900747652     0.8767544556768674
                  95000  0.0004406275126616747 -0.0009441348757982192  0.0001105937665917629  0.0001718983758010916      64.88831140578806
                  95000   0.001168216919455145   -0.00169937255247466  0.0001070773950004753  0.0001730021600779133       1.66042606569027
                  95000   0.001858120631265363  -0.002081932094012202  0.0001108112622920669  0.0001692170297789142     0.3072724742570047
                  95000   0.001341765128672427 -0.0006159055361866684  0.0001150220931909549  0.0001738856357147653     0.2166459719167526
                  95000   0.001594902432333549 -0.0006405249292064248  0.0001069172039927649  0.0001664935431814252    0.06076301048789558
                  95000   0.002613470769475492  8.689908291005714e-05  0.0001128722467639434  0.0001803371098930914  3.297440649002964e-06
                  95000   0.002287915827634725  0.0003404426762813331  0.0001148205855556446  0.0002205739307117818  2.108898945854092e-06
                  95000   0.001866504501135441 -0.0006593294499514957  0.0001029488319948343  0.0001683845893614645    0.02178804483791902
                  95000   0.001198256135296871  1.174548563962835e-05  0.0001086504059841304   0.000159924653341497    0.03528184742408871
                  95000   0.001160596505959622 -0.0004715400408897107  0.0001136158593417334  0.0001900622205259435     0.1844613838018305
                  95000  0.0005394264307188373 -9.000548597255566e-05  0.0001165635021740053  0.0001613570694822062      27.33699794749215
                  95000  0.0008225260026930917  -0.002987574956367708  0.0001130000558912439  0.0001885557887820797    5.4696532966838e-06
                  95000  0.0006269620489436368  -0.002737228778464395  0.0001119044134476261  0.0001699656084242882  4.489483650991852e-05
                  95000  -0.001031627158289116  0.0002295882603279253  0.0001140775428809714   0.000168080591326076    0.01499947164033012
                  95000  -0.001592049086076283 -0.0002804396198489609   0.000112478353801684  0.0001757923239859208  1.189593072383674e-05
                  95000    0.00039780016160006 -0.0001837547588083088  0.0001129689851793995  0.0001687854005534698      149.8492919092834
                  95000   0.001516174358431818  -0.001655980859379463  0.0001109779750797786  0.0001882209296609151      1.447856472921258
                  95000 -0.0004588703410550413  5.527288449279317e-05  0.0001116965181454893  0.0001761668211201592       42.9492478864131
                  95000 -1.444994581931459e-05  0.0001932809240029659  0.0001113034144990553  0.0001644452382028284      330.5702753594009
                  95000  0.0002449060973315791  -0.001033117547562462  0.0001100548727746139  0.0001730152883763539      230.6236434175758
                  95000 -0.0003562203473908748  0.0002195348176363166  0.0001074060915765557   0.000158158621095864      62.50608516407775
                  95000   0.001458036381942011  -0.001300830065667094  0.0001106947928027858  0.0001708685263078047      1.169529184723624
                  95000   0.002250289328058592  -0.002052678335221728  0.0001067541303962084  0.0001640072697594035    0.01302525770456171
                  95000   0.002505235173766027   -0.00308294911700298  0.0001150219315964583  0.0002072220188707784  1.246259225217843e-06
                  95000    0.00184186420644326  -0.002838133408260707  0.0001012764089217768  0.0001748895997335205   0.008362368419083187
                  95000  0.0005410678169506742  0.0007481870310520585  0.0001089225903603323   0.000180202618389162     0.1175413848417073
                  95000  0.0002820589261567168 -4.071186186154865e-05  0.0001086317648856068  0.0001683194940700639      127.3951673851153
                  95000 -0.0004525951974330788 -0.0004990395792940071  0.0001126674312441682  0.0001672032410658108      15.07862277555493
                  95000 -0.0007811695387748181 -6.635935556088993e-05  0.0001040468928235717  0.0001577591471028039      0.162871662373965
                  95000   0.001493797145119382  -0.003392427269094389  0.0001029440557966522  0.0001722409057534861  5.545562860078303e-06
                  95000   0.001280827949095246  -0.003262156995814298  0.0001124512368888037  0.0001937521182118168  3.777547608854265e-06
                  95000 -0.0003243332623720806 -0.0002440647292240636  0.0001135280932501383  0.0001707584230778165       366.646187501202
                  95000 -0.0008658795724394362   0.001193299630789326  0.0001141382703749106   0.000202973029906431  0.0001644158004204379
                  95000   0.002226086267966554  -0.002888846543557889  0.0001006956932525539  0.0001638123356445077   0.001193243245708052
                  95000  0.0001717695758468901  -0.001511018794395236  0.0001149987033472271   0.000171895338370753       3.93693433188964
                  95000  0.0001583786452991072 -0.0001422348780744826  0.0001140813385005081  0.0001614624536221316      950.0204803997091
                  95000   0.001077244722590152 -0.0009586925578950047  0.0001158053735831559  0.0001618035564208015      2.540682644904128
                  95000    0.00205107834991771  0.0006852945451690592    0.00011355154425603  0.0001985556228933371  2.015033404877758e-05
                  95000 -0.0006978023020437032   0.001134263033780952  0.0001053153240678839  0.0001675878307675406   0.009792601761663597
                  95000   0.002238150905030506  -0.002462385686961486  0.0001130568991180932  0.0001563589857578372   0.007353832673703903
                  95000   0.002581526207745857  -0.002662778077658063  0.0001135287005732769  0.0001783668879293165  0.0002055415927383351
                  95000  -0.001574569227144107   0.001054966693409653  0.0001114596826105924   0.000158789657239973  4.522590396958651e-06
                  95000 -0.0006709299287356007  0.0005592578534992761  0.0001057118548406944  0.0001620661501242953    0.09797039432250032
                  95000 -0.0004022259979990914  0.0009972309412973545  0.0001036509371293852  0.0001620972963856579     0.1427106991726603
                  95000 -0.0001755955451749881 -0.0004928792318985759  0.0001103882393200288  0.0001641887529686932       980.686175336897
                  95000   0.002082201220488902   0.000139951210729231  0.0001065556145728559  0.0001754816302063393   0.000787485758510939
                  95000 -0.0001447775387352258  -0.001395557362705081   0.000107454529219081  0.0001507876552459667      3.327936105199016
                  95000 -0.0004896085750067167  -0.000210605374133849  0.0001061471206876048  0.0001550652393759306       27.5941547070425
                  95000   0.002492062820203413  -0.000119962581574783  0.0001148698147490429  0.0001933386550356456  2.492536451579339e-06
                  95000   0.001963730233534176 -0.0003883957303819411  0.0001101902433912118  0.0001683117996408664   0.004719639125007806
                  95000  0.0005329775626587214  -0.002155544870813098  0.0001142768473935222  0.0001733599042271464   0.001401051220458251
                  95000  0.0001526905500796123 -0.0007110584413976374  0.0001113585687057405  0.0001692208691118697      1628.903427279654
                  95000  8.350612712879502e-05  -0.001067155304152961  0.0001106747794866479  0.0001589688233985806      719.0292076342289
                  95000  -0.002089575101973777  0.0008800804311830165  0.0001136068739312502  0.0001903582599085308    1.8279348545446e-07
                  95000  -0.001133207419082435   0.001171156531589423  0.0001135254241848052  0.0001901791213497297  7.029400983632184e-05
                  95000   0.000765489914083043  0.0002382118752658048  0.0001106932454507623  0.0001696637671051339     0.2198028282340794
                  95000 -5.086151975194409e-05  -0.001230091513194571  0.0001068810298243205  0.0001588196758929725      77.46295944212834
                  95000  2.890335356348911e-05   0.001225873698191484   0.000107850890401498  0.0001638031742016221     0.1298595100342396
                  95000  9.268394819705105e-05   0.001008671417474686  0.0001083056481824314  0.0001690901646052753     0.3946072803080771
                  95000   0.002015033354522785  -0.001946048143006545  0.0001118143759199959  0.0001816331401556396    0.05794924336126367
                  95000  0.0003914510422241841 -0.0004666002014584059  0.0001147150570115474  0.0001600074495595904      180.4818029435761
                  95000   0.001997890942282598  -0.001753809892468613  0.0001160941620592033  0.0001682328223638989    0.08420433720486162
                  95000    0.00151367028293171  -0.001077076271271286  0.0001110044588498095  0.0001561160660755963     0.3517892465101472
                  95000  0.0004919328611265366   -0.00146390141913045  0.0001159327922709552  0.0001580991232030853     0.6065454736686637
                  95000  -0.001694733245391169   0.002449130824193262   0.000113686010026839  0.0001850927622733706  2.460329557078662e-07
                  95000   0.002159516783345079  -0.001627273917127766   0.000113777507306112  0.0001681288528145983     0.0314798665347381
                  95000  0.0002783977044525639  -0.001723021086127927   0.000111823235877506  0.0001668102677673921     0.3622876112652327
                  95000  0.0006839012703006018  -0.002329107335969058  0.0001109821153864414  0.0001820558515587937   0.001067699809998776
                  95000   0.001117384544061465  -0.003150340812070529  0.0001120502036152749  0.0001825752077035954  3.523133863687286e-06
                  95000 -0.0004202612982548008 -0.0007444267103921602  0.0001133219915437424  0.0001448272455440481      9.505168821086784
                  95000   0.002694505269995612  -0.002274190660774362  0.0001135350953346794  0.0001716751621528922  0.0002475664239370707
                  95000   0.001836510815705304  1.191105797415458e-05  0.0001048493724445336  0.0001500970373819814   0.006509978535673613
                  95000   0.001827151882382794 -0.0002686460361568587  0.0001037820028915709  0.0001650550753215114    0.01246739635792523
                  95000 -0.0009163692851985238  -0.001966452688613804   0.000110680818203186  0.0001763471914661194  2.035703149278152e-07
                  95000  -0.001200010592173047 -0.0007942102236543331  0.0001100181500579113   0.000175269462715305  4.184262333681964e-06
                  95000   0.002561128807965887 -0.0005947147263729327  0.0001097393791301043  0.0001748297206428602  4.254603900882063e-06
                  95000   0.001896169100707217  -0.002373717804398902  0.0001059935376631637  0.0001536386982583219     0.0379240540235578
                  95000  0.0009505470088332687 -7.714428517037122e-05  0.0001089388732394028  0.0001545026782407846     0.4211921302125153
                  95000   0.001292620459775481  -0.002804194244768924  0.0001054503550740084  0.0001434091214789963  0.0002203993974266815
                  95000 -0.0006629791195897287  0.0002872459623894428  0.0001062911709103528  0.0001484097794833392      1.248679649894731
                  95000   0.002334098404606088   -0.00184430388779323  0.0001109313056486405  0.0001558721484559489   0.004940369824420731
                  95000    0.00125801646594018  0.0004335781192628228  0.0001177406143106401  0.0001594477878532006   0.004769596755485191
                  95000   0.001648353052855882  -0.001539817362263951  0.0001096426725368366   0.000160514621262442      1.096226318430409
                  95000  0.0007214072214561792  0.0007929246525655863  0.0001055230957764011  0.0001601551789896613    0.01628634703187332
                  95000   0.001710661524691745  -0.002665869763466218  0.0001115160732207689  0.0001588659339666485    0.03799663973678451
                  95000   0.000258639772280656   0.001010521506786522  0.0001102394749545917  0.0001672266090074575     0.2271556945976935
                  95000   0.002475366835677267  -0.001540052760338446  0.0001103018652916086  0.0001692861096204834   0.000616255369090047
                  95000 -0.0002550784755658966    0.00097109624044037  0.0001054582065600175  0.0001564683097058967     0.5558380731947276
                  95000   0.002849887559493046  -0.001795220419023873  0.0001101696742469104  0.0001536390185509229  8.924329980480942e-05
                  95000   0.003153450932960739  -0.002391041741885918  0.0001104400708220345  0.0001687285622784726   2.85307230466664e-07
                  95000   0.002288311733710392  -0.002266863982141223  0.0001008821514228459  0.0001509901957687564   0.003393428095569453
                  95000  0.0007342607913403238  -0.001289091701795831  0.0001070023403286858  0.0001622024558625977      7.304005323764655
                  95000   0.002106175026741414  -0.000902676638858953  0.0001021933564170011  0.0001497900607146617   0.004032844799219538
                  95000   -0.00165097010116474  0.0005687045219777678  0.0001019569588778559  0.0001688638079039823  4.000948938255004e-06
                  95000  -0.001110415212554594  -0.001122650254192713  0.0001118294813850016  0.0001566300370827399  7.309897369532265e-06
                  95000   0.000636338047804148  0.0005492855408112486  0.0001035483693479051  0.0001503679164942547     0.1017176624788743
                  95000  -0.001533843760405065 -0.0005568103212629747  0.0001096444654901214  0.0001660396753915329  7.989421811745123e-07
                  95000   0.001177874630236334  -0.002687600573933212  0.0001097116532926869  0.0001660034583754529  0.0001045555238438483
                  95000   0.001669366727546635 -0.0004485302085184889  0.0001107545880776019  0.0001617936659094366    0.02949442028888904
                  95000    0.00144053852710349   -0.00212628179558621  0.0001072241004136079  0.0001502344685795659     0.2062991646841346
                  95000  0.0009994802983020806 -0.0004556260494410677  0.0001097661587910915  0.0001624867713931032     0.3781027996000567
                  95000   0.001067509544171832  -0.001570182868658804  0.0001067551987337789  0.0001488388187769039      2.138951071243708
                  95000   0.001593501601386901 -0.0008517143448671822  0.0001065637734333396   0.000155470434546911     0.0897741787818619
                  95000   -0.00148955777730335 -4.454671983816645e-05  0.0001098110120826754  0.0001628590439788796  2.894766899589497e-05
                  95000   0.001264406475919397 -0.0008219580699939924    0.00010601628640909  0.0001557509920836411     0.5780555971297735
                  95000   0.001792388580595206   0.001257848187562893  0.0001097355575124787  0.0001609040474637006  2.461120045001705e-05
                  95000   0.002446695114531445  0.0006975228075582955  0.0001100164796473658  0.0001607615245883533  1.182874555735278e-06
                  95000   0.002121551966143871 -0.0001698409890490859  0.0001100544237026308  0.0001607709538100126  0.0004318888614499282
                  95000  -0.000258904960084082 -0.0007119603279006655  0.0001082633180329647  0.0001585748971022615      95.14543681621652
                  95000  -0.001112810351426317 -0.0005484531703965586  0.0001018638370720114  0.0001423321930247794   0.000555367037213641
                  95000  -0.001790966554949102  -0.000192596275480655  0.0001103356031155765  0.0001594822223223874  4.698358361287202e-06
                  95000   0.001856539395908587  -0.003567429091790869  0.0001104345608564601  0.0001596052707845509  2.578165032442864e-05
                  95000 -0.0005213167938174141  0.0004032322714311463  0.0001064699484488658  0.0001553180782897468      2.675479419563088
                  95000    0.00146067996902401  -0.002613900288371676  0.0001100370440166912  0.0001583275335788963   0.002048856076051183
                  95000    0.00289302015532442   -0.00107445756630462  0.0001063066663278661  0.0001472217838750177   1.11125729800353e-06
                  95000   0.002522527413121031  -0.002312054041833341  0.0001075846632943593  0.0001525118960875261  0.0006156568758587939
                  95000   0.001712217833411343  -0.003663963083442405  0.0001100209005931695  0.0001571724864829737  1.456576848025757e-05
                  95000   0.001422050600791425  0.0002659464882648517  0.0001057661112751466  0.0001584599761642836   0.005793129788930472
                  95000    0.00197470847666765  0.0009006024013080351  0.0001099812692613149  0.0001570364020545934  3.039970215199733e-05
                  95000  0.0001154625943786788  -0.001247454673137935  0.0001118064623520252  0.0001504922928275235      87.78760485392779
                  95000  0.0003269226086343679  -0.001455140663973397  0.0001016895897431711  0.0001517423455431419     0.8358972057545362
                  95000  0.0001839090293838095   0.001214451915856045  0.0001026806161040938  0.0001473128495613358    0.04237838102698734
                  95000  -0.000168760131907683  0.0003076808248766974  0.0001104612465664145  0.0001474317718300689      86.99516297376728
                  95000  0.0004471834768742111  0.0002988268734838624  0.0001045550095729273  0.0001505818769121052      2.494555543234098
                  95000   0.001169719211652435 -0.0002460782140353156  0.0001128265439783369  0.0001519074470749876     0.1771202709668384
                  95000  0.0009132447778656239  -0.003214631741201437   0.000108143933966878  0.0001540897100079045  4.667439577687551e-06
                  95000  0.0006001769530591048   0.001230583124966267   0.000103913028909958  0.0001588101798710443     0.0148474276024434
                  95000  -0.001386313204004646  9.704383232615072e-05    0.00010763440259955  0.0001531163154456665  0.0001562966262653814
                  95000  5.476578731715958e-05  0.0008039767772609699  0.0001074594186126889  0.0001469629897506425      2.400466104780861
                  95000   0.001488130263519104  -0.002357377508429488  0.0001070083195681769  0.0001514008195668219    0.01604746211742322
                  95000   0.002020224445289292  -0.002195648224926264  0.0001063385520380041  0.0001500247804068289     0.0209500196314469
                  95000   0.002074181830797853  -0.002900031233540932  0.0001066560548948107  0.0001593972054113523  0.0009389460896754946
                  95000   0.001131563768395877  -0.001920745528716433  0.0001021365904769249  0.0001428612758685818     0.1531001510266502
                  95000 -0.0005425932708849094  0.0007261513510801748  0.0001087481883436919  0.0001602039310893667     0.4525058176998324
                  95000 -0.0002200646062877349   0.001449957557878277  0.0001091537077879233   0.000146342835669469    0.01693236390839608
                  95000  0.0008568171099069538  0.0008655922042772279  0.0001079505969529944  0.0001472387674579932   0.002954275553390274
                  95000 -0.0005600029678322408  -0.001237133988709178  0.0001062952727734535  0.0001502648265554265    0.01932057875338596
                  95000   0.002496201208973679 -0.0004226539785847708  0.0001072482413019459  0.0001456609688931447  6.515194331714487e-05
                  95000  0.0009759722859864988  0.0008812713526605637  0.0001056233731103585  0.0001482094126991689  0.0005308321301632479
                  95000   0.001725653533076575    -0.0021673325555846  0.0001028105429750304  0.0001483567749971085     0.1486870735527464
                  95000    0.00243947071296851 -0.0009574592027751626  0.0001061493488719821   0.000150681640008336  0.0004813280956384363
                  95000 -7.905141270197496e-05  -0.001673358231948648  0.0001058265333472061  0.0001470776256810995     0.1358205445358261
                  95000  0.0009404118215024782 -0.0002968447232361883  0.0001061005294429211  0.0001494446288391362     0.2779878580156195
                  95000   0.001894619829481108  -0.001081219016533488  0.0001107481342552026  0.0001432025702512813    0.06030001871080173
                  95000  -0.001411910874769575 -0.0005090740816737888  0.0001052033865239351   0.000145814482704609   7.94175561374176e-06
                  95000   0.002334594335100047 -0.0001390542274087755  0.0001066052646614543  0.0001477043329928162  0.0001715670555940234
                  95000  -0.001348013972648422   0.000241269692753852   0.000105554573026298  0.0001456714121509695  0.0002697083744573598
                  95000  0.0008135998706557505  -0.002415457531476064  0.0001051788620686565   0.000145161601437204  0.0002784168279534724
                  95000    0.00210439629381369  -0.003061066293847741  0.0001049919501884115  0.0001438262304600057  0.0002790689419892603
                  95000 -0.0003344106868777686  0.0004557616925586475  0.0001093169266688951  0.0001497092032241873      10.78545416210807
                  95000   0.000343864556745768  -0.001237829667654576  0.0001156702186067205  0.0001487169480814141      15.77822786225803
                  95000  -0.001228051607560763  -0.001307971306774634  0.0001048486716671223  0.0001435810393204863  1.986357091775865e-06
                  95000   0.002358353875231419 -0.0003504709761861034  0.0001047334764007966  0.0001433765472298149  0.0001201695183146089
                  95000   0.001279654571410307 -0.0004112205626768596  0.0001012941916459878  0.0001533860819920615    0.07980681860789675
                  95000 -0.0003293591672271443  -0.001073338200564193  0.0001011431430078241  0.0001491897081761213      3.973520361064308
                  95000 -0.0008840035091406716  -0.001678625739811976  0.0001047392292994273  0.0001427291777441021  4.051678487118681e-06
                  95000   0.001387385920909507  0.0009701528933601277  0.0001100708209148407  0.0001521668439231408   0.001288773576312934
                  95000  -0.001093231230355198 -8.836847968247136e-05  0.0001036484572957946  0.0001411497597772313   0.001868972085682108
                  95000    0.00205980533025232 -0.0007325347058390123   0.000105377785151587   0.000143120359520143   0.005252090124553753
                  95000 -0.0006613800444323241 -0.0006634655330295996  0.0001031740872938808  0.0001404075606570635     0.1263638028313026
                  95000 -0.0002966415585530309  -0.002107080415009963  0.0001031002176633473  0.0001403973734388302  0.0003308006261027532
                  95000   0.001086900782987195   7.60330089065396e-05  0.0001005818739305446  0.0001528626754595952     0.0259818208369053
                  95000 -0.0001214515284897228   0.001119077945337685  0.0001006567564264041  0.0001561325708332555     0.2892046580654734
                  95000   0.001435028555043856 -0.0004331009416025275  0.0001008572359158692   0.000142036870876684    0.02416585008482079
                  95000   0.001340252797040746  -0.001431100814672938  9.823637329809551e-05  0.0001386357896147104     0.2702123161612718
                  95000   0.001655800552245838  0.0007853012118626885  0.0001016513372063213  0.0001378151641106527   0.000182952869879242
                  95000   0.001647573717488906  -0.001072466285183018  0.0001047461296780152  0.0001485845331306386     0.3238889163861893
                  95000  0.0009434452587311162  -0.002685013620875542  0.0001039679876244538  0.0001491010590207269  0.0001616290985472633
                  95000   0.001454527847738328  0.0007528263487086818  9.954967629282008e-05  0.0001575865959367451   0.001425745980652927
                  95000   0.001334247160227055  -0.001013939987976754  0.0001017707130651813  0.0001377917922591309    0.08125853610896386
                  95000  0.0005075378499447918  0.0004500874948193972  0.0001030310922457712   0.000144858057736482     0.3312771603221131
                  95000  0.0009744263452560213  -0.002436372320222132  0.0001018569123282097  0.0001377591509872595    0.00021268706086069
                  95000   0.000627837133149023  9.465888643312337e-05  0.0001012196475241065  0.0001483340043043601       2.38482424817219
                  95000   0.001671926795642191  -0.004073144928472661  0.0001018564362622074   0.000137870122279324  1.243924822706313e-06
                  95000   0.002205889963719523  -0.002678034384433443  0.0001080829558803455  0.0001405725181640806   0.004372797627420988
                  95000  -0.001313503113692969 -0.0003159121463335063  9.775244515442481e-05  0.0001418361825787998  0.0001664275009398677
                  95000   0.001778509202324818  -0.001654324627883461  9.912239989221536e-05  0.0001461815583024635    0.09023674319382119
                  95000   0.001922059640147918  0.0002399756357890311  0.0001004318816997583  0.0001405090121209493  0.0006914349480523624
                  95000  -0.001463345991397443  0.0008048965585052328  0.0001018202560596699  0.0001368287742711156  7.500825034915002e-06
                  95000  0.0007912021026590671  0.0005026895271998417  0.0001019092804694926  0.0001367427630601249   0.008465030983290711
                  95000   0.002016848886816305  -0.002643121795063348   0.000100834573783382  0.0001455165307436674   0.004970488185856275
                  95000  0.0006599868239091612  -0.001696277647521072  0.0001006240222260918   0.000141465816315296    0.06902336238139989
                  95000   -0.00128716121936517    0.00313860211305899  0.0001016292272816996  0.0001360264729527292  1.480548321056934e-06
                  95000   0.000498671184722417   0.001367569867201675  0.0001013024401118455  0.0001581173878668407    0.01219943327895361
                  95000 -0.0003639391835073906   0.004337781911847211  9.954699477028403e-05  0.0001473591882607267        2.0977347013859
                  95000 -0.0002769617832221076   0.003088156726337446   0.000102524630508622  0.0001465226964215891     0.8395552424012527
                  95000  -0.000996197799268974   0.005974696399970771  0.0001014885181021261   0.000139966211587934  0.0008350401956062071
                  95000 -0.0001998573613153874   0.003514897144964047  0.0001049902221721282  0.0001481317837067802      6.208056860607766
                  95000  -0.001245047864359737   0.002607960380847053  0.0001008562368572066  0.0001466578483041484  9.227218355556763e-06
                  95000  0.0007807992000528202   0.003120363740798756  9.895932277220786e-05  0.0001519310838622051    0.01540041432873001
                  95000     0.0011610986455201   0.001120083650117103   0.000103178393747758  0.0001437547411206043   0.001130330205939951
                  95000 -0.0004870994905106935   0.002025668177068308  0.0001014002062142023   0.000140407218169848   0.003060052202653327
                  95000   0.001195023456821857   0.003540795106128479  0.0001014184946228327  0.0001404969626134052  0.0001932715346863705
                  95000 -0.0007041076009230889   0.002900913083981031  0.0001014021987407234  0.0001405757247329481   0.004780985265333058
                  95000   0.001092450072960608   0.001387677024938688  0.0001156628233626835  0.0001470443999274239   0.002169215419082173
                  95000 -0.0006823486491699426   0.004580625191110688  0.0001018974217932993  0.0001437249031132927     0.1607377543757204
                  95000   0.001223130238340793   0.004646386280497502  0.0001013282952034555  0.0001407648481108705  0.0003089923370656022
                  95000   0.001017810506458536   0.002859774822662194  0.0001012495550061365  0.0001407461913784365   0.001392043049521528
                  95000  0.0002181696493064858   0.003073427325229279   0.000101238373484779  0.0001407410850154318     0.3744430815240894
                  95000  0.0002325775504176791   0.001441258798427134  0.0001012656779729065  0.0001408223278230167    0.01255698567613805
                  95000   0.001395093915082863   0.001679633646619691  0.0001063218462939389  0.0001485356135984792  0.0006412391669288754
                  95000  0.0002765669280443438   0.005493850899505732  0.0001011958026541146  0.0001410008625377589    0.09880985372861945
                  95000    0.00133925125402843    0.00280093251046759  0.0001012260709236594  0.0001411090462806429  7.311408569733892e-05
                  95000 -0.0005982529111237365   0.002674238563567024  0.0001012127833238598  0.0001412527459773217   0.007985985106661925
                  95000   0.001327664491914536  5.979378458592604e-05  0.0001002566182109455   0.000149998776094601    0.01198274632100804
                  95000   0.001535289895434905   0.003138998136383638  0.0001011849962418983  0.0001417013680357121  8.840635272138186e-06
                  95000  0.0009205937083524915   0.001927298896439816  0.0001081563227282314  0.0001423727891445633   0.005642778678563535
                  95000   0.001570847074987224    0.00410200404644712  0.0001012778461643607  0.0001547905488297937  0.0001204540748817916
                  95000  0.0003043029179177961   0.003676513204609839  0.0001053705155657081  0.0001513419272669113      7.204484950090854
                  95000 -3.463774496060761e-05   0.005631628839057146  0.0001011619197699241  0.0001418908319335257     0.1115295716675173
                  95000 -0.0004737682558048739   0.004186146988593798  9.960568017617105e-05  0.0001552587173676388     0.8699521526296283
                  95000 -0.0005961400863665926   0.003141871750950318  0.0001013764012288012      0.000144711817054    0.03626082303314522
                  95000  0.0003914100891534456   0.004884522336866814  0.0001012130187688293  0.0001422259658116431     0.3792068874403227
                  95000  -0.001403000639783629   0.005076890509194706  0.0001012001723090997  0.0001422345204552446   2.72291602518312e-05
                  95000 -0.0002354304492824535    0.00334500570115576  0.0001027946743595915  0.0001474374246097017      2.195782603132823
                  95000  0.0005410267577365335   0.001942654093562548  0.0001008172753679153  0.0001422555099594227    0.01608136324333776
                  95000   0.001500068400870151   0.002965778999619676  0.0001008261675625591  0.0001423454329889946  2.206326217305122e-05
                  95000   0.001367642629220621   0.003703343219610998  0.0001040414484196566  0.0001440884699919924   0.000180284251357246
                  95000  -0.001091541105573592   0.002367202021619478   0.000100770609024009  0.0001429307338818454  2.685778123027253e-05
                  95000  0.0004285210960841506   0.003180267583843518  0.0001007655870000554   0.000142932799111733     0.2254842389340919
                  95000   0.001533347627397384   0.002215783028930171  0.0001007343880314816  0.0001432093645871061  0.0001026635673871831
                  95000   0.002118650851499706  0.0008933251141925777  0.0001007579555391507  0.0001432762847640968  1.960822809192948e-05
                  95000  0.0007954670685440427   0.001191318123614197  0.0001042422133634971  0.0001524416978821327   0.003981870107172509
                  95000 -0.0003157042723697806   0.001637173460062386  0.0001008000488473941  0.0001438207370573591   0.003588447818435328
                  95000 -0.0003687541694756332   0.002938809426400473  9.911357950326379e-05   0.000146014061265506     0.3437245918974663
                  95000  0.0005834898487640606   0.003289525092030262  0.0001086224059453215  0.0001458823348086197     0.1621053452866065
                  95000  0.0005348489926730315   0.005335210731264505  0.0001006464352419261  0.0001442024701267799    0.04766115441383235
                  95000 -0.0005354827402105975   0.003624507284248298  0.0001006136502989495  0.0001444164816402167    0.09598500998169315
                  95000 -0.0009891731263473613   0.003556607603731326  0.0001006207949366157  0.0001445309840894253  0.0005538288052169669
                  95000    0.00153062326577881    0.00349533049447663  0.0001006599739636836  0.0001445698055536562  2.226490279032616e-05
                  95000 -3.452059239999727e-05   0.002911188020538693  0.0001021478580588966  0.0001463022331659057      1.602768249516645
                  95000  8.590993868978082e-05   0.005491252945371341  0.0001027444466269395  0.0001461625152423535     0.4586980755645221
                  95000  -0.001430174746010589   0.003470766890379968  0.0001003066989671814  0.0001448835964790984  1.824521130478239e-06
                  95000   0.000157173841632255   0.005690488257836009  0.0001002872018579103  0.0001448844366858973    0.05340250952443453
                  95000  -0.001013935214698154   0.004107213548600543  0.0001002709258667069  0.0001448823665629603  0.0009667160957466881
                  95000    0.00177833773134115  0.0009779181005124264  0.0001044361314119039   0.000151473755401336  0.0001723851257313671
                  95000 -2.930568838438087e-05   0.002403876029233167  9.778482014713469e-05  0.0001560969861923187     0.2879640916486348
                  95000  0.0001840219734775813   0.003255675213617791  0.0001007657831794677  0.0001429174846690059       2.37863610226559
                  95000  -0.001459015976711163   0.001122626889038192  0.0001001395563053755  0.0001454219684367754  5.762879205150679e-06
                  95000   0.001175225128141005  -0.002233563249779377  9.989903584460926e-05  0.0001466247654726122    0.00766487098078773
                  95000  0.0001370073866212038  -0.002020318126723561  9.973925129478564e-05  0.0001464515374241616   0.006361536668794397
                  95000  -0.001022867712850454 -0.0002714900516567967  9.956928335471439e-05  0.0001462536545176396   0.003408160699250023
                  95000   5.76578925909791e-05   -0.00143190330772108  9.847212115934188e-05  0.0001478956232238965      4.811765198028116
                  95000  0.0008962651543808294  0.0005038893882467201  9.860799225998338e-05   0.000142468103362459    0.01548094338994626
                  95000   0.002207880142926602 -0.0006718035209875714  9.950631752386746e-05  0.0001455092750682543  0.0006857789648591754
                  95000  -0.001059485281133648  -0.001328297895570187  9.740894808322704e-05   0.000141344817260429  1.251971565361993e-05
                  95000   0.003275485581166263  -0.001911018541337417  9.956412567814032e-05   0.000145016287584558  4.691563234949181e-07
                  95000 -0.0009443590117528404  0.0007746677769156946  0.0001027897164849218  0.0001447768300545517   0.005325319395348334
                  95000   -0.00123731855844259  0.0009158745014216812  0.0001020722414788375  0.0001457429973970799  0.0002864094355073745
                  95000   0.002090834385835438  0.0004172725966820147   0.000102568202923535   0.000141574399833404  0.0001732872419797269
                  95000  0.0006100856253166633  -0.001294390800840282  9.629173621241243e-05  0.0001442286428108728      1.277414705427576
                  95000   0.001924099351105781  -0.000179442187073877  0.0001017410544209252  0.0001429600341072358   0.003358677068348566
                  95000   0.001580746138746812  0.0005067683603710134  9.944388696794954e-05  0.0001441034645656855  0.0007599140785752912
                  95000   0.001930068108028413 -0.0008287718329325328  9.943731591512963e-05  0.0001440985839525037   0.006824714506905078
                  95000   0.002914091555478575 -0.0005552911299802431  9.943601897992342e-05  0.0001441317298895079  3.428200240786634e-07
                  95000   0.001969987526029475  -0.001472321462096505  9.955059961754786e-05  0.0001439925112413049    0.01686703511028407
                  95000  0.0009374662371153436 -0.0006725184291073282  9.789312219707416e-05  0.0001559418381118437     0.7920988487256456
                  95000  0.0003715751971533848  0.0009464112738614978  9.784217459126938e-05  0.0001414115602027507    0.06159834227055968
                  95000  9.242518998345027e-05   0.001432293834131177  9.912388493705714e-05  0.0001432345387025268    0.01437153909433326
                  95000 -0.0007353598357875636   0.000869175563519447  9.909629779050192e-05  0.0001432115124879876   0.005496201086493811
                  95000  -0.001234414473892027   0.001565125027334978  9.884364961726062e-05  0.0001428416309736781   1.20639258008429e-05
                  95000   0.000543885628698842 -0.0005822125096698836  9.883873540723395e-05  0.0001428268436797564      1.784281879867525
                  95000 -0.0006558005812941053   0.001605797254279092  9.810559744534347e-05  0.0001419852141139145  0.0002712120688038771
                  95000  0.0002249486082447007  0.0007503143049790918  9.796954636741527e-05  0.0001430423144529509     0.5195032088330138
                  95000  -0.000339353063978338 -0.0006140225921651349  9.761515729603945e-05  0.0001406851558377917      7.057519665718197
                  95000 -0.0006234008737904125   0.001397397104857993  9.790704698102931e-05  0.0001405247239638759  0.0007772691981761086
                  95000  0.0005106894112821191   -0.00192717821172595  9.747663904577715e-05  0.0001400096639498665    0.00477352081665859
                  95000  0.0002289650322583219   0.000213681160407866  9.751748235541929e-05   0.000141962980644214      14.63439183139949
                  95000 -0.0002393965660919988   0.005082987104957267  0.0001014131661806348  0.0001439894505055314      1.098895335203776
                  95000 -0.0001038892124703397   0.005483854668913885  9.658690343039347e-05  0.0001402507027285058     0.2370820747030812
                  95000  -0.001605242470727403   0.004038366399171089  9.654837272439408e-05  0.0001403611769797534  7.301879722627718e-07
                  95000  0.0008701719196646343   0.001514113489010763  9.655276481113269e-05  0.0001403955293900454    0.00182270821277959
                  95000  -0.001111004564025614    0.00654936154995268  9.658705953138075e-05  0.0001404767334922564  4.239958858850924e-06
                  95000  0.0002930871743642224   0.005859230005299742  0.0001018800340558821  0.0001412003498939635   0.009870762173348825
                  95000   0.001848978407059678  0.0008543171260274205  9.648161074331127e-05   0.000141950830266933  0.0001330113873814777
                  95000   0.002798538321841943  -0.000656504010801447  9.645382371759676e-05  0.0001414837580297518   1.59883732919525e-06
                  95000    0.00278280331280701  -0.002657541542621496  9.628732884143802e-05  0.0001408706995033846  3.453711354582529e-05
                  95000   0.002385496598881132  -0.002106581151567036  9.632517605206766e-05  0.0001408820138239108   0.001330034781867295
                  95000   0.000425054953272491 -0.0006808603531826846  0.0001018828368093452  0.0001478915527990475      21.89989342248242
                  95000  2.282967853948878e-05  -0.001841706129725459   9.62163511210526e-05  0.0001406325416767534    0.02856828388054667
                  95000 -0.0006420260403636037  -0.001929754677135703  9.620903737401996e-05  0.0001406235588294883  6.157961180286656e-06
                  95000 -0.0007920409139741964  0.0007133018834221025  9.595509035347042e-05  0.0001401371209174497    0.00805420498636635
                  95000 -0.0008632033816748429 -0.0006814313897366092  9.502543113230207e-05  0.0001391904348516178    0.01473596746309467
                  95000   0.001904381814188666  -0.001591250053081342  9.548298911449549e-05  0.0001430214737335513    0.04768795378063358
                  95000   0.002067429222253478  -0.003637976653496034  9.586669097969091e-05  0.0001398279280400219  1.283160838527034e-05
                  95000  -0.001118533960459671 -0.0003564955453892904  9.576819313362668e-05  0.0001396471867253324  0.0007157563064046172
                  95000   0.001296216949556746  -0.002090714240545877  9.577480344500965e-05  0.0001396486547138598    0.03741855705601095
                  95000   0.001643167918282239 -0.0002480742591536467  9.761972581832753e-05  0.0001443613963762647   0.006813435483861331
                  95000    0.00191770733469567  0.0005861464469258681  9.548756268636899e-05  0.0001387190048168665  0.0001187993994589297
                  95000  0.0009993761272472084  -0.001152173012758976  9.999068604417871e-05  0.0001511824658933013      2.758869565155944
                  95000   0.002797800722820192  -0.001194632296286738  9.556775159406361e-05  0.0001386382544352964  3.564244527687761e-06
                  95000  0.0009768499721312103  -0.002224274535976845  9.557466809259282e-05  0.0001386281278120079   0.002318350484238111
                  95000   0.002461624740705917  -0.002478298832940542  9.556917188463225e-05  0.0001386135672594447  0.0004753280373987174
                  95000   0.001370991629235989  -0.002304782471113102  9.558984587859754e-05   0.000138551092668644    0.01634033028272607
                  95000  0.0008286354503772509   0.002781490808649872  9.571932845567426e-05  0.0001408606760824584   0.005007137681613881
                  95000  0.0001748411040438597   0.005914643717743556  9.573064977490342e-05  0.0001409715721235063   0.008004964263851989
                  95000  -0.001108068352177586   0.003344846691437715  9.548836144245052e-05  0.0001411403536017128  7.204972871706815e-05
                  95000  0.0003188332090963789   0.005691365229823336  9.549758162085059e-05  0.0001412137224146237    0.01610562172515861
                  95000  0.0008329035045738385   0.002622891355573369  9.549216886833858e-05  0.0001413223096822127   0.005545036721688668
                  95000  0.0003031959611764831   0.002726552656463837  9.547939661275228e-05  0.0001414425998282265     0.1133169441192452
                  95000  0.0003983884008853134   0.004083431866852034   9.54531452930048e-05  0.0001415176745583301     0.7566462924340562
                  95000  -0.001044252802222122   0.004980354336523709  9.838683315564612e-05  0.0001430598391943231   0.004704420549664223
                  95000   0.001060516395574804   0.003861980457974163  9.522131518714757e-05  0.0001416864310060488   0.001595418212787128
                  95000 -0.0001037823828689686   0.004387231380824671  9.614327385120302e-05  0.0001547319655928295      3.511844556241389
                  95000  0.0005802019822176326   0.004852869684505535  9.516644813980011e-05  0.0001420060312954901    0.08641105419093532
                  95000 -0.0008687358561800582   0.003131679076636141  9.516128660778151e-05  0.0001421267834280754   0.001530659996541773
                  95000   0.002172012590851224   0.001306827408433685  9.970199276488782e-05  0.0001420589687015345  4.458217401758177e-06
                  95000  0.0002785883903065579   0.004839334066791867  9.517407567684169e-05  0.0001421707410439888     0.9248600732759579
                  95000  0.0002316164761703599   0.005283188521622845  9.517086579338874e-05  0.0001421804981059452       0.31569738912417
                  95000 -0.0004258075555729252   0.003665614781973694  9.513521039656668e-05  0.0001421842124702113     0.2536366786602571
                  95000   0.001367732264472863   0.002302781647260431   9.51116262596136e-05  0.0001422481932279762  0.0002044524836384445
                  95000  0.0009931513513564529   0.003613740773531897  9.515363033982034e-05  0.0001423750711880093   0.003774172426045614
                  95000 -0.0004850770880090486  -0.001119552454955138  9.515358207222701e-05  0.0001427947936499548     0.1374766206078282
                  95000  0.0007107323525093824  -0.001991357828431852  9.514827406887372e-05  0.0001434472422014465   0.006062261084365892
                  95000    0.00145624634507994 -0.0005730596523240049  9.514574234644888e-05  0.0001434535088413312    0.02171355464943636
                  95000  -0.001867105207970503  0.0004046637262724955  9.517641106153794e-05  0.0001434346774518155   7.39603884368946e-07
                  95000 -0.0008629018559949638  -0.000359998100417495  9.494952886410729e-05  0.0001430079364060684    0.02430824505389708
                  95000   0.002510309735693963  0.0004819098124949251  9.492223611640889e-05  0.0001427445457770432  1.798580531477976e-06
                  95000   0.001370818716555793 -0.0002627229419634863  9.502791391353384e-05   0.000142620808263757   0.009996064800909588
                  95000   0.001360585554005186  -0.001179471588203888    9.5244749208658e-05  0.0001405844751000113     0.2333645552182267
                  95000  0.0001454323969448699  -0.001743442089311693  9.491045670864123e-05  0.0001422889627863557    0.09137159904820254
                  95000   0.001912775051307203  -0.002532315684678683  9.498301552719666e-05  0.0001420366518812512   0.006731599362725657
                  95000  0.0005610000420788716  0.0009414348920809018  9.492963129520175e-05   0.000141883193796221   0.009508774330597268
                  95000   0.002034569101949158  -0.001268755154033759  9.501032860570558e-05  0.0001415744093704041    0.01090694582933229
                  95000   0.001554383484225179  -0.001424505757779121  9.507555206417127e-05  0.0001415160679425516    0.07588218926197431
                  95000   0.001389677594819511  0.0004217919846689811  9.502694480354665e-05  0.0001413570631822869   0.001317229741851557
                  95000   0.001451097997662427  -0.003149821375318628   9.50182156216142e-05  0.0001408073339992482  1.601989514767362e-05
                  95000   0.002041318680557579  -0.001053018211632872  9.585377451017921e-05  0.0001475222066858118     0.0136053196160321
                  95000  -0.000227629627091629 -0.0008769695114972555  0.0001007544294149187  0.0001431078219896401      31.77792053641998
                  95000   0.001070785109313289 -9.948942057167493e-05  9.650532818925508e-05  0.0001438538879313318    0.06099102129418138
                  95000   -0.00056928658291973  0.0001903148234346462  9.484444648964269e-05  0.0001428997497761744      2.348520392066432
                  95000  0.0003541559859714085  0.0006883077366521836  9.495953419921271e-05  0.0001400044085711226     0.1718438224855465
                  95000 -0.0007271475049671102 -0.0008392380148699672  9.459192511070579e-05  0.0001395445084693932    0.02405229999272002
                  95000  -0.001010969220042966 -0.0008041949064250158   9.45165263879515e-05  0.0001394385824862308  0.0005227219986384877
                  95000 -0.0008578285858124707  0.0003704546349981348  9.432111905939904e-05  0.0001391698130715976    0.02306964683519833
                  95000  0.0009895983801444486  -0.001789123499746372  9.425705466819131e-05  0.0001390150494735661     0.0885153331704974
                  95000   0.001066658566162126  -0.002131756319298894  9.438925303864782e-05  0.0001389307075162849   0.009368336068983251
                  95000    0.00154490653069547  -0.001849882108104902  9.439247323474946e-05  0.0001389094623585409    0.07982601712855199
                  95000  0.0006096535896052824   0.000269893565517665   9.44149496646704e-05    0.00013891657017188      0.195428049549771
                  95000 -0.0004849281856984317   0.001728006230818687  9.441742291692009e-05  0.0001389141688310321   0.001227431115369248
                  95000  -0.001096078597194774  0.0009464764454692993  9.426161562132801e-05  0.0001384406505544231  0.0004173491135615583
                  95000  0.0008755621061935887  5.548013270116738e-05  9.427072303223999e-05  0.0001381515976072811    0.06950933182733993
                  95000    0.00196652982317304 -0.0006157088353645302  9.427752303216506e-05  0.0001377965859182515   0.004448585572618464
                  95000   0.001573620745213202  -0.002960636022491108  9.430240691556347e-05  0.0001378197074530139  0.0005312130618155902
                  95000  0.0009056958451989499   0.000284926823399315  9.429711988494145e-05  0.0001376623816581825    0.01632909164491057
                  95000 -0.0004499789446928909  0.0006091860162116677  9.423797133931027e-05  0.0001375896668917128     0.2776067379425867
