#! FIELDS time deep15.node-0 deep15.node-1 sigma_deep15.node-0 sigma_deep15.node-1 height
#! SET action OPES_METAD_state
#! SET biasfactor       16.03631500507211
#! SET epsilon   3.735419329000485e-08
#! SET kernel_cutoff       5.848558909940468
#! SET compression_threshold                       1
#! SET zed     0.02343184510869417
#! SET sum_weights       1341.642500898427
#! SET sum_weights2       9399.232383306622
#! SET counter  992
#! SET adaptive_counter  500000
#! SET sigma0_deep15.node-0     0.05847376214858038
#! SET av_cv_deep15.node-0    0.009274215507038589
#! SET av_M2_deep15.node-0       137174.6352404574
#! SET sigma0_deep15.node-1      0.1157111585152909
#! SET av_cv_deep15.node-1     -0.1908395265022088
#! SET av_M2_deep15.node-1       84748.13446677543
                  17000    -0.9232503493130914    -0.4342263803700073    0.06663797672723652    0.05840499991210059      38.92764666137486
                  17000    -0.4350714179986741    -0.3392557280962099    0.06739040289424074    0.07151869687362572  1.638139467631755e-06
                  17000    -0.7771362409937553     0.5807470078070112    0.06451463015529126    0.05600374299092966   0.003482475125644022
                  17000    -0.8638640333150731      0.379137656129293    0.06509590702845355    0.05360125767874854   0.007317459918975557
                  17000    -0.8388065302473312  -0.006421917212898049    0.06337662510539198    0.05345254505362159     0.1208148529580555
                  17000    -0.8397059758178015     0.2560337296802146    0.06126876312719321    0.05294242941550895    0.02041099751330905
                  17000     -0.739331074489827     0.1503961639683584    0.06659454500681217    0.05976102517560703    0.03199588098520338
                  17000    -0.7809645868502523      0.728270055106103    0.06882641232083359    0.05802611292924094    0.00543070677613411
                  17000    -0.3690036276514666    -0.3007018361672403      0.064729212557255    0.05318281083256282   0.001954967360558977
                  17000    -0.5132933167586111     0.1165448005125238    0.06432368766312779    0.05623985411903771   0.001941471683507331
                  17000    -0.8090992594025723     0.4084852609901934    0.06675497690870887    0.05043895996823507    0.01146760815330099
                  17000    -0.8107841029697502      0.112225178657631    0.06380314084096603    0.05338260641757216    0.06402121414100378
                  17000     -1.007162570953369     0.3266884088516235    0.04829450735626854    0.09828330395803835  1.122190279416094e-06
                  17000    -0.6989730480381363    -0.2213477874845909    0.06570022815996612    0.05406536876616835    0.07885471932308771
                  17000     -0.874753831798738     0.7604895037764131    0.07133769541664793    0.05960377374908454  0.0007424161968069577
                  17000    -0.6054445757071691     0.3868432866337428    0.06694523330593738    0.05054357101808028   0.002711448550531384
                  17000     0.8226887307838568    -0.1680475005127307    0.06815809748826547    0.06015730067162136      75.68555896076897
                  17000     0.8225561682140694    -0.6104990893022194    0.06653925859566914    0.05147250791355935      283.9554181186799
                  17000     0.8093586715276792   -0.06667102140446407    0.06437952149265591    0.05177137146431054      144.1116357735581
                  17000     0.7519599542145691    -0.3735147836096175    0.06914144339718366    0.05513727670680145      136.6760875643132
                  17000     0.8920419353955894    -0.9117757763017678    0.06831856714490356    0.05628908570424387      3.853313007107141
                  17000     0.8037051620821023       0.24006698159776    0.06844806460206326    0.06124366105511107      183.8990862855385
                  17000     0.8952056916569849     0.4471082588936102    0.06251439569920927    0.06002711458445878      74.27956082527926
                  17000     0.7998069957020945     0.4208868959610584    0.07211624192742455    0.05620746923650058      457.8721877079561
                  17000      0.557225679962998    -0.3081134186930768    0.06749125198350632    0.06095355402501729     0.8346773929250514
                  17000     0.7808431853685466     0.5763340782838831    0.06718445064860096    0.05503538143584136      193.3742706650831
                  17000     0.2502277513919621    -0.8901724753511832    0.06914546880203287    0.06401218643719658  2.650396307173754e-05
                  17000   -0.01968320554837021    -0.8573736851465448     0.0710089316857711    0.06428663339054033  1.126949445805393e-06
                  17000     0.8249092941545787    0.05163906671440164    0.06937055021570426    0.05806174174297806      104.6685150654849
                  17000     0.6908554353287926   -0.03249359255011326    0.06312741303830406    0.05123702771905451      8.487405283021848
                  17000     0.7796288950208687     0.4884735409481106    0.06350638299696953    0.05682754136443656      225.7095448377313
                  17000     0.8511801906879509    -0.7672547185655795    0.06411372526203636    0.05518083852499226      8.927440653441037
                  17000     0.7458527109775883    -0.5178566099872406    0.06655743687672601     0.0544563627779612       189.818518577425
                  17000     0.8055489017324846    -0.3138679626984847    0.06724762035220533    0.05401411466922997      89.98876570081967
                  17000     0.8133119801910554    -0.5234760426201698    0.06372893180501106    0.05519954649886446      203.6152706562299
                  17000     0.5210938657157791    -0.1746240218454139    0.07077391135323903    0.06174894494163107      0.793048191797762
                  17000      0.389511660327563    -0.6886335341170183    0.05900048218727705    0.04561546642128021  0.0002688836252221566
                  17000     0.4867465253168438    -0.8773072533797996    0.06591541988784974     0.0571155810178032   0.003027741597548574
                  17000     0.5467098951339722    -0.7658190727233887    0.05759457873053875    0.06873665008248346  0.0007123966903097293
                  17000    0.04176869708514955    -0.2474123877077167    0.06396272836363917    0.05215887003971943  8.182715827517557e-05
                  17000    -0.5719545479531508   -0.07168828594594157    0.06774480714412737    0.05715815615003815   0.003741180577771488
                  17000    -0.5825545806228537     0.3153138356596998      0.067200499912515    0.05934893284712119  0.0001981763539127889
                  17000     0.2224813091280607     0.1177852355272037    0.06169396703718694    0.04842974808529408  3.567837812420772e-05
                  17000    -0.6501653867035754     0.7160647104024438    0.06625651399096104    0.05612573058812535   0.001485507548775734
                  17000    -0.8542956291298351   -0.08250275382176936    0.06619365804043614    0.05528412251897519    0.09756534315963297
                  17000    -0.1749057300654175    0.04891050455885716    0.06676059273035999    0.05508545579186015  4.838465934549235e-05
                  17000    -0.5616786202943115    -0.3389500701782203    0.07042881935645481     0.0570519206604017   0.004032671092018198
                  17000     -0.738387130464112     0.3614394067025791    0.07535281629225263     0.0580516390133107   0.004563604544090515
                  17000    -0.7520663738250732    -0.5025219917297363    0.06554010801777464    0.06706908686845905    0.01359458773262408
                  17000    -0.4568498537991086     0.2036637987456211    0.06359843818049289    0.04881870969676628  0.0004376701615517737
                  17000    -0.2813150754999552   -0.09131860600440203    0.06577486700144913    0.05210859521006899  0.0001269426454975342
                  17000    -0.2592196682430203    -0.3124558858266461    0.06203634118840841    0.05151556771062968  0.0002930782069436538
                  17000   -0.09178799620146741    -0.1372691574655064     0.0661262859425219    0.05089625263429823  2.637657601505813e-05
                  17000   -0.05563851598146457   0.008697826036324668    0.05594975879738483     0.0449833443117898  9.199857112517203e-06
                  17000    -0.7966864569620917     0.9218860526693516    0.06840059623112815    0.05827807549760687  5.429110711050777e-05
                  17000    -0.1405315274876354    -0.3071098907165376    0.06447123366513095    0.04925565698621235  7.176978894509397e-05
                  17000    -0.3578530563460125    -0.1904434864973229    0.06572582445489979    0.05537192307387897  0.0005730460105564149
                  17000   0.003380034577599147     0.2331139613167171    0.06316754563773801     0.0544212413026002  1.104949230112657e-05
                  17000     0.4267310834903128     0.1045809007261371     0.0620325124879928    0.05712104734905937   0.001887126279521481
                  17000     0.2983257051950515    -0.1308282233820576    0.06235936896936353    0.04784149824256717   0.003388356935775186
                  17000     0.7086897251441251    -0.6480704614426188     0.0551777171747217    0.04399016800729993      7.216328609506287
                  17000    -0.3419643185078364     0.5275277714507219     0.0628378903465544    0.05227411682940781  5.989365245087265e-06
                  17000    -0.5573097012365585     0.6483662872577853      0.063318232448592     0.0503910583416782  0.0001521152155364611
                  17000    -0.6507284650349364      -0.11482096146415    0.06837165326163407    0.05997981281998092    0.01043746976333723
                  17000    -0.8811214654131636     0.5325273500364248    0.06421110037526355    0.05162630421450398   0.003347038294128214
                  17000    -0.5072717070579529     0.7035600543022156    0.06956565590993768    0.06469034127917174  1.249489774796412e-06
                  17000    -0.2925488156653036     0.3033898416100876    0.06934207266476787    0.05379371653391646  1.819202854913711e-05
                  17000    -0.2917462372590653     0.1494190797965727    0.06571564802273114    0.05188018728065615  9.005103387107318e-05
                  17000    -0.4503574669361115    -0.1432621031999588    0.06870787030030936    0.06441177441013196  1.299658874314717e-05
                  17000    -0.4248441823322871    -0.0338968244408523    0.06746101999446801    0.06416322380492269  3.596191569078831e-05
                  17000    -0.6716159577617078      0.543658524780018    0.06601108631090069    0.05499858262467074   0.002464404211664124
                  17000    -0.1450829971582193    -0.0641865849138963    0.07193107499009459    0.05342373584907532  4.104784576325655e-05
                  17000    -0.8103189048131211    -0.4116651026211185    0.06131175623811831    0.05036625214777531      5.906478606229813
                  17000    -0.6080179671874342     0.1963021506027467     0.0700488812763142    0.05952287373218933   0.005556554256340017
                  17000   -0.08196243432878408     0.2033393993762803    0.07547010258662273    0.05501279076613478  2.595096243206044e-05
                  17000 -0.0005207892389937902    -0.5485312865159895    0.05751781586388297    0.04802864035396522   9.30011003618063e-07
                  17000     0.1325762069687877   -0.00439920153668893    0.06629898359409851    0.05470472335201491  0.0002983358066897569
                  17000     0.3297467252815803    0.05493867285419416      0.059198844293714    0.04782557687010058  0.0004212313259129014
                  17000     0.3415971717110351    -0.0860180441259584    0.06963951438267098    0.05494134268694191   0.004203514405828588
                  17000     0.1913414597511292    -0.7908985018730164    0.06812738270089076    0.06354440375650951  3.902111629961839e-07
                  17000    0.03602387383580208    -0.9681373238563538    0.06612647174647662    0.06168157398886027  3.333300189972054e-07
                  17000     0.2496208846569061    -0.7353318929672241    0.06597735112955491    0.06161054151972177  3.888438984855959e-06
                  17000     0.2424076795578003     -1.014216423034668    0.06584145386219897    0.06151374688441769  5.430251445989943e-06
                  17000   -0.06451561342008691    -0.6531038515996829    0.05967273916767066    0.05678488854377432  6.561277236232766e-07
                  17000     0.4660254435640517      -0.74584206865295    0.06528977798254765    0.05973955643253043    0.00188266261897927
                  17000      0.776113748550415    -0.9861098527908325    0.06552325712977491    0.06115651205081165    0.01233134337108921
                  17000    -0.4782277691759121     -0.441798106579835    0.06675289135514323    0.06117944713005108   0.001440450461817507
                  17000    -0.2158520817756653    -0.4728685021400452    0.06691979864142091    0.06159177343500599   4.97566143251029e-07
                  17000    -0.7290276652799472    -0.1394077611526964    0.06810311704106414    0.05496242207271439    0.01773040472903918
                  17000    -0.4825340211391449     0.6341872215270996    0.06679752912753148    0.06178316250437686   6.70805609031457e-06
                  17000   -0.07509907183857661     -0.336735980492442    0.05989214289192099    0.05171354507314319  3.626244265359568e-05
                  17000     0.1457191888127103    -0.2122770726800622    0.06607133930813712    0.05435592894584388  6.564944867669807e-05
                  17000     0.1630296476992783    -0.1335464064834592    0.06461423366202869    0.04755755677348954  0.0008288119581429311
                  17000     0.2746945321559906    -0.4508194625377655     0.0660273200477549    0.05895118781567135  3.758513059048561e-05
                  17000    -0.8706781746332977    -0.3098252562972436    0.06736053445781608     0.0549513821096777       4.73530367627315
                  17000    -0.2712836320198634     0.5676612059376251    0.06324796800501499    0.05069702960271383  3.687115923162707e-06
                  17000    -0.3622760087408756    -0.4214268262679699    0.07224287074334322    0.05871271528264171  7.473409910739171e-05
                  17000      0.251113088457841    -0.2696390994616043    0.06449384174107857    0.05444095990525231   0.001282366542361962
                  17000    -0.4478170284141497    -0.5668246502696165    0.06265479173571686    0.05053606538783002  0.0001025722303875731
                  17000    -0.7351504149524508     0.5039111432907729    0.06749705621746972    0.05597646071818067   0.006922234921724166
                  17000    -0.1292419190417343    -0.2124864390057358     0.0636871377074153    0.05360367125231116  2.646016489489054e-05
                  17000    -0.7442461308594249     0.6480435705924616    0.06014210185301849    0.05072053137172553   0.002160155287448253
                  17000    -0.4131756539845982     0.6050804666874414    0.06410919077224396    0.05530403998399119  1.953068776617277e-05
                  17000    -0.1529895417538689     0.3815764163336272    0.06745186922668511    0.05096832229394242  4.556032113779268e-06
                  17000     0.1612037905759802    -0.4383126539854816    0.06697865969716409    0.05615138731210086  7.889015719313031e-05
                  17000     0.7871160029085769     0.1606829003700276    0.06225909061490767    0.05540581596918363      62.77045732660462
                  17000     0.2317574953256184     0.3586516265800808     0.0677717182439892    0.05267807371120517  3.316534968155664e-06
                  17000     0.8706597052311573    -0.6705519448582625    0.06212634739174125    0.05440811682333224      28.30988721843455
                  17000    -0.7650718960671253    -0.3156061464003817    0.06432784930787255    0.05119286067985804     0.3562945722706296
                  17000    -0.2693610263141665  0.0006681105175106148    0.06682639900996525    0.05852789114826237  3.155769050170366e-05
                  17000    -0.8225381970405579    -0.4934452176094055    0.06784162463753768    0.05818213662129421     0.4828517974748296
                  17000    -0.1841617361828847     0.1611397226883958    0.06200230397466218    0.05047529928956977  1.025699952141326e-05
                  17000     0.6707956716872577    -0.2817030139297364    0.06246703882702554    0.05032731804567339      3.888055459981705
                  17000     0.2809685396416219     0.2114619428255773    0.05949110007844726    0.05022077266572272   3.21927286157197e-05
                  17000    -0.4061198486747091     0.4264756820306151    0.06476930506147997    0.05373984603734763  4.424191321602859e-05
                  17000    -0.5109829902648926     0.2837570607662201    0.06833637578510351    0.05787239938409622  0.0001311986567305562
                  17000     -0.761241535772177     0.8053701860837957     0.0628847965140393    0.05004615986895641   0.001895688384560399
                  17000    -0.3849480152130127     0.7849732041358948    0.06787675141368628    0.05778857904676862  5.038765755524171e-07
                  17000      0.658528819631419     0.2092824809857373     0.0589459326820725    0.04580737936938559      4.194897365285414
                  17000   -0.01535403891930277     0.1166027136656454     0.0659963336643993    0.05253194123118379  1.532360864075754e-05
                  17000     0.3208080232143402    -0.3439592123031616    0.06804567682052823    0.05752780152357338  0.0007595282946314296
                  17000   -0.08552858316332558     0.1085369140323772    0.06665237566232485    0.05584701643063504  9.211590142177414e-06
                  17000     0.3631874024868011    -0.4853383898735046     0.0677513142666679    0.05688284053532783  0.0002314502715421443
                  17000     0.1611648498455056    -0.6256453829545603    0.06424983135154888    0.04802046323292296  2.681462705503131e-06
                  17000      0.788359243957769    -0.8933436251973614      0.064460070222483     0.0491045396928095      1.643973083817935
                  17000     0.4466421784122618    -0.3471062062708742    0.06496069315076934    0.05097337299194257     0.1189268054158549
                  17000    0.06953384727239609     0.6195518970489502    0.06700539933020543    0.05646336238103455  1.940959141505915e-07
                  17000      0.217369105639364   -0.07907666696612567    0.06205940869354943     0.0478964490257338   0.001068177934931253
                  17000     0.1345027269426403     0.2516089355019001    0.06556039063565346     0.0541523352886146  5.826248854843855e-06
                  17000     -0.709628932584789   -0.04285747007899995     0.0606114397383624    0.05233298593341969   0.009738511293795578
                  17000     0.5696410536766052    -0.4682944416999817    0.06590526148598547    0.05509520552012061     0.8924959581656169
                  17000      0.713872238374359    -0.1176831521239569    0.06685223606039283    0.05131004616970245      5.982680903523236
                  17000    -0.2761875987052917     0.3794539272785187    0.06591556588829817    0.05466062352717643  2.263229365493535e-06
                  17000     0.3029346168041229    -0.5291922092437744    0.06515080714235919    0.05348419447983379  0.0001655335637898824
                  17000    -0.5923455740814344    0.05656901747474023    0.06393413782144154    0.05540307602822955   0.002261447147130894
                  17000    -0.5211932778688434     0.9033356132142174    0.06675877600185467    0.05355115130259572  2.897778759615563e-06
                  17000    -0.1992022418278145    -0.5703581816063664    0.06590682003256843    0.05245196042383616  1.311496217075619e-06
                  17000    0.03871245740655652    0.02773865380889199    0.05994647381409436    0.05365590829258098  4.218586736974919e-05
                  17000    -0.9257810751529914     -0.504685885092643    0.06433386765942346    0.05401233065304966      4.076132207861029
                  17000     -0.489479557240264    -0.2185623179286514    0.06440038324695142    0.05080953394761614   0.005133638195877592
                  17000    -0.5638648271560669     0.4503057301044464    0.06507556277353137    0.05312200438119132   0.000200487366536516
                  17000     0.6794153611090806    -0.4404389906907344    0.06618624363866103    0.05298898404187073      53.24818294512804
                  17000    0.01863434232518264   -0.09072599239166239    0.06617447276900995    0.04732535477325397  9.954653894403415e-05
                  17000    -0.7580907646461491      0.267330734414337    0.06172048995251621    0.05334730578234726    0.03700249406718283
                  17000      0.282338559627533     0.4155488610267639    0.06465900777671454    0.05266187519540898  4.609323180346013e-07
                  17000   -0.08315002562597462    -0.4615313088855901    0.06157394490316572    0.04950974157039541  3.658987623026839e-06
                  17000    -0.5214583557589375     0.5445107918450853    0.05864513804311138    0.04609910423191209  0.0001671760309421083
                  17000    -0.2838415382611939    -0.1653503994785329    0.06251751952892916    0.04848475793689967  0.0003364297128031423
                  17000    -0.6020733118057251     0.9234777688980103     0.0646179107785842    0.05209130199513552  7.646547142292625e-06
                  17000     -0.622035026550293    -0.2978262901306152    0.06438968334637893    0.05187189709563685   0.006589645959712669
                  17000    -0.8242155408225026     0.4745073006319034    0.06806883756496689    0.04904477822854795   0.006854750012522419
                  17000    -0.3533921539783478     0.6317400336265564    0.06422904395312279     0.0518631268735279  3.219920110894466e-06
                  17000    -0.8452333372954134    -0.1899288128526697    0.06298882915953706    0.04968823928177185      0.204266486088852
                  17000    -0.6519474983215332     0.3086424171924591    0.06403603729647116    0.05183269952767847   0.001824089339059021
                  17000    -0.5080251693725586    -0.5838083028793335    0.06369046622483245    0.05196227313750473  3.696755068989799e-05
                  17000     0.3725063800811768   -0.01534528285264969    0.06376645740347703    0.05186693239556015  0.0009578560755399672
                  17000     0.6258021593093872     0.2821299433708191    0.06409948443032477    0.05172970141253938     0.6917528535058745
                  17000     0.8330524644036146     0.3119118667031726    0.06576716498364159    0.05114228656327387      69.64836660680213
                  17000     0.8733072458107161    -0.4772061089188985    0.05967054863282993    0.04652199567359024      30.44230704742839
                  17000     0.6660335412346378    -0.2172561732882886    0.06034172068378822    0.04765144557091468      3.196576795106743
                  17000    -0.6370657086372375  -0.007441464811563492    0.06275857399997656    0.05042748162956603    0.00156250719118807
                  17000    -0.6384962201118469     0.6533603668212891    0.06316526728369527    0.05029423290843713  0.0003416016356436375
                  17000    -0.2849459071278003    -0.2484607826364473    0.06106427024157375    0.04653092416550342  0.0005711488957501213
                  17000    0.05493523418536237    -0.3289657481369344     0.0599340696267885    0.04513435418035062  2.107931132443465e-05
                  17000     0.1129199759177032    0.08385302857404942    0.06131473153032934    0.05247035987210844  4.838404739520357e-05
                  17000    0.08456378430128098    -0.4416303336620331     0.0624927702842207    0.04923027717374714  1.879220187147848e-05
                  17000     0.7583180892527105    -0.6826815970703245     0.0598224587639252    0.04864304855402467      13.31528425378239
                  17000     0.8637030276465149     -0.254142818344957    0.06177438019537998    0.05015865964434213      19.94398505245224
                  17000     0.7554585329792829    -0.2075862086680894    0.06312786991390083    0.04881173340219596      18.47255674739713
                  17000     0.9355665445327759    -0.8265538215637207    0.06216258371966651    0.04867597790045922     0.3830627535860237
                  17000     0.8878256002655804   0.002395947563128338    0.06045918479008838    0.04663433494774657      22.69527604843721
                  17000     0.7429011485365895     0.3385306473277401    0.05986094629186157    0.04624170952518136       87.7225765665587
                  17000     0.7023470997810364    0.08709922432899475    0.06052992751717386    0.04772234234006231      3.721012145272964
                  17000     0.6539832353591919     0.6101788878440857    0.06028672170965607    0.04760881635252787      2.461495219190159
                  17000     0.1217352971434593    -0.2914164066314697    0.05945171466758439    0.04723874379515977  2.138677860719391e-05
                  17000    -0.1865772008895874     0.5197716355323792    0.05993784228241237    0.04719489938069089  6.766926477461289e-07
                  17000     0.9508734857142704    -0.7184754316419351    0.05711457725771492    0.04939639974322299       3.23921292008513
                  17000     -0.635881245136261     0.5817844271659851    0.06001510817049364    0.04701147333438539  0.0006534924487688799
                  17000    -0.8595644634602285     0.6440942154548095     0.0589489491454923    0.04992365182637534   0.001706539019672238
                  17000     0.7689443061161378     0.7095038419477836    0.05971584829285345    0.04510158569660023      3.061269165962987
                  17000     0.5382370948791504   -0.04112328588962555    0.05935730678678187    0.04651423597833051    0.07902622488193363
                  17000      0.371919976690221    -0.2165225754282437    0.05923270587810456     0.0471367988906438    0.02137746607020539
                  17000     0.2105623990740065    -0.3622363880201588    0.06176390349793743    0.04629293586984787  0.0003403757388173743
                  17000     0.9191690683364868    -0.2917786240577698    0.05901644626809167    0.04618227026835402      3.161792541905571
                  17000      0.592412531375885   -0.09632623940706253    0.05885493492513483    0.04594777916309275     0.3766872889977214
                  17000    -0.7389117137559403     0.4364111179140414    0.05730474466604329    0.04470748593971455   0.005453595815171185
                  17000    -0.8883116685245538     0.3151463615904188    0.05755612409010401    0.04583109401407985   0.005343494463524119
                  17000     0.7228949727671777     0.1847104993646183    0.06013430365032012    0.04668363655432656      14.87224926113589
                  17000     0.7512906193733215    -0.5739166140556335    0.05911493658512087    0.04567397229877769      22.40541022765231
                  17000     0.5051037669181824     0.2242145240306854    0.05892633228835895    0.04555033988954109    0.04163292825778319
                  17000     0.2359146773815155    -0.5001104474067688    0.05889784786549993    0.04554669314068215  5.194335461023946e-05
                  17000     0.1138113811612129    -0.3829381167888641      0.058868853277175    0.04553455169804013  3.190624266667606e-05
                  17000    -0.9538653492927551     0.5813254714012146    0.05885438717506772    0.04552488140822451  0.0001921459606209667
                  17000    -0.4359101355075836     0.1547372043132782    0.05900243359437508    0.04549606283062653  0.0002394076018932093
                  17000     0.8663057320857721    -0.8541897567660334      0.057405180457804    0.04598369266786661      1.778255015841826
                  17000    0.03840382397174835    -0.3978450000286102    0.05872640981693686    0.04507829252950094  1.233511427920123e-05
                  17000    0.03219212591648102     0.3909832537174225    0.05882743873185613    0.04507416640308946  3.830353188627882e-07
                  17000    -0.7897521257400513     0.8593934178352356    0.05863800843115459    0.04472314081394949  0.0002533834957977668
                  17000     0.7637338838512947     0.6411210009220931    0.06116142749361945    0.04544556917286344      26.98255295134211
                  17000     0.4148409256417706    -0.9681827545681204    0.05705071364732709    0.04442696109647618  0.0001662465698882487
                  17000     0.2760651409626007     -0.659389853477478    0.05822431999927289    0.04459028015710135  9.268206896763538e-06
                  17000     0.3397569358348846    -0.4101037085056305    0.05811528385747891    0.04457279966815041   0.002238011749035322
                  17000     0.2085805833339691      0.291439950466156     0.0580141591754003    0.04451076628468673  2.810075689882159e-06
                  17000    -0.8222306370735168     0.1895253956317902    0.05817115054612146    0.04457752277800009   0.007619847017710036
                  17000     0.6603852510452271    -0.3841372728347778    0.05811389464066469    0.04451719287351137      8.532918728769934
                  17000     0.7718047499656677    -0.7995943427085876    0.05804598048935052    0.04446560910825916     0.5877574992690892
                  17000     0.7522290807885189    -0.4321271023270685    0.05614361949870806    0.04481996399717372      33.77101001818723
                  17000    -0.4205815494060516    -0.5095803737640381    0.05737153967052688    0.04422478093711896  0.0001365542545644246
                  17000    -0.5340829491615295   -0.01998722925782204     0.0576321360877806    0.04425074181707096  0.0005829320670915068
                  17000    -0.3418900668621063   -0.01694316975772381    0.05771436848825342     0.0443026999522705  2.200379125475205e-05
                  17000     0.9034310580486216     0.3621191052623733    0.05661301190118245    0.04541618639740958      26.04888727233359
                  17000     0.7431411743164062    -0.2928847372531891    0.05664150427129729    0.04352010693789444      10.39496002834942
                  17000     0.7463359832763672    -0.7532409429550171    0.05650547171580434    0.04379804705102121      1.416207532385065
                  17000     0.1851285547018051     0.5559819340705872    0.05620532341611516     0.0437475961767838  3.068823429538558e-07
                  17000     0.6627981662750244     0.5589141249656677    0.05566675622973893    0.04345425317234015      5.416121017803915
                  17000    -0.1795109212398529     0.2553913295269012     0.0552724914959464    0.04343529329273007  3.940723069982252e-06
                  17000    0.04173313081264496    -0.1493744552135468    0.05536376658980692    0.04342211176399179   3.63897708894515e-05
                  17000    -0.7988601922988892      0.525448203086853    0.05560460434318045    0.04341802095296771    0.00207174716692361
                  17000    -0.8941807150840759    -0.3683602511882782    0.05565179011361259     0.0434213591433052      2.226992483069277
                  17000   -0.06630700081586838   -0.08781503885984421    0.05562047615543796    0.04340574619596864  1.919018558883274e-05
                  17000    -0.7991539239883423     0.6372448205947876    0.05561573086420553    0.04341739694010508  0.0009718472233191301
                  17000     0.9034207463264465     0.1406091302633286    0.05562273289321468    0.04326192292640958      3.748605595953694
                  17000     0.5485624670982361     0.1720764338970184    0.05561250329620328    0.04325189502498329    0.09335881691800475
                  17000     0.2496439516544342     0.6658302545547485    0.05511524554851854    0.04293310807051891  3.129425445905137e-07
                  17000     0.8468854427337646     0.4908060729503632    0.05505899490101272    0.04290582114006396      29.89665187778859
                  17000     0.1052396446466446     0.5280344486236572    0.05489866834477392     0.0427708983827707   3.46429734354525e-07
                  17000    -0.3380814492702484     0.7332330346107483    0.05483450189246256    0.04268075187166113  7.180979571459486e-07
                  17000    -0.5957043766975403     0.5398218035697937    0.05504571626540181    0.04267962749451005   0.000396493441676551
                  17000    -0.6715714335441589     0.4702817499637604    0.05509129190048697    0.04267910589576818   0.001350770665455118
                  17000    -0.1575170159339905     0.4543272852897644    0.05505015470393546    0.04265043196517087  8.270671819877004e-07
                  17000     0.2428138703107834    -0.5675824284553528     0.0550474767894356    0.04276769529966023  2.482046686895347e-05
                  17000   0.008751143701374531    -0.7393616437911987    0.05503819679889169    0.04284941267020353  3.598279738707145e-07
                  17000     0.3362239599227905    -0.9305095076560974    0.05502197046654375     0.0428895157422492  3.534029757051963e-05
                  17000     0.3404546082019806    -0.8810329437255859    0.05498324253222156    0.04295500177746441  5.634464050501056e-05
                  17000     0.3872917294502258    -0.8479356169700623    0.05496000198509821     0.0429812414194992  0.0001730976226927663
                  17000     0.1260406225919724    -0.8417718410491943    0.05493790037373721    0.04299510541771512  9.480429022332778e-07
                  17000    0.09788286479295699     -0.918171037682073    0.05509133498886713     0.0429535994599758  1.664773701798363e-06
                  17000     0.3913159370422363    -0.7331750392913818    0.05480807290069092    0.04297481484052538  0.0001570768383191414
                  17000     0.3637661635875702     -0.580904483795166    0.05478465631416531    0.04295969129835529  0.0001746781645601175
                  17000    0.04756872355937958    -0.8096585869789124    0.05476222955994724    0.04294514820292626  5.670457300066309e-07
                  17000    -0.1682577282190323    -0.8090181946754456    0.05473884902583095    0.04292859424976273  3.371491737147645e-07
                  17000     0.5402281880378723    -0.9494832158088684    0.05466694447154594    0.04287718086140636  0.0003009575480641576
                  17000    -0.1212051957845688    -0.9527674913406372      0.054644227323159    0.04286036982226151  3.524778060868137e-07
                  17000     0.3284683227539062    -0.7006383538246155    0.05462252693339995    0.04284123283159177  6.356188419116134e-05
                  17000    -0.3583270907402039    -0.1233935952186584    0.05452654846018545    0.04288969858232226    0.00010916938513627
                  17000    -0.2428724467754364     0.7498215436935425    0.05455014584536775    0.04293751175370292  3.818249246755316e-07
                  17000   -0.01127460971474648    -0.3001648485660553    0.05455502048696225    0.04298605641576266  1.588823451198202e-05
                  17000    -0.5441382527351379    -0.2560589611530304    0.05454389231212087    0.04296829660182874   0.001809155230832541
                  17000    -0.5497660040855408    -0.3999346792697906    0.05454784860396591    0.04297919968974651  0.0007995665230265366
                  17000     0.2555666863918304    0.05430358275771141    0.05448717032145477    0.04282570186268331  8.019338820764384e-05
                  17000    0.03869567811489105     0.3283093571662903    0.05446730873513614    0.04281185871346364  1.170144099764453e-06
