#! FIELDS time deep7.node-0 deep7.node-1 sigma_deep7.node-0 sigma_deep7.node-1 height
#! SET action OPES_METAD_state
#! SET biasfactor       16.03631500507211
#! SET epsilon   3.735419329000485e-08
#! SET kernel_cutoff       5.848558909940468
#! SET compression_threshold                       1
#! SET zed     0.04815623814176106
#! SET sum_weights       729.4640948236917
#! SET sum_weights2       5155.008530021085
#! SET counter  992
#! SET adaptive_counter  500000
#! SET sigma0_deep7.node-0      0.1257327842300084
#! SET av_cv_deep7.node-0     -0.2402693892407224
#! SET av_M2_deep7.node-0       112115.5862193173
#! SET sigma0_deep7.node-1      0.1235821224544733
#! SET av_cv_deep7.node-1      0.2318925423695836
#! SET av_M2_deep7.node-1       94830.11196738841
                   9000     0.6608836825450503    -0.2645459437345721    0.06276793649742485    0.05868092545774477      5.670717422274945
                   9000    0.04655263709322157     -0.864992467942946    0.06938676122721446    0.05769482749970644      335.2687872887431
                   9000     0.4762707958711974     0.3820713347652965    0.06880037207042125    0.06158619210531876      7.758808672238599
                   9000     0.7731270166830388   -0.06592424592157542    0.06992948948818412    0.05674684219244327      315.5017224690771
                   9000    -0.1420221626758575       0.40843865275383     0.1524647541697512      0.123215813149974   9.67952478211897e-08
                   9000     0.2253713881552211    -0.4457989653394044    0.06689480416953132      0.061160501472439      28.64579377852046
                   9000     0.4365860023823911    -0.4054483624555753    0.06857314702407558    0.06083196471957945      56.53759980649147
                   9000    -0.5401526591316642    -0.3228923050494197     0.0599218114593285    0.05678934364282481  0.0002156192196962601
                   9000     0.1710581057580403    -0.8028079416027507    0.06789404150475183    0.05949484413843659      249.9503759245724
                   9000     0.2110411861373782     0.6147682361738466    0.06165565142787496    0.05803724341195388      1.017907068777401
                   9000     0.3202062750603764     0.5873253521504387    0.06722263232883556     0.0621682676430242      1.641206464080504
                   9000    -0.3203537995893075     0.2471120002945242    0.07698672552068309    0.07233102416094637      598.9489743642483
                   9000    -0.1760999411344528     0.1126623526215553     0.1135840105186764     0.1126486807705278  5.598659992719966e-05
                   9000     0.3515158588917152     0.2431846306149232    0.06170791801338325    0.05717592551800634     0.5325610464309053
                   9000     0.1544051772596143     0.1871393543851391    0.06427820189211407    0.06016087448479628    0.03313257954089667
                   9000     0.3332900321796291    0.05054307643542318    0.06355571392974703    0.06415066502527683     0.2042121862756956
                   9000    -0.1081852502285479     0.6837555947176456    0.06856037828711588    0.05809084905888439    0.01912835013921491
                   9000     0.2138494323292327     0.4640011347396428    0.06733205484466818    0.05982743520564101     0.2492498722591905
                   9000     0.2338442214111124   -0.09055247805710373    0.06981017382615987    0.06283780911661373   0.008920670485544582
                   9000    0.03192908018653339     0.1690306478928593    0.06745256378449199    0.05973937317780618    0.05230966519475827
                   9000    0.06922407184343934   -0.07837988876665149    0.05856932199615643    0.05503204271752835    0.00186172482093445
                   9000   -0.09855744392812722     0.5824781879209294    0.06587065127256944    0.06169293346405112    0.02476646964588895
                   9000    -0.3348108414089532     0.7257722181199719    0.06155529892740392    0.05479710927530759  0.0006969544762839311
                   9000    0.05298641319414836     0.7440962762180046    0.06246879279169003    0.06052503950580842    0.05652938810209992
                   9000    -0.2683974824927737     0.5818659385000624    0.06310005600537485    0.05851796344477338   0.007864052769846386
                   9000     0.6005147250445881     0.1055192379010436     0.0681793430253559    0.06622705218452861    0.09660909487522652
                   9000     0.5362854692147589     0.4572781693816099    0.06631879997321857    0.05727933073381868      5.033111134020072
                   9000     0.1344153850934708     0.6714066805993586    0.06503734725774886    0.05678110573185759    0.05834648606277399
                   9000     0.6595517072121411     0.3403240475194302    0.06778115850447265    0.06003200760931197      15.98064458912048
                   9000     0.8956767848364976    -0.0286561166888723    0.06178476807625288    0.05985318904373211      335.6526043369307
                   9000     0.4460306371565936    -0.3148036005098759    0.06334641137673015    0.05670147451680609      71.27393893022847
                   9000     0.3449941267523389    -0.5486066078539522    0.06617852343645622    0.05976848263428682      15.58145137980812
                   9000     0.4241367851131314    -0.1745871286191686    0.06087865000325637    0.06171600063069621      7.086726373338241
                   9000     0.5222744643387344   -0.03465476314778359    0.06799940540363129    0.06299694803070115     0.4959967461047943
                   9000     0.7358275026624028     -0.351118178411095    0.05168554065201874     0.0585362151585174  0.0003352301422352891
                   9000     0.3179680935551094    -0.2005092385496536     0.0607073974208007    0.05458708064574885      3.805622786063619
                   9000        0.1892775519089     0.7131316061300196    0.06107260261110517    0.05433049190391109    0.09858702486004396
                   9000     0.4509932492788677    0.01445313948984778    0.05885085932855183     0.0536225948836847      0.396074536432128
                   9000     0.6772889915952224     0.1935772699758707    0.06098509473248007    0.05359488350525463      18.04445318152456
                   9000     0.5167624380788036    -0.2072070367829529    0.06232825990802768    0.05707623963037263      11.25108548253577
                   9000     0.6148705333263795    -0.0960470832778226    0.06654677684848083    0.06149145373110674      33.57651323883564
                   9000     0.1294224907386248    -0.3811777438163326    0.05699175561950475    0.05604824569754559      2.561138815671759
                   9000     0.1433137064357913    -0.2552213552980689    0.06449221503809462    0.05825819013426836      0.310941251032885
                   9000     0.3939719704313042     0.4768512300421411    0.06562110099710761    0.05546372292222711      2.619068241569946
                   9000     0.3897135611068487     0.6725465641977921    0.06389617102062876    0.06321476565084269      0.151254425535026
                   9000     0.4139807422689069     0.5570925032965753    0.05867373376612631    0.05583937578453904      2.212242472983644
                   9000     -0.346786325578392    -0.5558451011039731    0.06330443401568446    0.05618828802476552    0.01345814519736251
                   9000    -0.8471794246790474     0.1194189084332171    0.06361815652422019    0.05694460601400357  0.0002311998009503513
                   9000    -0.5643178477117072    -0.6029786627938992     0.0650519015938216    0.05840413184394418     0.1303890705803654
                   9000    -0.8475595962809885    -0.4384646662201611    0.06859239095474358    0.05766389133676808   0.002750537431920431
                   9000    -0.7254062927552926    -0.5215135345599113    0.07167393334182115    0.06056067051011151    0.02093297870612635
                   9000      -0.62628209671158    -0.4261170249341894    0.06143071832012934    0.05619507880680528   0.004651607782922569
                   9000    -0.4790738502733834    -0.5670876584061575    0.06293558573635885     0.0558698526878124     0.0707293559764469
                   9000    -0.9664106104812369      0.101005541394633    0.06238752849526124    0.05662569954281137  9.456885099873625e-05
                   9000    -0.7417568733149146    -0.3537928916406609    0.06745512613284692    0.06393625601673356   0.003968417261860882
                   9000    -0.4728013173615698    -0.4848729785537999    0.06044309792415091     0.0553489585118097    0.02269643253119751
                   9000    -0.4930083190536242    -0.3680352559270301    0.05820622388038856    0.05285451668853774   0.001121746496757332
                   9000    -0.7704051524444974      0.321289693282606    0.05985710384509751     0.0534489326606002  0.0003008913289859274
                   9000     0.5436025277950365     0.2945615056798763    0.07088901813101206    0.06268492177060506      11.43710247345554
                   9000     0.3449354826737674    -0.3661421556870283    0.06727433684332877     0.0566091097414898      62.46739233358348
                   9000     0.5250701904296875    -0.6138872504234314    0.05772326939255357    0.05942718323060756  0.0006349690725720418
                   9000    -0.2793897053235084     0.7797100953362535    0.06663115342794307     0.0537520805735642   0.001489919530619174
                   9000   -0.08029588969698398    -0.1796379591523304    0.05806579520565166    0.05288444207922199  0.0004108269496671787
                   9000    0.07363412529230118     0.4408755302429199    0.05783923230549929    0.05953714897844734  5.372401298422653e-05
                   9000     0.8097242110534904    0.05884667003996286    0.05891939410053127    0.05418851025380051      63.24255449756866
                   9000     0.8209557740526374     0.1664705671359187    0.06363005393116608    0.05548038903065795      30.10188409613839
                   9000    -0.5678732907836818     0.7146632679791169    0.05961184823512141    0.05344288422595541   0.001222475730451456
                   9000    -0.8368392932846695     0.5596067659059124    0.05999139668083704    0.05593765604968392   0.002154929096784244
                   9000    -0.7222493886947632     0.6382901668548584    0.05928978700686335    0.05972082516689545  5.451002305240428e-07
                   9000    -0.6856067230351527     0.5682321599285625     0.0685330901911451    0.05963443689976221   0.004522741064246437
                   9000    -0.3899680647728497    -0.7229667716761159    0.06199193570754833    0.05627705763038823     0.3143554933322708
                   9000    -0.9150372855830093    -0.3282578505768669    0.06470524653771199     0.0578176493556713   0.001497162474770619
                   9000    -0.4876008109955269     0.7327744497360398    0.07052260444722791    0.06153652440716628  2.107640349464318e-05
                   9000    -0.8974175158112098     -0.228800301622379    0.05979913516247951    0.05684234808923815  0.0003810428070271599
                   9000    -0.9179764280807143     0.1987741776572954    0.06475515636150421    0.05989632499269037  0.0005234225339076149
                   9000    -0.7133728286118565     0.4367154897751045    0.06290673965976568    0.05614832575270631   0.002248819918897643
                   9000     0.5707789659500122    -0.3821390271186829    0.06378287092364082    0.06081013962268107    0.01001412362208014
                   9000     0.1147516809732178     0.3286574758283219    0.06481053360815819    0.06344472250388195    0.09535730302111069
                   9000     0.7279780348714862     0.0913486867546925    0.07312449042247944    0.06812467734949169      59.23854276224716
                   9000   -0.08650279440454843     0.8298134172750478     0.0566324505034639    0.05122288309357457   0.004637789300195075
                   9000    -0.7498198296700611    -0.2076214380510244    0.06470112004440048    0.05598929849902288  0.0002817649536827586
                   9000    -0.8895502138145525   -0.03163835103575042    0.06979430156512614    0.05751163617342047  0.0005425680353434918
                   9000    -0.8688819219531679    -0.1308903129440294     0.0687642776613709    0.05511746306714252  0.0003492071738705436
                   9000    0.04353834056856604    -0.3272404188161226    0.06737179640313191    0.06178773480282782    0.03291177759964446
                   9000     0.1923878667773156     -0.638131248196084    0.06825071008999335    0.05782794556013868      37.26515065005504
                   9000    0.06979627162218094    -0.2237769961357117     0.0633044915793677    0.06118933439720626  0.0006416413174015837
                   9000    -0.1366256454163872    -0.2694598935138164    0.06274886006116037    0.05478346205220579  0.0006219305135067554
                   9000    -0.5268549706568328     0.6489783691716887    0.06321250687879744    0.05493798999842398   0.003820966204131293
                   9000    -0.4810654582931079    -0.6580934096999097      0.062641469659433    0.05646882521093619    0.09377303898942957
                   9000    -0.3151253434243037    -0.6553796745969869    0.06162840976136355    0.05838452740348963     0.1814477257984868
                   9000     -0.646201716184022    -0.1203961742667489    0.05866196497148132    0.05345814178547591  0.0001510187960986851
                   9000    -0.1515355278995157    -0.3908399655559256    0.07294124069226218    0.05796267368457906   0.003151748438383111
                   9000    -0.7731364686613561     0.7244438145416048    0.06122037094008147     0.0551715734965337  5.852811085258516e-05
                   9000    -0.9239988327026367     0.5588950514793396    0.06705189191113327    0.06055332690591855  4.799031388239185e-06
                   9000     0.2439724951982498     0.3928134441375732    0.06784305245418179    0.06099157386786491   0.007268067339117727
                   9000     0.4416849462983304    0.08746348199804421    0.06775885006749562    0.06061565439370993    0.07699968005901227
                   9000   -0.02409645040989357     0.6341503575605874    0.06100826793616572    0.05790987663741214    0.04265260976052438
                   9000     0.5277952739319076     0.0621690651526132    0.05983378492177416    0.05708846336106789      1.914859571815422
                   9000     0.7732087443823822     -0.243026947856016    0.05806390846409108    0.05173906449305085      1.649470377266399
                   9000    -0.2191385538192346    -0.7671495850328316    0.06897994763057069     0.0615605306891657     0.4509437675653435
                   9000     0.3730904425953443     0.3992306888201081    0.06081997096018406    0.05519622616306323      2.297439831615886
                   9000     0.7026244438392479    -0.1593687454152331    0.06655964446794277    0.05369552411443056      26.39242874910716
                   9000     0.5814437268247458    0.02728366893402466    0.06205041708671497    0.05403122276777784      6.458639090722065
                   9000    -0.8664840283922122     0.4744643499702661    0.06163061804422579    0.05651768517830544    0.00191476765044881
                   9000    -0.5227726101875305    -0.0678858757019043    0.06934800297840396     0.0615074044147591   0.001784523490134248
                   9000     0.8792312692283475    0.09679872839943005    0.06344534117212154    0.05468970263554507      39.24116162908788
                   9000     0.1056907898653298    -0.9219229668784269    0.06129903335039662    0.05722641618089284      152.1342807988701
                   9000     0.3333870997419361      -0.62813033532397    0.05966328205560791    0.05897265688362062       9.90429493034992
                   9000    -0.7934590977670765     0.2032892510591691    0.06473989300943268    0.05926357370640328  9.589605196156086e-05
                   9000    -0.7488592267036438     0.7859691381454468     0.0702450220356122    0.06178344169815723  6.247012244438035e-06
                   9000      0.245456806725812    0.03301644575827454    0.06119040714842972    0.05509096199810815    0.01874966374711231
                   9000   -0.05628530941786913    -0.7596218052482632    0.07070693355328588    0.06155039785528185      3.994431532425453
                   9000     -0.480292462722881    -0.2176710060174498    0.06564658987519732    0.05529942501402741  0.0001211736783004802
                   9000    -0.2388288638204968    -0.5983443865370275    0.06500419290526398    0.06024823731528894     0.0801340144696864
                   9000     0.5512655178064473     0.5377282510619305    0.05852864590326869    0.05337490746423565     0.4526717283296767
                   9000    -0.4124736180802131     0.6751609413875383    0.05904561115974402    0.05634729931025241    0.01139049689447587
                   9000     0.0429886837092895     0.5290875020884664      0.059467056793441    0.05340486899603917    0.03704716039745847
                   9000    -0.2186761076515003    -0.1422160633642655    0.06996667555005841     0.0589105957988104  0.0004150020533143232
                   9000    -0.5855461359024048      1.049527287483215    0.06848898796434984    0.06146364444850886  4.009899470824408e-07
                   9000    0.07563707023230266    -0.6429463256990692    0.06404866978200328    0.05594425431791403      9.047392820352691
                   9000     0.2213112007016413     0.1130787142375793    0.06397220606367572    0.05811044217706848    0.02167120129480761
                   9000     0.8528121709823608     0.2627076804637909     0.0670350598736462    0.06048013985946129     0.3705797443663396
                   9000    -0.7900852219789942   0.002831765342296619    0.05992899808161389    0.05281760132865727  0.0001445520512394294
                   9000     0.1671905057801694    -0.7055168705164129    0.06270199549245759    0.05613293611254679      64.89023760366142
                   9000       0.30485138584764    -0.2884725974825088    0.06930342341589396    0.05495427963034623       8.25702652818082
                   9000    -0.1623617665339568     0.8196547725702255    0.05637909057268336    0.05224630397511558   0.002591417024611874
                   9000    -0.4950845077544399     0.9698099968768538    0.06358259821759545    0.06151061875250599  4.009305113458169e-06
                   9000    -0.7031267881393433       0.36336949467659    0.06461597605869765    0.05831029482057998  0.0007281694855466529
                   9000     0.0850507840514183    -0.4604762196540833    0.06459211780163578    0.05834755856942184     0.6833497468218476
                   9000     0.6078589227271455     0.2179887268334223    0.07131050090935939    0.05777300825623384      7.723546467968462
                   9000     0.1215985750251122    -0.5848915390846834    0.06086347566408009    0.05706915419797634      9.605012051851393
                   9000    -0.4848505854606628     0.5381832718849182    0.06411221106602498    0.05761390060008328    0.01206678552807975
                   9000     0.8257079770631982  -0.002712053939713029    0.06087849602799852    0.05533826538289459       133.744419653984
                   9000    -0.9191364751355449     0.2847388592462576    0.05889745935734783    0.05369722463351213  0.0001929457241774714
                   9000    -0.7032419963240286   -0.01147282908545875    0.05829570686328623    0.05867449130618026  0.0002285726806290542
                   9000     0.1670875507868646     0.2665700921353722    0.06335789563082253    0.05759354553991099    0.05446554754851131
                   9000      0.425871432413282    -0.5367583122346848    0.05984494738266129    0.05480971768148286      4.361570724248734
                   9000    -0.5837634801864624    -0.5008566975593567    0.06337874678530374    0.05700847153578401    0.01372572022939227
                   9000    -0.1055458126905754    -0.8087819102590056    0.06442455233992071    0.05860722453707063      3.788017512129811
                   9000    -0.2923094853758761     -0.782642410297955    0.06007704994050993    0.05292261745903084     0.1981270814769102
                   9000     0.9119831919670105    -0.1097069084644318    0.06295316390039458    0.05625175065738042      27.85987532739811
                   9000   -0.02750147134065628     -0.589140772819519    0.06298024374815696    0.05632712076632975     0.5238673993679492
                   9000    0.01751522087585089     0.3936736235165311    0.06343496388811898    0.05742079045579473    0.01214119893436366
                   9000    0.04296998197974604    -0.7907976276058243    0.06065190071185701    0.05847523611594658      35.05275164603437
                   9000     0.4934191405773163    -0.1003695875406265    0.06095288485518006    0.05521222378979165      1.311928540212511
                   9000     0.1210778228411538     0.5884322113513378    0.06019892683158409    0.05322433579334414      0.122150471694823
                   9000    0.02429885976016521    -0.3868652582168579    0.06045665311435808    0.05479867302412628     0.1216627761303139
                   9000    -0.6184168824268266     0.6397480959952108    0.05798281949052433    0.05368638858834609   0.002423473466269327
                   9000    -0.8967974781990051     0.6420621275901794    0.06070386077440561    0.05477079828232397  6.364214024931157e-05
                   9000     0.7705177768931621     0.2986649565508042    0.05984203461361493    0.05230295745957327      2.560875532544089
                   9000     0.4789596796035767     0.1617624312639236    0.06078904459979902    0.05469928252777745     0.5446022917429197
                   9000      0.971388041973114     0.1204058825969696     0.0603527501255148     0.0547951675580323       2.01844756751223
                   9000    0.07137228039682712      0.220289122430735     0.0594259041680914    0.05496072087413229    0.02342458739811025
                   9000     0.5691173076629639    -0.3090510070323944    0.06029537223225442      0.054690976653667      2.750945555636498
                   9000     0.6109583579502673    -0.1873973303352393    0.05926590408212336    0.05280763094807719      17.46210669117851
                   9000    -0.3565552830696106    -0.3911187946796417    0.06027440724310516    0.05466509258925552  0.0003726106656343301
                   9000     0.3140132478970081      0.491789643206118    0.06323496566633159     0.0542298593052244      1.485965137416501
                   9000     0.5195632882171535      0.218871832676435    0.05819701300300578    0.05334469311167573       6.23615748125474
                   9000    -0.1119586524396017     0.7670498549281545    0.05933223296445763    0.05257723914065964   0.008193468861611758
                   9000    -0.4034943190285248     0.9611197044224306    0.05639984210214202    0.05404571296133875  2.718241794803679e-05
                   9000    -0.6540905833244324     0.6953668594360352    0.05966605260006489    0.05424018900863977  0.0006175678741303711
                   9000     0.7632709145545959    0.01736983098089695    0.05951170068967531    0.05406867911658911      38.97419020757813
                   9000     0.5854511260986328    -0.2470436096191406    0.05948864106931392    0.05401684167315707      3.799050293100704
                   9000     0.1501765458845661     -0.490010438945669      0.058153362058351    0.05341939107896415      10.81079101610754
                   9000    -0.4028092622756958    -0.5290599465370178    0.05912196986947967    0.05398835433068168    0.01842690726094941
                   9000    -0.7314365001429077     0.1592765798447095    0.05934990503081711    0.05528503677141009  0.0002554565814741863
                   9000     0.2773647765263031    -0.5160967475946534    0.05982232653055274    0.05693179904214828      23.71899086861884
                   9000    -0.6518471837043762     -0.225057452917099      0.058652138214105    0.05354648377021382   8.59873129290578e-05
                   9000     0.7804766195240321     0.2382279479494563    0.06038972214199578    0.05352753720162252      9.365844004653946
                   9000    -0.3844846487045288    -0.3210448920726776    0.05858548691966619    0.05333240038620835  0.0001506210080886442
                   9000    -0.7417051196098328    -0.1281948685646057    0.05841174432573949    0.05307710260885168  7.872307185028229e-05
                   9000    -0.2376659363508224    -0.8291018009185791    0.05815401609879647    0.05280522569715566     0.2498008818186538
                   9000     -0.553142541607948    -0.1992631474072034    0.05644644278185473    0.05147275664603433  0.0002490148758286829
                   9000     0.3320632493207422      -0.43603442083515    0.06226600977479389    0.05125119111995822      20.21371441647945
                   9000     0.1616307944059372    -0.8857466578483582    0.05766968055586878    0.05221185149088051      30.61252362767681
                   9000    -0.7599375247955322     0.4977257251739502    0.05734704684860087    0.05200568087471247  0.0007544838838432537
                   9000    -0.9149544835090637     -0.423960417509079     0.0573687854281733    0.05188323746980769  0.0008371962170366467
                   9000    -0.2777202737987509     -0.356649316465249    0.05988187979591979    0.05407975050360125  0.0005168581435286769
                   9000      0.172496729977484     0.5371876427980307    0.05604620965140739    0.05211141110769818     0.2907876769118671
                   9000    -0.1803000087393955     0.6338487776017817    0.05858300198642124    0.05458803251115908    0.02837703340126661
                   9000    -0.3514807820320129     0.8542374968528748    0.05742201915426946    0.05184591445642101  7.651561210162478e-05
                   9000     0.2383370205162314    -0.5886812665905405    0.06020218838925812    0.05166166919154305      21.81295371396204
                   9000    -0.4586605429649353     0.6341511607170105     0.0569066243987794    0.05121107932658016   0.002415390860583459
                   9000    -0.2427109628915787     0.9576789736747742    0.05689024953950139     0.0512271845851004  1.576334921422747e-05
                   9000     0.1223002076148987  -0.002024691551923752    0.05689279818514027    0.05127058139993896   0.001510114209247327
                   9000     0.0198401790112257     0.3337594270706177    0.05686594219582384    0.05111586818356852    0.01533641973710137
                   9000    -0.2925202245625055     0.6636114027381157    0.05801453750136141    0.05100208145368473   0.008251614080410948
                   9000     0.2034144103527069     -0.330607533454895    0.05682939624622874    0.05121813880517954      2.824799589419219
                   9000    -0.2768622040748596    -0.5129902362823486    0.05658239438944647     0.0511510794287045   0.006359987710430542
                   9000     0.2507497668266296    -0.7270548343658447    0.05648308245993865    0.05114682870655069      12.30716503039997
                   9000    -0.6544216871261597     0.1507862657308578    0.05649904749815655    0.05114957646093309   0.006168714199057104
                   9000    0.09956211596727371     -0.766523540019989    0.05620985517278156    0.05081397498023211      30.58116930836427
                   9000    -0.7890900373458862    -0.2821720540523529    0.05622625591831056    0.05087491635079269  0.0003368605324300477
                   9000    -0.3356899619102478      0.583339512348175    0.05624015033597844    0.05081834768667733   0.005352925469486246
                   9000     -0.212869793176651    -0.4667767584323883    0.05607508580682947    0.05058438101714425   0.002055787130559635
                   9000   -0.07038028538227081    -0.6558282971382141    0.05590205108815569    0.05053613205344817     0.5344561941105069
                   9000    -0.5279015898704529     0.8505297303199768    0.05575269433505562    0.05051742869937514  2.916527378042196e-05
                   9000     0.2992392182350159   -0.03970137238502502    0.05542717666442777    0.05032140614415265    0.04727587638072793
                   9000      0.320974737405777   -0.09710635989904404    0.05532850743808124    0.05021365723665323     0.2650159713724784
                   9000    0.03058159537613392    -0.9355512857437134     0.0551923447363678    0.05002110639634304      20.64542539431004
                   9000     0.3793940544128418    -0.4875408113002777    0.05507298733384186    0.04991428244297617      7.299040061668657
                   9000    -0.8977373838424683    0.05593365430831909    0.05512298417724502    0.04988180431313839  0.0001150545074924339
                   9000   -0.03209570422768593     0.8027982115745544    0.05493694634690027    0.04999978670490701   0.004811667086305837
                   9000    -0.9979405999183655    -0.1303978562355042    0.05495406872255532    0.05007599302814197  4.200685597180431e-05
                   9000    -0.1724525839090347     -0.718017041683197    0.05477876889304441    0.04999621827452851     0.3745339089572472
                   9000     0.4000087678432465   -0.06291600316762924    0.05467850818289765    0.05026167491677334     0.4225417844481542
                   9000      0.397220641374588    -0.2305939048528671    0.05466326579345872    0.05017088440144118      4.874824383107742
                   9000    -0.2757937610149384    -0.4388210773468018    0.05459345569587405    0.05015179787747227   0.002030517642755652
                   9000     0.1491671353578568     0.4160040616989136    0.05458922651573329    0.05013130511617982    0.04344090819326508
                   9000    -0.4090187549591064     0.5980419516563416    0.05457945680152118     0.0501746742332473   0.003469297797847903
                   9000     0.1312638372182846     0.4764515459537506    0.05455567087499537    0.05019323915137489    0.07129730690632885
