#! FIELDS time deep27.node-0 deep27.node-1 sigma_deep27.node-0 sigma_deep27.node-1 height
#! SET action OPES_METAD_state
#! SET biasfactor       12.02723625380408
#! SET epsilon   2.008904905162975e-06
#! SET kernel_cutoff       5.122093479753262
#! SET compression_threshold                       1
#! SET zed     0.00874751010783564
#! SET sum_weights        2913.63689061784
#! SET sum_weights2       41303.35320774592
#! SET counter  992
#! SET adaptive_counter  500000
#! SET sigma0_deep27.node-0      0.9930746302730127
#! SET av_cv_deep27.node-0       18.77873615966084
#! SET av_M2_deep27.node-0       99497361.01612259
#! SET sigma0_deep27.node-1      0.9464385841040325
#! SET av_cv_deep27.node-1      -1.495791264632305
#! SET av_M2_deep27.node-1       16939333.29559667
                  29000     -19.29957445815175      6.905765294844705      1.858207313920831     0.8629110059841538      862.5202097603088
                  29000     -18.48478507995605     -1.194808006286621     0.9494466877553097     0.9198717838513109  6.434489634331305e-06
                  29000     -13.54610970650791     -4.451196340008837      1.872522743017729     0.8300212565484897       7.56862811498549
                  29000     -14.72453305874176      -14.2291700374109      1.740866060378141       0.91627905179435    0.01157298173759714
                  29000     -19.76327899421108     -12.25841453147337      1.772867761557127      0.889664639398881  0.0003944752332264771
                  29000     -16.36572224034611      3.939079994579424      1.793941246662457     0.8693632019737713      83.96977753213862
                  29000     -17.29031846146031      5.277298050158123      2.138263405384414     0.9077193396327062      230.6892240437263
                  29000     -13.78406144332482      3.134985724544351       1.79972686406641     0.8588970628061843      523.4732653507056
                  29000     -13.76462319450262     -1.236096979926725      1.916507543752205     0.9882005909774206      18.12023860391329
                  29000     -13.37164663331678     -9.730417858207067      1.754717233928051     0.9141572333366871      1.552307966767176
                  29000     -6.290795975768859     -6.425611769160784      1.579653313623057     0.8236187711981431  0.0002230643283827337
                  29000     -8.484152896836996     -9.758731624496138     0.8248342267740804       1.39894663407583  4.763349861469587e-05
                  29000     -10.38013828899461     -4.336110580732035     0.7968189486821078      1.406478239391009  0.0005593486426311666
                  29000     -13.47844575968358     -5.792692487698115      1.848240408341227     0.8813259044618963      4.936961424432783
                  29000     -16.79925083898552     0.1934958462678215      1.784202704860024      0.847576476856722     0.4790103506613151
                  29000      1.049871922838458     -7.528858021328529     0.8233413003086119      1.433529546976988    1.7730258537101e-05
                  29000     -19.40010738916763      1.174212118832895      2.040106978124566     0.8405387228048373      1.972569091486136
                  29000      -19.6555042588998   -0.02602186154632822      1.971300934034673     0.8522142250041455      0.403567097511139
                  29000     -19.73440633587339       2.18230485483568      1.798174239243001     0.7828165957164569      1.573820046406851
                  29000     -7.203674793243408     -9.728084564208984     0.7860473594198163      1.431842943356666  1.204061396697629e-05
                  29000      -11.6519211081918     -8.966079031766435      1.676958814868894     0.8922746215018995    0.04480138532161412
                  29000     -8.739042282104492      -7.60609769821167     0.8066417781585816      1.424858655483554  2.784632761234377e-05
                  29000     -9.246606826782227     -2.523383378982544     0.8078617302938829      1.416319355727406   1.54077491824298e-05
                  29000     -7.890065670013428     -6.362923622131348     0.8102236535201972      1.406677897336826  3.739859373235938e-05
                  29000     -20.31678211473296     -1.177739745958269      1.793292824185019     0.8523015831155828     0.2552897041246337
                  29000     -16.35576076757065     -15.77822050680626      1.961754943562973     0.8603445144682449    0.01563757564581724
                  29000     -20.20712163527029     -5.090063963375272       1.82050475711569     0.8068897276612711   0.007153898252495364
                  29000     -20.38624569830078     -3.927649512230968      1.798276568420666     0.8314879066040163    0.01348346760514653
                  29000     -19.05633544921875     -2.337588787078857     0.8002544525988348      1.376816048506943  0.0008756481350787892
                  29000    -0.5052236938755732     -7.184389053195526      1.177104482425726      1.226198306364168  1.900764917884859e-05
                  29000     -8.952611923217773     -5.551399707794189     0.8239987607710294      1.342356289670211  0.0002032189719155937
                  29000      37.23091584659583     -0.162741314629405      1.907653141784549      0.832959663399422       5.65291435091071
                  29000      37.72263550812497      1.485781086284701      1.813707660945149     0.9467632452845715     0.2267574588377221
                  29000      35.84839140421042      4.442274710110221      2.083438643825818      1.047678656851503    0.01202640462582313
                  29000      28.28989330490338     0.1838121462259804      2.393183214516047     0.8916440246391206   0.002143663338045466
                  29000      20.57831848926602     -3.474307931413237      1.936191013228245     0.8618867032594321  1.895278646916252e-05
                  29000     -20.65051817764547     -2.480285622803537      1.879355732584022     0.8717414243714923    0.04856375973366714
                  29000     -19.91187152106896     -9.394380987954928      2.406901596958102       1.00264696786516  0.0009786319752858885
                  29000     -9.932281494140625     -5.752537727355957      2.790872326525419      1.088886914609838  0.0002744551861158566
                  29000       7.74756908416748     -11.96285247802734      2.785557659043029      1.089900765181259  1.851027525340605e-06
                  29000     -14.01010060024398     -3.555263274263504      1.932054994287837     0.8270736394497777      6.201547666293934
                  29000     -13.34749431687007     -7.209355147864357      1.762694226098354     0.9034748603101301      3.135189501248706
                  29000      10.05272983953899     -7.839220442956186      2.036061283307838     0.8394980696800122  1.667016574236698e-05
                  29000     -4.999148900419706     -1.560140970746789      2.058260695348435     0.9522084940935933  0.0003856420765828841
                  29000     0.9645949057144428      0.607942370105357      2.411425586751542     0.9000585224471044  6.158125111261121e-06
                  29000     -5.945733597165318     -12.24565373952328       2.03871574262204     0.8566426966941298  1.023170223771067e-05
                  29000     -5.150100288800725     0.2859937307107085      1.776496135801514     0.7687544242198472  0.0002176828413215627
                  29000      2.253934762561482     -9.667465920741869       1.92823273898568     0.9263505933249796   8.42383221868723e-06
                  29000       5.78420965189625     -9.269568249716663      1.862742185802266     0.7688124319197374  9.375387389403461e-06
                  29000      -13.8913979547527      1.853756784014609      1.796387566707747     0.8171280852501612      119.3982417899067
                  29000    -0.2364770495658921     -5.293200062544948      1.929275952971747     0.7751018624504956  1.857312418106736e-05
                  29000      17.67971575668446     -4.590162919294322      1.774274775293899     0.9475308499380523  8.330039877560494e-06
                  29000      5.160125609871612     -8.392147448820769      1.730159712509389     0.8425844869275497  1.643101952732276e-05
                  29000     -7.114375114440918     -4.006207466125488      1.920389936746087     0.8756882910499761   0.003912017587858892
                  29000     -14.26376401016997     -12.70450107678824       1.73747107047027     0.8059878703862258    0.03084604340107884
                  29000     -14.07164374306566     0.4448425971040776      1.815009234579486     0.8596219081297799      36.54697051265462
                  29000      28.07009662734488     -3.204724600946327      1.797494296821342     0.8624875187883719  0.0001061321327700845
                  29000     -19.81961961862381     -6.968243225446195      1.746309736159981     0.7998262437613367    0.00366719761920668
                  29000     -1.940003156661987     -2.682096481323242      1.781650267953949     0.8480950130884524  2.070966026643576e-05
                  29000     -5.346360683441162     -13.62806129455566      1.631472119137649     0.8532531575559449  4.229879393658514e-06
                  29000     -12.37789984320911     -12.07112110971843      1.634814327799022     0.8623914782656998    0.01118552497522122
                  29000     -17.91000179534749     -14.28721796478046      1.660396300753645     0.8122897263686597  0.0006772865184254588
                  29000     -4.827580451965332     -10.82314491271973      1.576040479016418     0.8492738813144491  5.678788289881345e-06
                  29000      25.56191610592357     -3.889995944618545      1.644768394211122     0.8464090789348512  1.321545801919838e-05
                  29000     -2.317340850830078     -8.651481628417969       1.63947632550724     0.8458527017887971  4.335091875792229e-06
                  29000     -5.629326343536377      -9.24443244934082      1.621902471708512     0.8438399523093025  3.044164247019726e-05
                  29000      4.213300825607838     -3.887049767350911      1.745959133899811     0.8497442147147006  8.639345981687266e-06
                  29000       23.0115558551411     -4.063110296138733      1.676052740873716     0.8689340616531707  1.170488817842555e-05
                  29000     -14.30932809930855     -11.77185493974615      1.748733650295005     0.8177992776406831    0.06277884151725913
                  29000     -19.50680589007128      3.302020537711674      1.804621224354256     0.7789882511809435      3.946719672116918
                  29000     -20.12325553585236     -10.68009351704113      1.819365255487232     0.7942268269970807  0.0002029506213853474
                  29000     -16.92181587219238     -5.143031597137451      1.766961923490189     0.8181537956572381    0.08081403757122615
                  29000     -12.60054206848145     -13.29883098602295      1.624726567604286     0.8015589075308335   0.001269614089457952
                  29000     -18.44514688307063      4.337302551702177      1.929951205776835     0.8097355777637443       35.0832929851435
                  29000    -0.2909724183808678     -9.072811104951976      1.648011317199248     0.7692729261484937  1.321746183384771e-05
                  29000      37.57188295345696      3.004296115519071       1.79823867739894      0.837509864830283    0.03388970055475587
                  29000      29.34259033203125      2.736849784851074      1.653241452003173     0.7976291722073813  1.557768764267233e-05
                  29000      29.99600527396023     -2.965255360684843      1.738119995044445     0.7455425101449893  0.0001465421889581986
                  29000      33.94223022460938    0.05918312072753906      1.678908689953527      0.795525190267488    0.02962525330942401
                  29000      35.03397769095911      6.056325624796262      1.763930688483011     0.8402247771262294   0.002596344870658318
                  29000      25.99370956420898       3.60235595703125      1.687061763493087     0.7909593957677229  5.063244761478077e-06
                  29000      31.61781046060617     -1.984415636408174      1.680346311483202     0.8068523767546751   0.001344151538718501
                  29000      31.69149627231693      3.540714510282004       1.68715266774773     0.8183353508885464  0.0003261495243058153
                  29000      31.22716497641043   -0.06038773247597223      1.711426664163535     0.7505111601994947   0.006318641891391209
                  29000      22.26961708068848     -5.543493270874023      1.679501754909335     0.7861406921289444  4.773334208498003e-06
                  29000       17.5262279510498     -6.007219314575195      1.678729986983587     0.7857466961622395   4.76473772198663e-06
                  29000      19.91261100769043     -5.798113822937012      1.678386645862691      0.785066399556663  5.248385232926697e-06
                  29000      16.49488258361816     -7.419774055480957      1.677875450284981     0.7846019767112619  4.461788744267535e-06
                  29000     -19.20827226693647      -13.6416346432806      1.726248283760144     0.8299977068975767  0.0006346808456241478
                  29000      4.969481468200684     -7.367731094360352      1.689722276756286     0.7906992310840353  5.243554049456141e-06
                  29000      35.62231063842773      2.969180107116699      1.774431880437555     0.7861087259538629    0.00278577803677985
                  29000      23.79982566833496      1.762375831604004       1.81829028793799     0.7782142602004934   1.81801871756811e-05
                  29000      22.28009796142578    -0.1056308746337891      1.835527605963759     0.7768390703401665  2.184348638510583e-05
                  29000      35.14490127563477      8.370193481445312      1.843795879019285     0.7759602576278319  1.259446768622021e-05
                  29000      37.45125866260739     -1.093640926859602      1.897639329889608     0.7713715167913439     0.2164458291042642
                  29000      23.88207968797291     -2.917760177653983      1.914648928828057     0.7927145038452088  1.253689968689553e-05
                  29000      18.06119877563932     -1.956990170864046      1.831319650879582     0.7553422867111593  9.905855927027043e-06
                  29000      12.16340637207031      2.128846645355225      1.833429781129215     0.7578607103462579  4.044441357303947e-06
                  29000      10.16342449188232      0.671729564666748      1.837197638565451     0.7574262789427126  4.080507941312953e-06
                  29000      16.94252777099609     -2.828507423400879      1.838169000185476     0.7572182019400399  4.746781591947203e-06
                  29000     -2.957888093085166     -7.193071415786791      1.796294891036322     0.7430098492848335  3.388455701880279e-05
                  29000     -11.53621101379395     -6.741775512695312      1.857363446451824     0.7458176178924827    0.09839689398707439
                  29000      -4.62973690032959     -3.141393184661865      1.815033357524146      0.739954186657276  9.610529514754752e-05
                  29000     -21.16595649719238     -7.672745227813721      1.793417729109563     0.7357358026890366  0.0001680865868771071
                  29000     -19.29123306274414     -8.047279357910156      1.792186012896222     0.7355722362103269  0.0006830428231593855
                  29000      4.352358818054199     -9.976827621459961      1.787800071791859     0.7329487311022433   5.12894336090139e-06
                  29000      4.075799465179443     -5.207772254943848      1.787496575406629     0.7330664934745484  4.721900929737458e-06
                  29000      -16.0768871307373     -10.09198665618896      1.747927793404091     0.7255470958545293    0.01471902965133098
                  29000      11.43331909179688     -5.400471210479736      1.753696297217856      0.728602447002568  4.428611293517934e-06
                  29000     -19.67919158935547      5.409485816955566      1.770011965616972     0.7246255846085828      7.923115421448735
                  29000     -2.869293005439229     -5.777153916583685      1.824843372093889     0.7590372875847859  2.513648276650755e-05
                  29000      1.433686852455139     -4.003931045532227      1.752757176310923     0.7233431493009397  5.080452822511254e-06
                  29000     -13.88559046034953      -2.37751729196462      1.724222086381791     0.7477472196909601      4.256536608063263
                  29000      2.466275712278212     -8.000405657067807      1.706190872663211     0.7577703782288258  1.202135390429695e-05
                  29000     -7.733102798461914      2.129226684570312      1.662548499385066      0.715265948479004    0.05323104131606234
                  29000      -17.3077392578125      2.309818744659424      1.658058625593577     0.7139868346589158      2.033862213075348
                  29000      1.244910359382629     -2.373793601989746       1.67409722514199     0.7112776671512976  5.425925149839532e-06
                  29000      38.78621292114258      3.738095283508301       1.67867610440587     0.7108401088614872   0.001682121791814517
                  29000     -14.11409950256348     -10.80765342712402      1.684211477256455     0.7136738978462152    0.02317204068989827
                  29000      14.85932731628418     -6.200350761413574      1.679870858089902     0.7113742249474755  5.000015292014496e-06
                  29000      12.11238574981689     -2.902650594711304      1.702478610063285     0.7082612470242839  4.676803284434057e-06
                  29000     -14.51610374450684     -15.29545497894287      1.716875567948383     0.7062435644448702  0.0008275618856770602
                  29000     -13.90955352783203     -17.42484092712402         1.703700387202     0.7048946355821869  8.387014814721588e-05
                  29000     -16.31196403503418      1.322726726531982      1.696713468680998     0.7037451910599736      1.936076291884104
                  29000     -1.784272432327271     -10.13218116760254      1.687912821772495      0.701111760725058  5.235118087094691e-06
                  29000     -16.62286758422852     -13.56983375549316      1.685261101651398     0.7006372593040003  0.0008921715897830387
                  29000     -13.35883140563965     -8.301464080810547      1.684392075168261     0.7010091418129779     0.0819971727110359
                  29000     -9.481910705566406      -9.15500545501709      1.669378670887444      0.698302324608552   0.007540677101275461
                  29000     -12.02453231811523     -3.957069396972656      1.656229026409136     0.6972136633542255     0.2838699159502454
                  29000      13.19333076477051     -7.197148323059082      1.668536523876744     0.6929350139926357  5.339757070886016e-06
                  29000      8.259085655212402     -6.550946235656738      1.669191378703301     0.6927583172936588  5.248568021263182e-06
                  29000       28.6463737487793     -4.125454902648926        1.6691120730842     0.6925271279682259  1.295271649982846e-05
                  29000      34.36286163330078      6.937712669372559      1.673461534806028     0.6912653693657985  0.0001376592816884408
                  29000      35.32650756835938     -3.480062484741211      1.673930136413427     0.6910275495330475  0.0001557206257454689
