#! FIELDS time deep28.node-0 deep28.node-1 sigma_deep28.node-0 sigma_deep28.node-1 height
#! SET action OPES_METAD_state
#! SET biasfactor       14.03177562943809
#! SET epsilon   2.744460475666789e-07
#! SET kernel_cutoff        5.49700120853936
#! SET compression_threshold                       1
#! SET zed     0.04002424066672308
#! SET sum_weights       13222.20759815905
#! SET sum_weights2       259774.0171869516
#! SET counter  4992
#! SET adaptive_counter  500000
#! SET sigma0_deep28.node-0       1.710241081160012
#! SET av_cv_deep28.node-0       12.18628301251262
#! SET av_M2_deep28.node-0       20310159.55703247
#! SET sigma0_deep28.node-1       2.504434694180592
#! SET av_cv_deep28.node-1      -6.513205665408955
#! SET av_M2_deep28.node-1       24337431.82450128
                   1000      15.03860659838207     -15.03949888595136     0.7590762165084557     0.7863227448522078      17661.52461543874
                   1000      8.720408500884993     -4.764578024663256     0.7623907456042197     0.8122435451540151      3741.751044954782
                   1000      7.158412438589695      10.85382308196578      0.783539282615461     0.9352190645077261      74.73610850689082
                   1000      7.441983030278736      6.023435107222629     0.7242576855497751       0.86876868272123      2828.289271097187
                   1000      10.56148126141291     -8.444577659644233     0.7410181367827857     0.8787639583641705      1660.616995441781
                   1000      17.84372458012004     -9.024768851009954      0.753987894915766     0.7578380550838422    0.03513474201633537
                   1000      7.742294595550418    -0.7305760909684215       0.74247908419766     0.8740639637599057      26778.00719381271
                   1000      13.06590464528343     -13.56159903121343     0.7385376274859438     0.7707915480541605      6356.646641027691
                   1000       11.8475854764854     -10.44456335291591     0.7274824993874087     0.7869464178036542      1076.221792793156
                   1000      16.80297069443471     -11.01340839330953     0.7155401936071889     0.7891258595916795     0.1148714349343401
                   1000      11.00297401268211     -10.85634089487266     0.6921124337907675     0.7650777448554654      529.3343674185307
                   1000      14.40813671189486     -14.41869053330116     0.7394899442075636      0.750817768167621      8175.115794213983
                   1000      11.34140559226529     -3.897014542348512      0.742753237641118     0.8411687547605801      12.89489080094469
                   1000       11.7710526918507      -9.04172444121444      0.750536114190731     0.7741210517487827      733.9764884582235
                   1000      10.82093586853643     -9.666588544138236     0.7100693487116234     0.8123687913245253      2452.490499102892
                   1000      9.109837844618793     -5.864503575054457      0.745700165638471     0.8223912215801008      2703.810511584411
                   1000      8.648371226191641      14.65647007305262     0.7795252329696936     0.8108696044253672      23.94938524242565
                   1000      7.690818960786856      13.84090009192286     0.7466912754563986     0.7906429194591279      35.52151859163715
                   1000      7.412742279500587     0.9159797684013906     0.7978955975716246      0.858859918095899      5279.603036347666
                   1000      12.85837553052986      15.59766221032809     0.7479685359975106     0.7367881049082652     0.6160222295494794
                   1000       11.7012459392961      11.04362348378107     0.7469833019124608     0.7051928737731274    0.03357691640054825
                   1000       7.79559530135811      15.75235333608277     0.7573874178326291     0.8140315020458845       8.78998623690668
                   1000      4.138334876581291      3.250433797670353     0.6041497954306289     0.6351850702702799    0.05359843604959728
                   1000      -15.9559966303869      5.722108968740046     0.6736101142380875      1.011570362444997  2.108070231768533e-05
                   1000     -3.489128296427361        7.6859803946214     0.7537538887568693     0.8134290427657912  0.0003075670440464117
                   1000      11.77953630692102      14.96581207874421     0.7559925866707089     0.7214348624309811     0.4542330600261894
                   1000      13.00069448807004      7.785522979110784     0.7549310491000087      0.738447710887254   0.001260520419278448
                   1000      12.35106691939023      9.441926721791811     0.7620925483739105     0.7926767865972452   0.007427929350453208
                   1000      11.52402733998339      16.13542546127464      0.746175581968717     0.7331709065687643     0.6065572961101159
                   1000      14.64255747814402      12.79981017900588       0.73651119556748     0.8029633021922995    0.07384881531364446
                   1000      10.39927539201654      9.245690967873056     0.6896300469351692     0.8431752317891155     0.2618756675382579
                   1000      14.98788802794683      4.453190913458883     0.7428137974577232     0.7275043260451378   0.007805774485866531
                   1000      16.75888981740509     -4.216825863232609     0.7496991739071208     0.7354019649460868    0.02062049712165049
                   1000      13.74873223073919      14.79748266551153     0.7460028899084753     0.7726251598491121     0.4869664021462728
                   1000      9.893833304957928      16.44461168563112     0.7511775016773794     0.8044201747251696        4.9097149788856
                   1000      15.77893781745466      7.693172628694915      0.726397052898396     0.7355486629247034   0.006915120240302327
                   1000      15.75928386512818     -15.59444679373925      0.701451145831122     0.6805214049522548      7914.099477711315
                   1000      13.23969509814232     -9.152676154611335     0.6497978115556493     0.7858075514806857      37.62656169686668
                   1000      11.78652612273211     -11.78300987429962     0.7536169610066844     0.7588408481917344      1196.628142406262
                   1000      14.79899063844054     -13.57172466504663     0.7389287730502296     0.7606168755329187      663.1061561438535
                   1000      18.15952746641888      -13.4091476366244      0.721491341480417     0.7742141686218802      1.955420714401491
                   1000      16.27587276436807     -14.84681516404605     0.8216905514222228      0.733383399193962      1026.356695772726
                   1000      14.73705783161577      9.830155207742676     0.7916303074324864     0.7718656342248391    0.03059059665956894
                   1000      7.204710969213448      12.43639109706499     0.7275113163017695     0.8368618323441694      57.99216866206802
                   1000      5.003259768692534      10.52083959853951     0.8446692040389081     0.8675743749727445    0.07139374266112203
                   1000       7.36775223640045      4.021959432168587     0.7582668926167758     0.8643983163640095      1538.899180035426
                   1000      3.557355084849004      4.282993674650842     0.4841419744565158      1.059727458749976  0.0006250164874186619
                   1000      6.276088109226006      5.070251709859487     0.7558711916845725     0.7068719444172218      118.6112432988724
                   1000      13.29630908044762      13.59010888531475     0.7332528552681646     0.8001817374980079     0.2177198872049065
                   1000      16.81040194985817     -2.096813550033012     0.8142408083773583     0.7810653064246101    0.03224210486191827
                   1000      17.59053452305648     -4.367871040864427     0.7089207789526555     0.8021195815732978    0.01978353912115217
                   1000      15.71185807677953      1.647769759229191     0.7725969440634599     0.7411562883480358    0.01125809252660908
                   1000       16.0322045718855      3.160991714565488     0.7890724687478079     0.7633521981458811    0.01322834840184626
                   1000      8.303356919541162      12.38625440209892     0.7920941351214684     0.8080866394793943      21.60074590000578
                   1000      11.31825556447451      12.21808550322696     0.6987181338620253     0.7215914735810181     0.0492794483831854
                   1000      2.800536675179842      3.405027938706836     0.7680999624653461     0.8128464671508969   0.001834751219889587
                   1000     -5.663787022528592      1.806632587250511     0.7584210738939366     0.8592035689132167  5.722365435845511e-05
                   1000      4.205892607230755      6.993366533193491     0.8982182203173336     0.8998924767765489    0.07054624104359068
                   1000      8.347221936063267     -3.362425021465604     0.7288120057709807     0.8102608016515461      3347.648168821031
                   1000       10.5208876641034     -5.929758732315447     0.8761575540842405     0.8393626569573688      92.65202491829088
                   1000      11.46647024869695      4.165594163300987     0.7538245978070459     0.6910446221923259    0.00174146525964478
                   1000      15.32765800114971      11.66191534929394     0.7735898548941018     0.7191535323701604    0.02530308817015852
                   1000      16.51391460629578    -0.2903815117192987     0.8039022056684143      0.760668622470314     0.0271214994950716
                   1000      16.85886456600102     -5.168606193560687     0.8052600433824192     0.7535778036726479    0.01483022875939517
                   1000      9.512852315654868       6.87387902068548     0.6333484945984684     0.6646912424335214      3.927717436554647
                   1000      5.688784025890147      8.323364750302966     0.7080243593557594     0.7450704189867881      9.006526015553133
                   1000       9.72478710785364     -2.474093137179386     0.5460766456752768      1.178767923424138      3.880468191191887
                   1000       11.6378785671726    -0.0542076988405232     0.7783378539896622     0.8371565555222221    0.08666703683420875
                   1000      11.05746803675058      6.316019309644338     0.6681217455718954     0.9572594695453407   0.006029797138692604
                   1000      9.683930466341895      12.78899530263758     0.7085697986883217     0.7156791234953185      1.441708471515313
                   1000       8.88679444027288        8.7067383176547     0.7153332755760868     0.7018306757261514      5.670674319457572
                   1000      12.66972076182475      1.757677994258615     0.4843719417535333      1.180707816509518  0.0004107743276971458
                   1000      12.68473097439005      3.566515916905872     0.6684347713090455      1.011144996567764  0.0001173706890060713
                   1000      11.19400978088379      1.833624839782715     0.5231618220407684      1.137038745185993  0.0002077474958137502
                   1000      9.214065491445215      1.018649481911235     0.8182779289888084     0.8060227407743169      44.20605292899459
                   1000      9.465184211730957      2.115412712097168     0.5046703656038249      1.103686431436651     0.3283958693014786
                   1000       4.10732067991911      10.23783193024672      0.699307438158097     0.6766497680638167    0.01676373694909649
                   1000      11.41952050495453      8.525325108638057     0.7330788209388118     0.8841309656185706    0.02108151578551376
                   1000      9.523885207891404      10.79868757258619     0.7903495672824166     0.7822494635533052      3.260209670679673
                   1000      9.976328373611862      3.668379657884478     0.7784748644874901     0.9648991921566714    0.09190865558575435
                   1000       7.91930305594228       9.72740494761633     0.7151535170520981      0.758747255753965      45.46659615663765
                   1000      16.92976345600064     -3.236368715539661     0.8384158346820701      0.739395437469529    0.03019605397316574
                   1000      15.73334495373961      5.152521530885014     0.7574650323810601      0.778521616715071    0.01585690556307119
                   1000      14.98507978212511      8.439488543378468     0.7655569140355186     0.7888214111058349    0.02171059040100515
                   1000      14.58114223093191       10.8713626353233     0.7460720788217619      0.726103107293198    0.02980540541701856
                   1000      15.30571816370628      6.289224074619706     0.7537334067205814     0.7036186592634037     0.0169070503043124
                   1000       6.82181584087759      9.467731219683493     0.7347276477814468       0.79534821758667      93.12853992472942
                   1000      5.704496152453278      15.24473651790151     0.7302892102759047     0.7241656126447245     0.0424972045085118
                   1000      7.916457110675946      -2.05230339091458      0.698601923256561     0.7747895667965877      12597.67491186688
                   1000      10.52234919418869       2.68277667684484     0.6288512371066609     0.7438648498031187     0.1106585764847656
                   1000      10.23490878628624     -1.062669282891413      0.609724699038187     0.9672692447375315     0.7961308267020881
                   1000      8.655044749275453      5.381150543114988     0.4526606557186822      1.077510299341872      2.563321677227437
                   1000      9.855553299260553     -6.996746817731197     0.7294948133871496     0.7692697676755843       1561.00169310062
                   1000      12.84192008339198      -11.2538780873815     0.6989596606184512     0.7718432118038374      470.7036524317412
                   1000      4.145127228858425      15.32079172087829      0.686266583624817     0.6816954492169424   0.001492332215427042
                   1000    -0.8934806948725891      1.069818521465436     0.7825672531904965     0.8241025074732149  0.0002725403045957974
                   1000     -5.026915503581401      7.432791615576657     0.7481935096324804      0.852845711079833  0.0001677187436021216
                   1000     -1.052722876639213      10.35444643882373     0.6960272028713572     0.7154960239041654  7.964080252094709e-05
                   1000     -2.481703439422252      7.771259313440158     0.7898917049456476     0.7973044226897285  0.0001732572814576599
                   1000      1.522234164031067      5.478028104700607     0.7152832253462176      0.731609130034773   0.000576526026570938
                   1000    -0.1729579879836417      6.592584142386173     0.7270405755149488     0.7381859215806823  0.0004561994289286841
                   1000     0.7689780263589995      8.436474983476494     0.7608683494893738     0.7527695603291206   0.002133464630463522
                   1000     -2.034685556210681      9.952502460973392     0.7569025199712309     0.7953168903158406  0.0001813341878257882
                   1000     0.5789120468397678      3.788973749659629     0.8035494834837923     0.7592850226358283  0.0004319551730225457
                   1000     -12.40504680817026      7.106597175819486     0.7800314076967778     0.8460946957798673  4.056948365550947e-05
                   1000     -9.228149943078911      7.600654564070783     0.7010723288612029     0.8372885668746374  4.719249340818141e-05
                   1000      -3.74858284544165      9.684223741429696     0.6944213950281238     0.8541136936741887  5.357060411780509e-05
                   1000     -11.22670841217041       0.84360671043396     0.4703467762419332      1.000400389827879  7.332503763789488e-06
                   1000      -2.31521857722027      9.075941475794904     0.7982046762646428     0.7955465630869171  0.0001729350146093463
                   1000     -9.293245977539931      5.848178707887229     0.7807052274674089     0.8153250476234509    5.4771045166475e-05
                   1000    -0.1586208548354192      7.597860257630905     0.7051196694784723     0.6827414847386548  0.0006145734663946455
                   1000     -2.176450996762674      3.920650174912739     0.7519922340383423      0.774107857429267  0.0002368018437681574
                   1000      6.112178390808594      6.156479324800947     0.7586221676296399     0.7508546361802843      66.69092841951598
                   1000     -3.293030239340644      2.206671782367444     0.7131393778972899     0.7406921134813521  8.972594881115814e-05
                   1000     -3.252634915824277      3.760932189226258     0.6570660413495465     0.7508993736488926  0.0001031817992565054
                   1000     -6.240904900787042      8.458342639048276     0.7399426286707019     0.7448964858917428  0.0001137401960486245
                   1000     -12.80661831892733      5.406810804585968     0.6503934598653407     0.9745368661714505  2.473143785866909e-05
                   1000      10.26294747958391      15.68950735801873     0.7644597474393745     0.7601842664621108      1.404452651277687
                   1000      10.91599559783936      7.652318000793457     0.4951889457376658     0.9822430973580065   0.002757131232530674
                   1000      14.59058467754795     -4.671817051917135     0.5834474280165309     0.8669171988568545   0.001052216424127098
                   1000      16.93715037333094     -7.190383016523263     0.8151208753279986     0.7873115183421114    0.01991963124544835
                   1000      12.75234244003471      14.47453791549835     0.6934886549607614     0.7667566009311332     0.1756636350843541
                   1000      4.701262950897217     0.6670581102371216     0.4942139684572435     0.9924820463701576    0.01107924450274179
                   1000      4.994616080896884      1.721505893787229     0.8200263294081276     0.7730078251417691      1.458912867086223
                   1000     -10.25895690917969   -0.01560807228088379     0.5008296540124447      0.990528617847826  7.214229250241224e-06
                   1000      6.378828525543213      -3.34947395324707     0.5068653976456804     0.9896436284943213      1.192773216297962
                   1000     -1.942713141441345     -5.276333332061768     0.5120127289929499     0.9891983449231243  6.812086900840368e-06
                   1000     -18.39483642578125        -3.575439453125     0.5216334836994893     0.9886479716240546  6.690170375610487e-06
                   1000       -28.163930524367    -0.5947041466348146     0.8188697717072072     0.7883438402471067   0.005834849537426657
                   1000     -35.16656054861099    -0.7120671586312274      0.838555574315535     0.7441632343585437       47.9732659224228
                   1000      -33.7752393449572      -6.00113967881734      0.853827737183293       0.94950000518047   0.001910931418674352
                   1000     -33.64486234874386    -0.9840144306642571     0.8084993656096195     0.7954821815579021      4.267295392092071
                   1000     -35.38327565733119     -4.332732751863407     0.8366227912400013     0.8139646986433471    0.02770588850018428
                   1000     -31.30747087585417    -0.6012413310473439     0.7531088354015317     0.7682483164149855      0.136023015220068
                   1000     -34.73321290274329     -2.032597819019496     0.7988546913757797     0.7360906267228572      12.74035763156266
                   1000     -37.02632904052734      2.634622573852539     0.6794059511071767     0.9364952476257207  7.096698035658525e-06
                   1000     -36.09875126713704      1.211163037888169     0.7535257366277145     0.6993431207464651     0.2072999110100333
                   1000     -30.27969420589897    -0.6205491205787795     0.7824294993480576     0.7549227022856909    0.05615854115650285
                   1000     -32.19451283653196     -3.733820208708791     0.7257211860982413     0.7566043419022203   0.001795493826342773
                   1000     -29.75418980642566     -1.308390376434073     0.8171284126279627     0.7660141663399986    0.02475487683066363
                   1000     -31.18861116896485     -7.230352075265678     0.7558120617112308     0.7435029373901544   0.003896806297419903
                   1000     -30.83347702026367      -4.31066370010376     0.6580838959464901     0.9040507534780829  8.362723933833824e-06
                   1000     -32.49404671619965     -6.358407041747715     0.8494445144286425     0.8142752637855321   0.001175352196334545
                   1000      -30.7713725077724       -6.2558957093059     0.7713974957033843     0.8191135467181236  0.0002530884243515353
                   1000      -23.0802127473319      1.395485787032793     0.7409755209119886     0.7336598654458633  6.544086896074114e-05
                   1000      -34.4881477355957      2.398697853088379     0.6459205128811427     0.8843458926849672  0.0001236482104375022
                   1000     -30.37431144714355     -8.457327842712402     0.6437274356230327     0.8813866326612051  7.868028424620527e-06
                   1000     -20.07345581054688     -2.014379978179932     0.6416295375102962     0.8768248368137826  6.137525008322754e-06
                   1000     -22.11235618591309     -4.434723854064941     0.6415315734545958     0.8762540605899636  6.137961323774814e-06
                   1000     -29.17760357960717     -7.319155964122446     0.7196510679224118     0.7538359686033147  2.834765125848269e-05
                   1000     -34.24515937970421     -4.081180166556176      0.670775113866474     0.7165578005973087    0.02575102944187985
                   1000     -27.16091864523269    -0.2724169976148422     0.8264291987668619     0.7923601235698791   0.001065173101161991
                   1000      -25.0466241992837     0.4906727848736476     0.7971241228063999     0.7608127922322865  0.0001875368364780583
                   1000      3.054397941807947      6.158908561697922     0.6615725064716289     0.7065970226401598   0.004479073709374294
                   1000     -21.44995460507007      1.194557592242265     0.8840575022873297     0.7461487339680122  8.150040547767924e-05
                   1000     -3.950613154292071      2.976170213918146     0.7455490949508501      0.777749861010824  0.0001260432799496774
                   1000     -18.69645203693949      2.819172471037935     0.6980399797710963     0.7541759737530858  4.585870008449276e-05
                   1000       7.94730421000277     -9.882332543941557     0.6542381665009865     0.6409299282201235     0.2511053268664369
                   1000      6.601850114952659     -8.742660249640069     0.7281364181334355     0.7715262247403488     0.0340487782041872
                   1000      9.009962824807646     -7.901379797502415     0.7077228577027533     0.7702573506273899      128.1437470433797
                   1000      9.391438240698418      5.831024457120589     0.6953708441712838     0.6826526268784541      4.213890998577847
                   1000      17.12662977991113     -8.580801165822756     0.7591534115372296     0.7885189238341164    0.02265391925467824
                   1000      2.764895677566528     -2.010528802871704     0.7366810771308607     0.8841195292969775   5.35337406906878e-06
                   1000      12.78547950977128     -4.003931216463643     0.7353007421277411     0.8145016045612712     0.1061473386646542
                   1000     -16.82756996154785      1.660989761352539     0.7381461446498495     0.8891131489127477  5.375176678393788e-06
                   1000     -1.090143827049026      8.125028768961851     0.8017024794480498     0.8288737057257695  0.0004116785912514799
                   1000      18.30497372961865     -12.34810876442696     0.7906526655875168     0.8251677862064039     0.5963835316183947
                   1000      15.06333518358476     0.4862123877581122     0.7599387211081577     0.7866580610553213   0.003882289040442504
                   1000      13.52542646204862        4.9288539348097     0.7272308765905329     0.7545265930608274  0.0007033188245076651
                   1000      18.57664605797117     -7.198590136790543     0.7364645097165567     0.6905916284128603   0.003600496556981611
                   1000      10.35163886580088     -2.695800312245844     0.6938613353997825     0.8044722246064485      5.536775639997718
                   1000      1.394544346418629    -0.1870729845738344      0.796913699117086     0.7965584865352716  1.283953746324361e-05
                   1000      -9.00593622286268     0.9905389711681997     0.6864785332514381     0.7827347172536592  3.521912112708462e-05
                   1000     -5.982416387902048      6.503341951840079     0.7091170764686727     0.7663568525101744  4.355033407265192e-05
                   1000      -7.09932087521131      1.777088733705588     0.7487534804881595     0.7609046543031468   3.62586282138763e-05
                   1000     -7.278193835780855      7.057787137785184     0.8345111851969778      0.783395998413187  5.722282369020864e-05
                   1000      1.037035652118053      2.581941917662573     0.7997408109725999     0.7588245107389937  0.0002917615941466941
                   1000     -19.83395325320124      1.841940429052442     0.8252008610972429     0.8592075528133437  6.567641294843036e-05
                   1000     -13.47490716821354      1.857564004236012      0.703120346814713     0.7358546183683139  1.467601227751371e-05
                   1000     -21.59004644188153      2.935863255176098     0.8573548400063034     0.7920579980682365  3.190458089852156e-05
                   1000     -19.57561492919922      7.358542442321777     0.8062839611691351     0.8836055634093696  4.842815056760423e-06
                   1000     -17.81693800912857       6.89413482881293     0.7623248581571799     0.7736932785851454  3.888838438729911e-05
                   1000     -7.839253930386713      4.809944304081488     0.8307904049772007     0.8001963316690284  0.0001150944298825539
                   1000    -0.4720458186222553      5.332892653041147     0.7872594174924568     0.8199811311875986  0.0003546519949366251
                   1000      1.114832900422723      7.491197175940223     0.7084507643706576      0.767987740183929   0.002674073474234516
                   1000     -4.145731132417104      6.718095413794752     0.8039493996019503     0.8922297772625764  5.961434427228245e-05
                   1000     -26.72249947338996     -1.577466108896605     0.7571533749683734     0.7474143165391669  0.0002060521288641652
                   1000     -32.13934379075302     -2.018000300956045     0.8555691225427144      0.769806318751646      0.103776915265541
                   1000     -6.167110816045684    -0.3047043516289804     0.7218313745852631     0.7605973743549411  1.437146073377126e-05
                   1000     -10.33991542813272      4.480227688130207     0.8740255914855931     0.8633320823813729  1.164646484687198e-05
                   1000     -2.109246492385864    -0.1237490773200989     0.8641018550934424     0.8636222294234814  4.861348275788011e-06
                   1000     -4.066940450625338      4.687750668615696     0.7210176834273349     0.6993309428294335  7.262673747309346e-05
                   1000     -5.474949781582997      3.839690530271465     0.8263856276745196     0.8630368916232539  5.973800786273996e-05
                   1000     -9.037556648254395      10.87189102172852     0.8660840086253242     0.8592589942416627  4.647263755157022e-06
                   1000     -12.00234662324763      8.630022938365281     0.7944873076442515     0.8184702544628364   2.06510405817716e-05
                   1000     -19.05471038818359      10.00893402099609     0.8661435778403129     0.8580362371472283  4.664156601139294e-06
                   1000     -1.759404303242429      2.091428692554614     0.7766706500487922     0.7915820771696381  0.0002501180990626086
                   1000     -15.74146756456766      2.698808368577049     0.7512919193627819      0.735393715593036  1.511385136838127e-05
                   1000      2.186384677886963      12.48804569244385     0.8706652166390946     0.8521877533149972  4.677729434962921e-06
                   1000     -7.987174122480384       3.09810417250785     0.7505721826375434     0.7534338646390144   6.25994524478119e-05
                   1000     -19.44290590137784     0.3989273721800813     0.8513740175021874     0.7613003267891006  3.380839633490683e-05
                   1000     -23.74804700239328     0.7456935682503162     0.7958588796844657     0.8311752309906192  7.400337671474187e-05
                   1000      2.702297311581215      7.665903229315463     0.8254979095667705     0.7683462272640867    0.02073242621168773
                   1000     -17.55740730188784      3.325162030449408     0.8357137692669055     0.8258637550633755  1.373544632925477e-05
                   1000      -6.74637036885895      3.024955576064842     0.8092199669338865     0.7365367031029996  9.739728106841838e-05
                   1000     -13.71854686737061     -1.259196996688843     0.8773159902762733      0.848251706819256  4.638441444326394e-06
                   1000     -2.788944557198836      6.547031302214784     0.8095203474672548     0.7491236779664711  4.690392934776375e-05
                   1000      3.922069423081817       13.1472655858817     0.8147353602634758     0.8277147701859676   0.001390782340898933
                   1000      12.70474583016668     -12.53637361765218     0.7779491342469579     0.7174610172791844        1330.9918981442
                   1000        12.547261759759     -9.800498247452412     0.7187746531348307     0.7746930270422212      360.0480181974729
                   1000      11.50134208531754     -5.808247297034491     0.7179789042528337     0.6871673316747714      15.31406001243995
                   1000      11.99547232841015     -6.984063423767298     0.6646575650437611     0.7150693530598093      31.30682226298639
                   1000      7.961120531549583     -11.52732990785827      0.737899238257915     0.8195094974919162    0.03564307050048889
                   1000      11.20236618799496     -6.734196631441905     0.6758507885634983     0.7057653467675682      46.37627985149452
                   1000     -14.94959144320653      8.420535849301849     0.8040704242796597     0.8011525921252396  2.041078928970628e-05
                   1000     -27.13400508757453     -3.669277984016394     0.7806548196854759     0.7987447165505398  6.908261487863011e-05
                   1000     -8.462181422293638      1.996404315145367     0.7291266311287924     0.7642050106790411  6.555239500792628e-05
                   1000    -0.7161185319196849      4.133487258109369     0.7862799434431414     0.8021228530213363  0.0001314829167001049
                   1000      1.775737903335048      8.729672827304711     0.8098560105119991     0.7509882183811161  0.0009142180772125744
                   1000     -14.47352844790679    -0.1721191975297288     0.7419779984946393     0.7201303528749253  1.442671264160152e-05
                   1000      -2.43658349905045     0.9642585205732991     0.8214687442373936      0.730115072043249  8.815516197011854e-05
                   1000     -11.49077688763227      3.531028218380695     0.7363330970755289     0.7469962869967453  4.616490818219514e-05
                   1000     -25.42670546148292    -0.5094597242800025     0.7530224680711659     0.7628620329440229  0.0002647222588935025
                   1000      6.711135460115201      8.237649806658771     0.7769072392942219     0.7546827493031302      106.8424300435407
                   1000      7.749759473856628      2.692611913011711     0.7549250814251061     0.7597498221484094      621.7221270702881
                   1000      17.99315457763476     -10.54603017532658     0.8405171538128168     0.8336284630115873    0.06636105989117326
                   1000      18.24475223674547      -6.19649081941849     0.6635826896451748     0.7021428500064335   0.002989897388707966
                   1000      16.52077565776121     0.9728780279144237     0.7245063641567331     0.7245959580790495    0.01816298109091414
                   1000      14.63087655427294      7.112790860344688     0.7160453941852986     0.7583290042627644   0.008980340201849084
                   1000      7.036803271671794      2.409298020069602     0.6923944995220401      0.738988518541592      1427.089886406871
                   1000      6.210018200262792      7.006577095776286     0.7425904013967924     0.7119971205927742      35.05814164882418
                   1000     -7.736633716880917      8.130930203258266     0.7760309280195572     0.7552099554914715  2.485854875839931e-05
                   1000     -11.18456745147705      9.411005020141602     0.8507755821437787     0.7842008034398128  5.906411720520946e-06
                   1000     -7.963527541861807      8.974952758242964     0.6894977800863573     0.7365101225464922  3.049575515987786e-05
                   1000     -12.35502311980466      2.868321406220525     0.7367535064973961     0.6969818576220155  3.681310980518762e-05
                   1000     -15.84976548492665       3.82552859110316     0.8057660126755474     0.7341476140418346  2.371625254196657e-05
                   1000     -19.68411632407686      3.117940944163478     0.7262712899740289      0.737775761414229  1.877230473545127e-05
                   1000      -26.4248161315918      3.663995742797852     0.8520752330084872     0.7820922627496542  5.179335400899185e-06
                   1000      -15.4721851348877      7.324957847595215     0.8517119774768737     0.7798914893976888   7.13495981691095e-06
                   1000     -10.12891248031884       3.38377068457047     0.7597782298200096     0.7506299296859219  1.713369314132932e-05
                   1000     -14.49202728271484      6.748598098754883     0.8517501768021636     0.7789361950056815   6.34892977616607e-06
                   1000     -21.70646858215332      4.038662910461426     0.8510896229144125     0.7777773047513907  6.687198219048566e-06
                   1000      -14.9510788149602      1.846213443760856     0.7938735871950635     0.7680127572543447  2.257442690020938e-05
                   1000     -4.094005561671206     0.2367698153589255     0.8275301423166685     0.7783925803866306  2.267710921693961e-05
                   1000      -28.9819180928509    -0.3805546697853551      0.747763889431132     0.6934753866145426    0.00546439429982732
                   1000     -32.30796649364656     -0.845278140744097     0.7860384191474535     0.8048765731030718     0.2615669664811147
                   1000     -20.52435842001616      4.215148290288135     0.7682603792485966      0.711075295297554  3.570649288555676e-05
                   1000      2.028237836318699      3.095392917867029     0.8210908827497094     0.7618369060563452  0.0003301802898689078
                   1000     -35.17463461945245       0.60679458531242     0.7581357495118519      0.775699888474776     0.3052360186479895
                   1000       -35.116370492974       3.15380465162063     0.7225024509037415     0.7114077830427216   0.001004800700280553
                   1000     -17.59334601626422       1.76111763610543     0.8059930224041207     0.7475976956103468  1.507963505677746e-05
                   1000     -8.996272234947783      9.198061261500305     0.7216208497887523     0.7098916821333837  3.899302389019693e-05
                   1000     -14.26498533980447      3.403935449282249      0.755762469655422     0.7242204858667325  2.835722795452297e-05
                   1000     -17.84188461303711     0.3017053604125977     0.8847706921668408     0.7666285842714131  5.988894505535951e-06
                   1000     -31.72004642068144     -5.932150501654964     0.7610674900172125     0.7538868569054703  0.0005375704055330328
                   1000     -25.01293158503395      1.667893401762859     0.8010574880510725     0.7303572950921373  3.269210702872439e-05
                   1000     -30.59280204772949      1.103431701660156     0.8882383321204949     0.7615150130889735  0.0007989156781123667
                   1000      -9.07103443145752     -3.591196775436401      0.888110255539482     0.7612758477301583  5.103247639662637e-06
                   1000      6.638136863708496     -1.759030103683472     0.8913499670161253     0.7601994583016988      102.7738553673433
                   1000      9.057053565979004     -12.98189544677734     0.9043992323929907      0.759243442158728     0.1374408129532211
                   1000       1.67936654462275      10.43214934773257     0.8684443090402063     0.7426609800409359  9.161661131538874e-05
                   1000       13.7964497307312      11.95832355353599      0.766886106374424     0.7388516082899199    0.03797990646805926
                   1000      17.60118140800159      7.220479678363978     0.7712817477538516     0.7273470630840106  5.527344881789265e-05
                   1000      4.693146209612681      14.05931053401813     0.7537687711514186     0.6887561228698574    0.01298839933232569
                   1000      9.544263140479359     -9.465696959472742     0.7111754478644216      0.750866347328683      37.57118409413865
                   1000      14.62504869584573      1.960480724190919     0.7099861413908063     0.7262721614669914   0.002201332152387653
                   1000      16.39124820657284      2.072913529357442     0.6816659828166838     0.7071078636778585    0.01752838566627441
                   1000      17.59808154554155     -5.821195372499021     0.7054684816528761     0.7329659601901615    0.02104006202368634
                   1000      8.379760179774106      10.89538368637876     0.7141808156797902     0.7122924339755925      12.85381705879483
                   1000      8.418840408325195      18.49903678894043     0.8376558265721494     0.7524682346848863   0.005956479003010621
                   1000       6.89373779296875      -12.3637056350708     0.8339098603180335     0.7521300338533029  0.0008050779710728348
                   1000      4.663152694702148     -11.14301300048828     0.8337357543610264     0.7525929658385074  1.061608692184996e-05
                   1000      2.807360819049764      5.361291631659112     0.7083835185457521     0.7172673259522759    0.00298255682226682
                   1000       7.67778596967274      17.66531388392615     0.7366052702978875      0.708263769165869    0.07083619452119913
                   1000      7.600014588909425      14.74847018765387     0.7144825322795113     0.6659166230969844      3.443328033003799
                   1000      7.622962176971908      8.437891151424745     0.7213867242533291     0.7238914698585935       79.8832930382906
                   1000      12.82795832804111      12.42479908306941     0.6823265137067794     0.7055070896153428    0.02795871235374401
                   1000      18.55999612557588     -8.427958239684981     0.6990877000327923     0.6872033810864223   0.003559203699990322
                   1000      16.18229542432661      11.00328636602932     0.6602671340308438     0.7085664414579061   0.002787890353490755
                   1000      14.61146748134778      5.373359485911518     0.7496124054955995     0.7144076425549687   0.003556709236628031
                   1000      15.94277670069741      8.891565743065797     0.7109551182289159      0.674278076535473   0.003114649759592401
                   1000      16.77815216279127     -9.955452125099463     0.6911163140018242     0.7702107640742701    0.06138147672966777
                   1000      14.54163926226948     -1.043101933851701     0.7092327605630391     0.7033607705957619  0.0003681832471326244
                   1000      15.77968706309781     -2.005408116682122     0.7556700343366008     0.6556324983389973   0.003290458607238708
                   1000      2.843081474304199      10.97058773040771     0.7494779245554434     0.7311852853667538  0.0004166314755527798
                   1000      4.839200496673584      11.54202270507812     0.7478116139382773     0.7297717585261707    0.06707800015312815
                   1000      15.89330615616693      4.153080309600292     0.6815962043389654     0.6906213672405874    0.01255719739710266
                   1000       16.5571603150267      6.422739907273328     0.6652367005683957     0.7016738740778586    0.00197552759273101
                   1000      15.51845550537109      -9.60774040222168      0.732807816192399     0.7368773971807865    0.03323857045911647
                   1000      12.37524335715707     -8.232758512640997     0.6939266583590989     0.7340714149308323      179.8701618788831
                   1000      14.56635971090772     -11.64643121484142     0.6910021027495261     0.6903619411113201       8.34712627236765
                   1000      13.45196616020793      10.05267838647972     0.7345316440223301     0.6815235500364001    0.00205375478224398
                   1000      13.21361241167462      6.878312257615249     0.7307733335618679     0.7048724435936436  0.0007660842787702645
                   1000      9.588673825546651      14.49948208827011      0.691588761517297     0.7378058165634795      6.625606534703147
                   1000      10.26529988555273     -10.67403940983984     0.6624678654759263     0.6727184993610084      100.7761560854266
                   1000      11.58012080180188     -2.537656292940211     0.7685752247492061     0.7045529005294987     0.8256884334970123
                   1000      11.35439595174009     -7.755223780731439     0.7009461283830023     0.6744447917770179      147.1606860007068
                   1000      -3.07494727493826      5.669883661177187     0.7807335953014405     0.6744071134670115  5.758567207535526e-05
                   1000     -16.73602676391602      5.798774242401123     0.7078482581101649     0.7179450386555302  8.057017448431057e-06
                   1000     -21.41540261549431     0.2773503259235511     0.7422487889978199     0.6761185111820807  2.036993551500897e-05
                   1000     -25.78684043884277      1.328394889831543     0.7176132294944686     0.7156800140924043  1.091050407573028e-05
                   1000     -27.15776634216309     0.6839323043823242     0.7188628518281572     0.7152167563242697  5.714198241579344e-05
                   1000     -24.14452879427833    -0.3472590445049432      0.751770095768131      0.718563541835758  6.848554300596416e-05
                   1000     -33.50033187866211       3.69980525970459     0.7278449755991035     0.7131832689178431  1.231717382961479e-05
                   1000     -33.14176709697063     -4.814779266782241     0.7406256137076995     0.7279932309076861   0.004840127501706943
                   1000     -28.87706184387207     -8.983701705932617      0.726154458893069     0.7104796748026511  7.147736011896295e-06
                   1000     -26.54722595214844     -6.465857982635498     0.7260667807905209     0.7103429421530703  6.700700898527304e-06
                   1000     -33.54578399658203      2.913383483886719     0.7250330650603344     0.7094836484040978  6.330283735137435e-05
                   1000     -26.86207389831543     -8.376476287841797      0.724439968471782     0.7089288909926915  6.745647535105452e-06
                   1000      -29.2900447845459     -4.205702781677246     0.7241518613786802     0.7086671047449883  1.219223062158014e-05
                   1000     -30.35160542814079     -5.018029837814485     0.7683674598783941     0.7219863681930135  6.793077654364496e-05
                   1000     -27.67594337463379     -6.737852096557617     0.7221986998192674     0.7066882733415247  7.067721206734397e-06
                   1000     -27.82246208190918     -8.373218536376953     0.7210695158247091     0.7054155270882312  7.452260645945084e-06
                   1000     -25.73223876953125     -8.491072654724121     0.7208798312867052     0.7051400045848063  6.995823189485063e-06
                   1000     -16.12690544128418     0.4037199020385742     0.7233414245639849     0.7049975514178155  7.149932445050415e-06
                   1000     -28.84196472167969      2.455254554748535     0.7235048245209007     0.7049378918603871  1.058223499153688e-05
                   1000     -27.57725524902344      3.222893714904785     0.7234277832964061     0.7048557640514973  7.096517394676409e-06
                   1000     -22.10299491882324    -0.4302926063537598     0.7310409097055807     0.7032888864333963   7.89931246105721e-06
                   1000     -26.09884294302051     0.2261896794262417     0.6908190889011384     0.6951033569227176  0.0001498694722242807
                   1000     -33.18806475037803     -6.933878933789757     0.6881594570432235     0.7086925325659414  0.0004024268534230819
                   1000     -29.45379829406738     -3.133935928344727     0.7326537367309703     0.7023553154162292  0.0001574246178325871
                   1000     -6.217182998803716      10.21990513440298     0.7070342528143189     0.7155129097582416  1.654292087643226e-05
                   1000     -30.19161605834961     -2.620009422302246      0.735258861922108     0.7008519145351757  0.0006498737036923855
                   1000     -11.71627902984619     -1.791772127151489     0.7346726251288997     0.6997559054501639   6.75560216743774e-06
                   1000     -18.55666542053223      5.002462863922119     0.7380352083149423     0.6995154817903317  7.065211073641308e-06
                   1000     -13.47371277323234      3.206242370203346     0.6951653017595854     0.7092195463575905  2.779057157536675e-05
                   1000     -11.27789211273193    -0.8005657196044922      0.740973455772017     0.6990015617746002  7.127749977253982e-06
                   1000     -6.821792373645907     0.7640488498542422     0.7375489567116895     0.6860754692555854  1.807178890214183e-05
                   1000     0.2809772705625431       1.53205309456068     0.7048601213684772     0.6977321260237532  7.707925329892871e-05
                   1000     -1.801131601492069      5.950944523259426      0.748805938509598     0.6671670956074421  0.0001348726268638873
                   1000     -1.544623220447315      7.155158335439955     0.7028261486300692     0.7318540443006881  0.0001955349733059625
                   1000      0.643672833155399      6.476992720266337     0.6656843579470128     0.7168808326692337  0.0005610191514550235
                   1000     -9.997024346678517       1.76138301354773     0.7663785455784923     0.6712457174441325  2.810868276726029e-05
                   1000     -10.71389675140381      5.438085556030273     0.7422516549189966     0.6957044732981369  8.048528585979559e-06
                   1000      11.21324190415384      13.99167111190125     0.7590559781523355     0.6856498796310031     0.1270244513635933
                   1000     -31.23957824707031     -1.628052711486816     0.7538446224675853     0.6930561147193894    0.00994935058265497
                   1000     -29.47945785522461     -2.253815650939941     0.7541718108415598     0.6928253093323984   0.000967131217423518
                   1000    -0.2038801086397749    -0.2541737580399249     0.7562141346136365     0.7296954012197137  2.091708750037145e-05
                   1000     -2.467683553695679    -0.9214689135551453     0.7565524094027368     0.6912448785164692  7.307493920563067e-06
                   1000     -12.55061840979565      3.978827531005414     0.6954666470324526     0.6587895510523936  3.231270420803664e-05
                   1000      6.674625791415759      1.623586934362273     0.7031625634612256     0.6781705066080397      342.4010354276078
                   1000      5.017098250291959      3.629073357948942     0.7128230025115043      0.676820911089929      2.186297868161452
                   1000      3.668460193800239      11.74657200994808     0.7665274770725633     0.6812420004521378   0.004445698326968155
                   1000      15.56225681304932     -10.46489524841309     0.7596524893760102     0.6906118852720191    0.06154465016130088
                   1000      11.89762496948242      1.357512474060059     0.7539954886228128     0.6887260629518143    0.02245389554755657
                   1000      8.657983802575723      16.02490135212442     0.6749522228612237     0.7321696834688761       1.97859834512668
                   1000      6.031422805763389       17.3929853523165     0.7206450776741005     0.6811105400738132   0.008903938600032992
                   1000      17.97240044864492     -7.850306411641594     0.6853220575593506     0.6948426298088424   0.006962914036619391
                   1000      16.41120529174805      -12.6191463470459     0.7215629969907094     0.6862709070627154      2.350259562624847
                   1000      15.73876902415872     -6.400620788032355     0.7282494872857409     0.6958490059008489   0.004435632771214779
                   1000      13.94838909767127      3.649259323202659     0.6881365668985681     0.7472191031743893   0.001114303888799062
                   1000      11.96604338407845      13.59168727214126     0.6785224719713681     0.6725092548999295    0.03704159540370063
                   1000      17.00661200789896     -1.083305987256125     0.7299514933167671     0.7126548478171075    0.01902344810178539
                   1000      10.81060879040762      10.93641263146366     0.7005474953669425     0.7388493561769554     0.1120170460578335
                   1000      12.87639617919922     -1.192312717437744     0.7068039167123975     0.6804969181385194   0.002318978738365019
                   1000      12.66345691680908     -5.936898231506348     0.7058612316258737     0.6797398182780739     0.5000663140397056
                   1000      2.865038871765137      14.21296501159668     0.6998671593487551     0.6749095258839739  6.799139829228241e-05
                   1000      17.67366205677958      -2.06079965351715     0.6776030220433155     0.6648273146368731   0.003994423609237544
                   1000      13.82486559298386     -11.13985530759236     0.6254780480832212     0.6520912796925292      12.41633452951971
                   1000      11.99907640935769     -13.22500163886323     0.7526061038315018     0.6875164218893863       175.168343370806
                   1000      8.474832228405322     -6.712532944738673     0.6485956041664439     0.6875353454571055      78.22331223321649
                   1000      9.375834791810538      15.74577475866102     0.6377587756372329     0.6698974285121915      1.767615788540627
                   1000      18.67234953295987     -4.948670215160599     0.6969016158948624     0.6636025870889735  0.0009678126470230401
                   1000         19.82568359375     -7.088462352752686     0.6787723775091858     0.6730938111857888  5.313557885638873e-05
                   1000       17.3005966812213     0.3916552854299576      0.611373906412698     0.6792277044084193   0.001418268117740936
                   1000      16.29895719164188     -8.558466164798167     0.6478095333768477     0.7425317663015224     0.0128366020668496
                   1000      18.22072502588933     -3.383286208158895     0.6551785784396812     0.7328162388136686   0.005027125318520187
                   1000       14.4145144387598      14.26554351687116     0.6505310921521934     0.7036212377781619    0.04947132641801044
                   1000      18.91206969158659     -9.285005280798053     0.6436631179473171     0.6576150605034903   0.003548325086008594
                   1000      14.78960863198068      3.365623270046778     0.6582792468902391     0.6560551668083322   0.002220392909169399
                   1000      16.75589204232536     -6.324100962166699     0.6506095190335018     0.6715507484408275   0.004940415666667861
                   1000       8.67719554901123       6.48963451385498     0.6702674011869704     0.6728313806340606      10.30356365858674
                   1000      9.168232550579759      11.71477009493631     0.6592821972413377     0.6523590209823018      2.101829052109415
                   1000       7.81032657623291     -4.826413631439209     0.6693662145781168     0.6724749431574211      39.34368672798409
                   1000      10.32949957619322       11.6329065008369     0.6704367598697162     0.6652862383132567     0.1427599705395554
                   1000      12.28372621913824    -0.6028590666838946     0.6619439334297961     0.6580244816095091    0.01219234327940849
                   1000      11.41820526123047     -1.180052280426025     0.6633509071349591     0.6719226730748723    0.06252394852040208
                   1000      11.70835101394286      -4.92245252525777     0.6221658413472604      0.672237607913318      4.625600524127712
                   1000      15.45084089391868       12.6804044289459     0.6387373215776149     0.7024151697467838    0.01431120036941905
                   1000      13.56558201785387      11.13665671781501     0.6834480407119903     0.6590083551724409   0.004559452091691486
                   1000      13.89350376877321      6.095832340093247     0.6670817421916833     0.6524924464434931   0.001182034418493686
                   1000      18.16208457946777    -0.3804388046264648     0.6534309761312174      0.676533978825456  0.0002466342770628642
                   1000      15.73953437805176      -5.30152702331543     0.6532377970695435     0.6767395984683136  0.0004832991480001797
                   1000      10.85342713232255      14.85748729161031     0.6634931387251481     0.6742359970500054     0.2996062636292055
                   1000      4.922146320343018      6.203165054321289     0.6476272122172644     0.6734156861746465      0.998567097907895
                   1000      7.305354081421387       7.32154690085924     0.6916365020735533     0.7020422636763044      117.2721735894375
                   1000      13.77869604785535      8.198299532002901     0.6627213342076185     0.6810133306495283   0.001437239658901223
                   1000      8.839399595464396      13.59793314450649     0.6722997296851212     0.6790463535104846      4.077978659732128
                   1000      6.501990280192082      3.991511387394338     0.6781467310089562      0.688109471792858      130.8613890472988
                   1000     -18.70553588867188      1.278906345367432     0.6397408202027204     0.6725586607224114  1.057688613730166e-05
                   1000     -10.44890022277832      1.122440099716187     0.6426254781616444      0.671603637732047  8.875346652832718e-06
                   1000     -4.541011493056094      8.789474063266526     0.6791189091222239     0.7245448669303981  8.749657173764372e-05
                   1000      1.846309952364353      1.971984788087982     0.6832527711239109     0.6601527388803201  0.0002470918959138136
                   1000     -8.541790962219238      8.373588562011719     0.6420618745563998     0.6706463406259688  1.121879401009194e-05
                   1000     -17.46984911898755       4.69206525512924     0.6380350555216372     0.6802556679474023  1.824321724811169e-05
                   1000    -0.3316921415327411      3.179407593914519     0.6497918517668814     0.6608409597083471  5.567611903654461e-05
                   1000        8.2103165160717      3.432273426254977     0.6534264030222798     0.6787342069102641      104.2948747679385
                   1000      8.813278712511414     -10.08230217940862     0.6214671401489753       0.65182513080315      4.351684575751014
                   1000      11.01268022442547     -4.876852965197337     0.6670053403327525     0.6908987834165679      16.04872119579719
                   1000      7.420470237731934     -6.004356384277344     0.6350456205327909     0.6654939978188661      10.02297641717137
                   1000     -9.995122909545898      9.371437072753906     0.6325202723504411     0.6635298702043334   9.08131766491009e-06
                   1000      -4.79514741897583      1.193965435028076     0.6328331099092538     0.6633558571953939   1.01455825773186e-05
                   1000   -0.02669279575238235       9.69191382856741     0.6878831468908581     0.7672300234876207  0.0002290382907770641
                   1000     -4.770073890686035      10.85010051727295     0.6330581737183805      0.663015271106145   8.85433436793506e-06
                   1000     -14.90519714355469      0.777806282043457     0.6336681696740638     0.6624605765050908  8.709626012418003e-06
                   1000     -14.14144039154053       2.44464635848999     0.6332848763986537     0.6614234006653152  9.465296409274123e-06
                   1000      2.279914579052352      1.119752688864752     0.6693765707233972     0.6617728040844821  0.0002074730586890417
                   1000      -6.51534550073564      5.379478226294668     0.6691418869521804      0.687948404546316  4.970768844282897e-05
                   1000      2.097132682800293      6.804737091064453     0.6335209953895761     0.6592075557308974  0.0006042363614906751
                   1000     -3.880145226319355      1.759894950929208     0.6511183287216221      0.652851992431682  3.172213286713757e-05
                   1000    -0.8357402565743468      9.346586473486687     0.6467623221394398     0.6579063055409995  7.569199599741584e-05
                   1000     -1.622256481573776      3.021127066804574     0.6624897386625588     0.6629332900996208  7.544914065942508e-05
                   1000    -0.1830792427062988      8.658535003662109     0.6325926985129258     0.6569485779379797  7.788426912525907e-05
                   1000       -3.1437536749314      8.645364341551337     0.6504874534108176      0.674739046636715  6.119470753470995e-05
                   1000     -7.321648927059218      9.710762242594059     0.6337576412979686      0.668497825035185  2.121958148902109e-05
                   1000     -10.07110166120697      8.438041026879171     0.6478559186906869     0.6971398332191082  2.102914094773544e-05
                   1000     -14.89688110351562       5.38856029510498      0.631795292929403     0.6554788921830257  9.011088717710303e-06
                   1000     -24.35024452209473      3.279359817504883     0.6315535828817112      0.654485480430914  8.528419823810163e-06
                   1000      -18.0238208770752      9.820147514343262     0.6318925709741925     0.6539728909943355  8.515999552209003e-06
                   1000     -3.577127695083618      10.77792930603027     0.6321635984102416     0.6537639940523574  1.139487913956808e-05
                   1000     -22.79810523986816    0.06277322769165039     0.6326224442568114       0.65364125591044  1.270307036645216e-05
                   1000     -18.23136520385742     -0.764462947845459      0.636732446761229     0.6531097267767815   8.75419262022068e-06
                   1000     -8.435526847839355      5.455498695373535     0.6392511631857056     0.6522092848201665  1.297768989263286e-05
                   1000      1.410836219787598      6.420259475708008     0.6390308188375752      0.651456571653461   0.000201979681797231
                   1000     -4.793290615081787      5.882109642028809     0.6390219637550749     0.6513851263930259  1.444579174837417e-05
                   1000      -21.9218692779541      1.949645042419434     0.6388133401632687     0.6506951417909512  1.259737015123385e-05
                   1000     -5.027877807617188      2.202978849411011     0.6392202005578412     0.6493920079999255  1.347047331841222e-05
                   1000     -36.08226776123047      2.607583999633789     0.6439012761305443     0.6489223496971135   0.001708732921053343
                   1000     -34.46928024291992    0.06969070434570312     0.6447610025574337     0.6485925023948138     0.5313719065666229
                   1000     -28.48993873596191     0.2892436981201172     0.6447425543668949      0.648005118818782  0.0004008382145328952
                   1000     -33.92852401733398     -2.577181816101074      0.644617550373766     0.6478452030929897     0.1723494983409221
                   1000     -28.74675480680818     -1.702673001165347     0.6521672730577304     0.6458338125051951   0.001561745738517128
                   1000     -35.17702484130859     -5.143380641937256     0.6434947885497987      0.646726007538664   0.001288667725274314
                   1000     -7.192775726318359      3.750659465789795     0.6483766091207485     0.6449418212756275  1.617144555881772e-05
                   1000     -15.51383972167969      4.904118537902832     0.6490940370370881     0.6440471652898273  1.018413373105972e-05
                   1000     -27.86110877990723     -3.302605628967285     0.6557451563811931     0.6430490134424546  2.339146778898841e-05
                   1000     -19.54292297363281      5.017967700958252     0.6569237151455979     0.6428873832017794  9.138378011097963e-06
                   1000     -11.71715927124023     0.9011716842651367     0.6570778304184342     0.6428286055230271  8.737137536736941e-06
                   1000     -9.012449099449626      4.526529842975118     0.6598033482665812     0.6426552888419398  2.707600301673431e-05
                   1000     -15.39382266998291      9.424687385559082     0.6583273856280085     0.6422467705798784  8.765640991152107e-06
                   1000     -17.96072006225586       8.94700813293457     0.6583960319439049     0.6421823050520857  8.584926338612184e-06
                   1000    -0.2075775265693665        2.1889967918396     0.6583858750987597     0.6416247282956888   2.76797202432091e-05
                   1000      1.231724905161713      1.427777273211346     0.6692458176606007     0.6571550565419075   6.51368274247615e-05
                   1000      8.309878923907833     -8.283693253102498     0.6551947054169159      0.674800838015141      7.444074246640554
                   1000      8.634922027587891     -10.84056377410889     0.6525423783114871     0.6395118554033342     0.6735808108242084
                   1000      8.745671682401422      9.943018367186582     0.6593523135221252     0.6816127660228907      4.230337673463161
                   1000      -9.75025749206543      6.649248123168945     0.6460181111527271     0.6356756543787593  1.186392776454395e-05
                   1000      2.084680054365999      4.367200247564717     0.6337803372714091     0.6345612434855938  0.0002273921345915968
                   1000     -7.002180576324463     -0.588697075843811     0.6473627408700544     0.6352633407397821  9.082685256969667e-06
                   1000     -5.232474327087402      4.909280300140381     0.6477227328852134     0.6349667990025174  1.299727446923114e-05
                   1000      -1.70689582824707      10.75289058685303      0.647632678744282     0.6346353699136446  1.958970651837148e-05
                   1000     0.4661328792572021      5.708288669586182     0.6476558373757482     0.6342371188183495  7.131938238772438e-05
                   1000     -33.82161963283897     -1.837467090360647     0.6523659872898759     0.6356728446596849     0.8413045973485335
                   1000     -35.04586791992188     -2.780336380004883      0.651973557853438     0.6331190232991831     0.2668264610472848
                   1000      12.55205800021093      5.145464029265286     0.6641097040900286     0.6542795959685042  0.0002929230254660574
                   1000      16.40946643262304      4.703697191528649     0.6448732533634615     0.6358759667417651   0.001444893924933773
                   1000      17.31959413395564     -12.14807364044412     0.6596585550561518     0.6508043605485366     0.3179863442473736
                   1000      17.73945572810011     -11.51780526025762     0.6586303369840059     0.6620707589020773     0.1881216418733409
                   1000      17.58263397216797       9.69383430480957     0.6612010972287258     0.6349294131923845  2.591104403101738e-05
                   1000      14.62436676025391     -9.652260780334473     0.6601915440472859     0.6353631555395588     0.3294688692921197
                   1000      13.58273029327393      9.160923004150391     0.6589975738007643     0.6354009264926114  0.0005723241635325387
                   1000      4.962217807769775       17.0294189453125     0.6580787806268374     0.6362318111477244  0.0003692118482912008
                   1000      16.10583145843216     -11.89489279838472     0.6449391898337502     0.6391742867466259      1.188277663630561
                   1000      11.24183750152588      3.010310173034668     0.6549202968767061     0.6367710353044818   0.008579031853427031
                   1000      12.36444664001465     -5.084900856018066     0.6384229651457838     0.6332740721881831     0.4881726576383726
                   1000      17.34897994995117     -13.17046928405762     0.6374760811095086     0.6330492004925901      1.398579394079626
                   1000      13.78251171112061     -4.510892868041992     0.6369964546725764     0.6326396027489988   0.008112664125950974
                   1000      17.36349296569824      8.975193977355957     0.6358027451349597     0.6323945572467993  4.157304956183262e-05
                   1000       15.6678473774867      2.380525884432351     0.6281320331069393     0.6420977507448034   0.002966519217983983
                   1000      18.38552295003969     -15.12677606417224     0.6069098755808165     0.6369663785375849      2.268376002661151
                   1000      14.84063529968262     -6.286888122558594     0.6283690270115188     0.6351102319960062   0.001973281627515774
                   1000      12.83246231079102     -7.324285507202148     0.6276237542995006     0.6353771221729365      2.784990646411667
                   1000      15.01018142700195     -7.352545261383057     0.6254156421832587     0.6348649320509753     0.0109152532231367
                   1000      7.879895303173001       4.75512192874115     0.6931213113561892     0.6495767895159591      81.52592507412149
                   1000      8.244266510009766      16.76576805114746     0.6226990587752568     0.6363041209527009     0.1562182346730727
                   1000      11.64394187927246      5.091610431671143     0.6143417083996705     0.6350222763383129  0.0009036198632758789
                   1000      13.71610736846924     -2.614493370056152     0.6142786374787287     0.6350155275788195   0.002273597938965321
                   1000      15.27455139160156     -4.352981567382812     0.6092506693644948     0.6338716168961073  0.0003488920848844578
                   1000      13.62377738952637     -1.174165725708008      0.609012044966639     0.6338491655060154  0.0003476002529728367
                   1000       15.6600170135498    -0.5963735580444336     0.6089013935186091     0.6338034311146453  0.0009402912751208899
                   1000      16.00236511230469     -1.303903579711914     0.6084065508743486     0.6345252474784103   0.001297732341018232
                   1000       7.69715068967503      1.906520188984604     0.6077706119164848     0.6360511033084425      229.2764398259734
                   1000      2.121628046035767      9.765267372131348       0.60412912943261     0.6343386653621145  8.307479842806007e-05
                   1000       15.9529333114624     -2.823360443115234     0.6032169696382674     0.6345650519629087   0.001277546357968205
                   1000      15.56902885437012      -3.41865348815918     0.6020361189660602     0.6350842198876959  0.0007155965158063476
                   1000      12.50995635986328      7.189051151275635     0.6017061817608923     0.6349834422429086  0.0002339192683713254
                   1000      5.585976600646973      11.90089797973633     0.5932034206531484     0.6315304899784784     0.3094732574922375
                   1000      8.226139068603516       7.01901912689209     0.5928423024774775     0.6318556804457304      17.71238584045943
                   1000      6.528110504150391      10.31400108337402     0.5887813732880418     0.6315612518311885      2.637699429861264
                   1000      8.094119071960449      11.60507965087891     0.5885330779873403     0.6315912179012746      1.744215784483921
                   1000      4.103012084960938      14.61240577697754     0.5876674532902234     0.6308006690401369  0.0005623584946817053
                   1000      6.462879657745361      3.136778116226196     0.5872611746328312     0.6305546795647694      28.24264629531636
                   1000      13.52012252807617     -12.57335472106934     0.5833897462096478      0.630485711499173      61.32156021657895
                   1000      15.72688102722168     -11.24455165863037     0.5817006925352899     0.6310748191707335     0.2032633965492777
                   1000      5.902860164642334     -11.40954685211182     0.5812788769137959     0.6307999477058696  7.785184876589749e-05
                   1000      13.67853450775146     -14.06113529205322     0.5784846614178267     0.6280908176872246      190.3583813614958
                   1000      13.30591487884521      2.985936880111694     0.5780819653532608     0.6287356681152469  9.045127081846411e-05
                   1000      11.33220958709717      13.30855941772461     0.5769296080349885     0.6289957072510444     0.0135507571236132
                   1000      18.92561721801758      -13.3128662109375     0.5764554312510234      0.628679941846667    0.06930063991404592
