#! FIELDS time deep16.node-0 deep16.node-1 sigma_deep16.node-0 sigma_deep16.node-1 height
#! SET action OPES_METAD_state
#! SET biasfactor       12.02723625380408
#! SET epsilon   2.008904905162975e-06
#! SET kernel_cutoff       5.122093479753262
#! SET compression_threshold                       1
#! SET zed      0.2520831458314184
#! SET sum_weights       1429.792311369475
#! SET sum_weights2       10365.11197354409
#! SET counter  992
#! SET adaptive_counter  500000
#! SET sigma0_deep16.node-0      0.3533062211643703
#! SET av_cv_deep16.node-0     0.02508597635870153
#! SET av_M2_deep16.node-0       130406.5788744345
#! SET sigma0_deep16.node-1      0.2068703217921699
#! SET av_cv_deep16.node-1      0.1786733170835109
#! SET av_M2_deep16.node-1       87721.93577915372
                  18000     0.5259502450509628     0.6787456240308187    0.07486486033333906    0.06721397652155817      5072.096917636895
                  18000    -0.8103251008503609    -0.8879965150285654    0.07807236386346558    0.06468178501224872    0.05138090433391834
                  18000      0.742676378497477    -0.3039581603422443    0.07268266281351585    0.05951898265520366      5110.042389835096
                  18000    -0.2532218355824029     0.3599073152170982    0.08093419341117265    0.07030165063916344      67.86792060399577
                  18000     0.5723237567565828    0.01550785182640458    0.08038928763400488    0.06758540546574035      1351.175575318569
                  18000     0.5710882875231734     0.7811863584272857    0.07208267434055769    0.06176390803553793      1345.733557759992
                  18000    0.07491973706418681     0.4699107894655601       0.07735310844324    0.06651381422345175      72.72825251462697
                  18000    -0.3829403719115025     0.2682486965732704    0.08320126112154035    0.06333894185265462       30.1876126505265
                  18000     0.5614587967959744     0.3597332509558909     0.0905124995079566    0.08036957408776041      225.3057886312858
                  18000     0.7326050701029538    -0.1650064268154981    0.08116469790051299    0.06420011841384618      1818.912057993687
                  18000     0.9018191916686187    -0.1019677588147371    0.08251947494693633    0.06346629811201199       45.5762089208321
                  18000     0.6259521831965947     0.1240590846458994    0.08248456994618758    0.06897592553489719      497.4878539871344
                  18000   -0.01025781055883099    -0.6276679926168821    0.07263935846437235    0.06102211715518074    0.09639711441105894
                  18000     0.2466482576424885     -0.534789056276045     0.0740858888250094    0.06010269139236041       1.07612968038144
                  18000   -0.09592965710135951     0.3864390679832534    0.07645502364870031    0.06767719572916589      26.37744780220807
                  18000     0.3595710707474374      0.171261961283848    0.08335439320104059    0.06334062386332483      23.72103470347553
                  18000    -0.6498580214567006    -0.4022449017739708    0.08338315538688132    0.06498513734294178    0.04453200927085804
                  18000    -0.5251623694428729    -0.1905813449549958    0.08317350098871613    0.06064901793325112     0.1234124875353551
                  18000     -0.819018075989108    -0.5952401308131904    0.08234907976114698    0.06046522987115999    0.03484723291293226
                  18000    -0.2223635220161877    -0.7751939115066873    0.07244852217150641    0.06111066030221803    0.01418828839498078
                  18000     0.1223537293002347    -0.5722256451394033    0.07455058085881544    0.05961385798531377     0.2839859621018668
                  18000    -0.3996801759402279    -0.8785564819906873    0.08354441853926424    0.06474381523972958   0.004406469861368662
                  18000    -0.3196123356697007     -0.263749794914278    0.07995212896923189    0.06365598793775114    0.01064663739056333
                  18000    -0.9162837649709155    -0.3320841677446209     0.0773130526860038    0.05789861464084779   0.008386428260177381
                  18000     0.5614174587198562    -0.1605497662449303    0.08608881469360301    0.06066094180732177        206.02530073877
                  18000     0.3487289853878701     0.4082058682580454    0.09104695257599431     0.0619401728483573      176.0828842612459
                  18000    -0.2566393274989777    -0.1341147181366027    0.07869333838424926    0.05849148031323934     0.1667438981485233
                  18000    -0.7109337172354617    -0.4943141198549763    0.06982192720603067    0.06034743139009366    0.03099034768494311
                  18000     0.5563631182851415     0.4687711251555408    0.07205567768043572    0.05820790521384923      309.3146120638141
                  18000    -0.5221110078020657     0.1219762828512543      0.080353659199365    0.06652010406836538      3.869159529481814
                  18000     0.2105696796693504     0.4424977491664459    0.07535311798392842    0.06204674708558898       65.5701974515536
                  18000    -0.3555218658723129    -0.1232496399764855    0.07078802256439076    0.05886566135858728     0.0968913872990919
                  18000    -0.9342465756260935    -0.7710390407451612    0.08524102142159608    0.06305491467344394     0.0224608895574025
                  18000    -0.6067049456632927    -0.3116614668036634    0.07422252454733486    0.06335008442084653    0.02850726265345744
                  18000    -0.6974715858135322    -0.7726968707418974    0.07478739236598805    0.06586512495762555    0.03334475692757585
                  18000    -0.7474443629197339    -0.1705657940672491    0.07309954643032121    0.06023719738556512     0.0571355694470369
                  18000    -0.7099694881264665    0.01943634923191788     0.0879904415717163    0.06548224993590798     0.6558086191129325
                  18000     -0.900598620284731    -0.4359351574127104    0.07050103141437596     0.0577819172534343   0.003795994052740391
                  18000     0.2699872643316101     0.3085104350803138    0.08220948007385009    0.06477113042179433      88.18281160041136
                  18000    0.01153860512155319     0.1463848278808073      0.071121331869212    0.06124798291407559      5.597336760171951
                  18000     0.5218587226763526     0.5747634914244593    0.07702667397881797    0.06200042021503224       4268.60414920836
                  18000    -0.2750954099358043     0.1684970356758526    0.08086932845864932    0.06109930758930358      4.158951129638671
                  18000     0.5416540786010042     0.2085908408223108    0.07526081647643469    0.06575149611772699      155.8611485131072
                  18000     0.1252200176149224   0.001311015955570698    0.08154636619230125    0.06452122148443427        1.8290075972354
                  18000   -0.08930050994470473     0.2489048120741101    0.07804792065262105    0.06639926004069678      10.90229932347794
                  18000    -0.6651973519756786    -0.6193924786463607    0.07125189524532441     0.0641102421740237    0.01481057160431849
                  18000    -0.3827613746786126    -0.5242309910775417    0.07783209669291781    0.06171446450059883   0.001976292739161584
                  18000    -0.5894988282547136     0.2457018833746738    0.07817040179706035    0.06105087766158108      1.193254881140893
                  18000    -0.2461326093405562    0.09020387288386707    0.07787890794232419     0.0646150723334722      2.266625812277558
                  18000    -0.8450157697739153    -0.2637655236206569    0.06839261541085205     0.0529637885975645    0.01154889679613097
                  18000    -0.3464153659488011    -0.3531358209013675    0.06870404662827671    0.05771775115371356   0.008983994450680191
                  18000     -0.424312333061743     0.3508097166190003    0.07053519623078613      0.061383457226629      8.946205829019844
                  18000     0.3433578871494654    -0.4974734825513835    0.06598479623501974     0.0553996626163888      1.201589973751907
                  18000     0.3253328776304447    -0.4107679975138427    0.08043348589858551    0.06232118016772376     0.8963031604116736
                  18000     0.3827115238193532    0.06260811794253099    0.07917386995529853    0.06298696304468146      24.93306066023779
                  18000   -0.05502093374783251    0.06733067666629473    0.07538181794586693    0.06253704643558618      1.820093476485789
                  18000     0.4298287058875332    -0.4734029630887968    0.07278740419557511    0.06086919856169989      1.993611185756172
                  18000    -0.3250599840148581    -0.7255591760056056    0.07627560933966966    0.05902385026492515   0.004566069400439224
                  18000    -0.4781113233283175     -0.651834356662032    0.07501496009728585    0.05927688731442619   0.001838390289896491
                  18000    -0.4597629906198614    -0.3539936194555432    0.07288972190027915     0.0654929512041799   0.009902321675419636
                  18000    -0.7007863397169107    -0.2609010424102572    0.07303293306718528    0.05963391612459638    0.01820123115126778
                  18000     0.6014650314293847     -0.255854362186369    0.07792946659800748    0.06325210281021415      345.7236388931708
                  18000     0.4267166834356431     0.2602790420412123     0.0756984671929299    0.05963638976136063      19.76193094151895
                  18000    -0.6483108460850407     0.1777367486198178    0.07059519455882286    0.06126280872926144      1.236441343377985
                  18000    -0.5554624561888716   -0.07743709048327774    0.07396935463871514    0.06425467916472848    0.04129837971527463
                  18000    -0.4626366607342728   -0.09394271478903912    0.07079460794299963    0.05633208266277873    0.05161029381160552
                  18000    -0.3170478641986847    -0.4620815217494965    0.07934912614102763    0.06490989558318051  0.0005392529478277746
                  18000     0.4635036337688578     0.4281016106899564    0.07202293426654841    0.05939898811478937      288.4935343342956
                  18000     0.6833106805537245  -0.006117747172762553    0.07176747183066554     0.0600014128312345      519.0916199795292
                  18000   -0.03649112910622809   -0.03327365672636327    0.07691955679528251    0.06068797818060299      0.335444295787455
                  18000    -0.1886292842319169    -0.2754845899747726    0.07851751396250781    0.05718138036797454    0.01511339883635251
                  18000    -0.0363261168059529     0.5005337849483288     0.0691022756420252    0.05716794096998192      24.49906091910482
                  18000     0.1440619817430915     0.0791577122170469    0.06928049536060257    0.05921953058559958      1.445643634324242
                  18000    -0.6216797886042509    -0.9538540924842469    0.06977092954906226    0.05541899648075089    0.00567430234004765
                  18000     0.3476331857094687     0.4972286860739838    0.07413862545494354    0.05877052334988755      381.1498313370213
                  18000    -0.5830931758934781    0.03479672973831297    0.06801315575379878    0.06047547066075046     0.7025536293432686
                  18000    -0.6576316989911132   -0.08566665051098189    0.07068313846479055    0.05972440836356537    0.07798472500295588
                  18000    -0.5122647263353166     -0.813997872851444     0.0701859438089968    0.05854888201394541    0.00590925451452724
                  18000    -0.4997260960890678     -0.877694615217692    0.06695775202975125    0.05475276300997351   0.001983906117660027
                  18000    -0.9088779487194406    -0.2173542537300939    0.06857741496134223    0.06549548740825618    0.02055387763306599
                  18000     0.6147751634903478     0.8757998323997398     0.0679224755082138    0.05834554443186943      110.5201408630692
                  18000     0.4670061316642741     0.1416949390526448     0.0675367089265879    0.05879165334036519      55.90342571215336
                  18000     0.3179378868307959    -0.1204523790334597    0.07272051047026751    0.06014593340259063      5.697200836559171
                  18000     0.1631027999715511     0.2417277635345834    0.07072442612639109    0.06256331175515559      10.18293693535601
                  18000    -0.4867643089773341    0.01719806611404832    0.06910842285544753    0.05885989153106444     0.5500513428169138
                  18000   -0.07476560771465302    -0.4654096364974976     0.0752648227267461    0.06149363519095223   0.001403365870247506
                  18000    -0.1917710062258246    -0.4272915402543548    0.07769173850840023    0.06048146824960146   0.004370834365007957
                  18000    -0.1864992296600299   -0.06037624099476611    0.07473606429463628    0.05741336494216171     0.3741955752148261
                  18000     0.1627351183986293     0.3431052250692553    0.07717785458979172    0.06327404116576095      33.73873392991915
                  18000     0.1935906867602475     0.6051214865056622    0.07508063309435205    0.06288727346540482      4.643370781751884
                  18000     0.6161950826644897     0.5455508232116699    0.07410762135546782    0.06050746502773918      69.90714667863961
                  18000     0.9151231626936436   -0.02233896954897525    0.07681093897600341    0.05832874605184284       7.56388538925503
                  18000     0.4474169588687568   -0.02687178976879304    0.07350513512682556    0.05789981654432926      138.1593599881809
                  18000     0.4014041014369567     0.3365326040263968    0.07168976902793764     0.0610287950995533      45.65118651362298
                  18000    -0.8277502103445008    -0.7173754731858901     0.0711261334321034    0.05727836085755875    0.05265582364377452
                  18000    0.07136558305593282      0.209311459781642    0.07605297184693717    0.05645269418179109      6.448209761476881
                  18000     -0.750817996483498    -0.3382758032687738    0.07918433576890846    0.06295936450138138    0.02436053200355802
                  18000    -0.5347177587697171      -0.57551242936242    0.07208736535937997    0.05783971610017813   0.002222850578726302
                  18000    0.07816998660564423   -0.06426067650318146    0.07231987138846825    0.05849680581462014     0.1554556747397187
                  18000    -0.8704625964164734    -0.1303059011697769    0.07228826620898503    0.05846551950007753   0.004450558347988152
                  18000   -0.06729710847139359    -0.1681337058544159    0.07215803140740942    0.05832424051811638    0.01404886180084416
                  18000     0.9044467735777103     0.1074092226890382     0.0697699147838482    0.05807517810639255      3.580910968044341
                  18000     0.1096068337954138    -0.3404738128185128    0.06897615931754981    0.05698951451780692    0.01418271550929876
                  18000    -0.2263634480556871    -0.5333402641686441    0.07031774910562046    0.05560298960172822      0.001994194579868
                  18000     0.4513178221759229    -0.3873360251121433    0.06925401602693522    0.05875735533630935      9.619061618853321
                  18000   -0.03052083775401115    -0.2441644370555878    0.07184802078657233    0.05800514517868176    0.00379115398391074
                  18000     -0.953432125638652    -0.5977212457826678    0.07205038648094597    0.05698315542903402    0.00504052900727909
                  18000     0.7218392503987782     0.1555185572751569    0.06694697011293209    0.06247049150213902      127.6272271946086
                  18000     0.2723017980857472    -0.4572013913289282     0.0691602060392998    0.05913554931376381     0.4442990613033395
                  18000     0.4636543371973192     0.5063219749611941    0.06777373607957014    0.05577186118605459      869.5333053899287
                  18000     0.5493858806805912   -0.08548984635342612    0.07376600810839527    0.05428439217654896      275.9515193489232
                  18000     -0.252893730004371     -0.844931911730333    0.06683678543479322    0.05614654717774285   0.002959332309489601
                  18000     0.4447447657585144    -0.5965598225593567    0.07029950072210851    0.05683961569402542    0.05583719437610652
                  18000    -0.7823487456062395    -0.1164262453933808    0.06751786938599554    0.05446241842567808    0.04338699213519192
                  18000    -0.6371553583651191    -0.5177143918461321    0.07139206462854747    0.05623764581509413    0.01205388755976181
                  18000     0.6105356216430664     0.6090869307518005    0.06981233451917659    0.05701772856617156      188.6382621681215
                  18000    -0.9827690720558167    -0.6756112575531006    0.06993760538636382    0.05697871135773506   0.002233875450021337
                  18000    -0.5020318242878108     0.2561036533631557    0.06935866588426176    0.05558320347509509      3.342205113693867
                  18000    -0.1470756482195719     0.4592171184054059    0.06599082988486096    0.05604089643170737      7.804452470445462
                  18000     0.8813852667808533      0.316611260175705    0.06955062009311325     0.0565378626712107     0.2782658905881768
                  18000    -0.3203219902215805    0.00734480949552182    0.07114102177997232    0.05616729072168735     0.2944485671326252
                  18000     0.2098892881235825     0.5383547478272952    0.07209049114240523    0.05379292799615396      23.44115699427428
                  18000    -0.2522689235195275     0.4798121610580028    0.06981862324149275    0.05389170726074354      5.414723554610392
                  18000  -0.004734409991800083    -0.1088792235039411    0.06702538946380425    0.05586906746837823     0.1328892759290328
                  18000     0.4218932563094603     0.6390985804268665    0.06385784912999912    0.05770606659149318      472.1359067020496
                  18000      1.013240265790823    0.07102026287443494    0.06639713026869304    0.05966802536139371      1.118774103775032
                  18000     0.2751621007919312    -0.3334236443042755     0.0679410438303731    0.05508467949966552     0.1027914623318082
                  18000    0.04236157523476183    -0.7654482141012212    0.06967280462224995     0.0551610835970889   0.002611116551077212
                  18000     0.6711265953846325    -0.3475620434848641    0.06443319257945722    0.05345378968624521      261.7518735997925
                  18000     0.7751390452395538      0.303925438602799    0.07031401123552433    0.05588720880004128      5.713595632696967
                  18000    -0.6355576199741838    -0.8818726098213354    0.06522177072917207    0.05735010783779169   0.005943841553779605
                  18000    -0.7209242894698792    -0.8791027674961073    0.06552287901925107    0.05749651561686035    0.01941656509132344
                  18000     0.3466326374564628     0.6130281871868103     0.0653974656064724    0.05696967176390449      81.58965195994337
                  18000    -0.1822675212822848    -0.6862909629528274    0.06724322547860119    0.05424210688001364   0.004143092772194988
                  18000    -0.4141941070556641     0.1546310186386108    0.06658533069653205    0.05396656196837728     0.8887381879608639
                  18000    -0.0819488391206166    -0.7673727421405571    0.06692808812974542    0.05422475504874984   0.004351395712759267
                  18000    -0.7535301166057051    -0.4432586382326122     0.0655005424407981    0.05373653957985332    0.03037685674673815
                  18000     0.1583882868289948   -0.07011184841394424    0.06627593305122387    0.05369317126759064      0.221819100857294
                  18000     0.2077032378935107    0.04491243905049068    0.06533643167461359    0.05631049407707442      2.158656567109698
                  18000    0.07436174223607069     -0.692535633644777    0.06750974704018692    0.05341309335798684    0.01317709045991683
                  18000     0.6324354372769176     0.2661709540161805    0.07193950239142789    0.05626147422543865       85.3756757107212
                  18000    -0.4661977387751372    -0.9406353900683803    0.06362272740691921    0.05199772208610828   0.001512279711295833
                  18000     0.7791064088800376   -0.01409039570741956    0.06464954633038329    0.05284504239824937      62.83998291210361
                  18000     0.8353730440139771     0.1427864730358124    0.06610392417717598    0.05351740383378933      4.434175192219562
                  18000    -0.3250273466110229     0.5098514556884766    0.06602529992021942    0.05344527089555457     0.5939765845486299
                  18000    -0.2501090466976166   -0.01172925531864166    0.06605561337080311      0.053391863924453     0.1653663990182481
                  18000    -0.8943442075646896    -0.5323059691196096    0.06852085314328732    0.05249343834317112    0.00668255040427332
                  18000    -0.9068381786346436    -0.7033456563949585    0.06579275542469393    0.05317274540884983   0.006312713092118254
                  18000     0.5407478599317335    -0.4350772097161252    0.06767690020999571    0.05200271977085322      9.673801415618126
                  18000     0.8169331783817751    0.08125727298410691    0.06753646454812778    0.05263747775505334      18.04820553777047
                  18000     0.5135111706843635    -0.3459909502220678    0.06934413419574439    0.05403337618678711      23.32911198501301
                  18000    0.02934422664649039     0.4042543251418977    0.07078008382217207     0.0537400049626412      16.53828905686679
                  18000    -0.4057720303535461    0.06692534685134888    0.06537009688721371    0.05315755659007392     0.3071451474173479
                  18000    -0.4243260025978088     0.4731315672397614    0.06471926589410659    0.05283219678974889     0.4157932041467313
                  18000     0.9529608425124827     0.4150395677680237    0.06611975821288042    0.05634069715373567    0.04039968806165534
                  18000    -0.7614852741941139    -0.8180839600565473     0.0681507223932932    0.05222950383228777    0.01548457238993205
                  18000    0.07800482213497162    -0.2512461543083191    0.06420039710516778     0.0523808510890206    0.00225238053341361
                  18000    -0.1289261119128735    -0.7204422643628962    0.06367439048713687    0.05201925136635389   0.006826440313516489
                  18000   -0.05370921269059181    -0.3545908629894257    0.06419926574424274    0.05233135465363459  0.0009043716626728761
                  18000    -0.6149270045159001    -0.7507611878022815    0.06733723136829972    0.05148729031647945   0.006195759875479517
                  18000     0.4784760177135468     0.3079489171504974    0.06405351813848824    0.05206325973591335      17.12560650350292
                  18000     0.4421968814995532    -0.1182196633924648    0.06504028612595601    0.05347236364749133      34.03933050787794
                  18000    0.09285877645015717    -0.5048564672470093    0.06401289523993177    0.05204289223888485    0.02407346259109855
                  18000     -0.194611594080925    0.02201472967863083    0.06389688405151561    0.05201823147198841     0.2323580267432815
                  18000     0.6896041035652161   -0.08086294680833817    0.06389883549552783    0.05195416720431515      81.38883269449632
                  18000     0.1076457947492599     0.5807799100875854    0.06381852774196703    0.05188486084786056      2.760921064139279
                  18000     -0.114045273124372    0.02471147425303245    0.06242908444383902    0.05112477655968099     0.4602300702025081
                  18000     0.7300996215026804    -0.2371798958036493    0.06541610790849636    0.05132894043896498      922.4868745571968
                  18000     0.4999464452266693    -0.2548462152481079    0.06334308039693268       0.05138096392629      16.81865023603386
                  18000  -0.009621863253414631     0.3143167197704315    0.06294613495839732    0.05098834012019952      2.194788731299853
                  18000    -0.3992039263248444     -0.271954357624054    0.06294521536610236    0.05096754547127022   0.005416030323084376
                  18000     0.1074272841215134    -0.1435123234987259    0.06289183797322694    0.05087140424571504    0.04993732352179649
                  18000    -0.7686009407043457    0.09331978112459183    0.06286232757402281    0.05084611323887429    0.06245361733159795
                  18000    -0.1682033190981875    -0.8369702815311796    0.06364973703784135    0.05326810733832747   0.003234053610074037
                  18000    -0.4327920377254486    -0.1466618478298187    0.06261554799992859    0.05088304449698722    0.02213648426587431
                  18000    -0.0477936473071689    -0.7000765679865685    0.06223820628751971    0.05350830945614181    0.01409419531516833
                  18000    -0.5029810667037964    -0.2941570281982422    0.06239548186108541    0.05085053102955907   0.007733349816664624
                  18000     0.5218537527112856     0.8395446085889284    0.06509676787788517    0.05147740713173679      133.0252873677009
                  18000      0.204988420009613     -0.297107070684433    0.06202144856416759    0.05092842314082419    0.01931688566658311
                  18000     0.6507266163825989     0.3438259661197662    0.06199597543832323    0.05086788651076018      14.44506732911482
                  18000     0.2364970147609711    -0.2490705102682114    0.06201434140279859    0.05072113998708101    0.05632627496883666
                  18000     0.9484878778457642    -0.1992924213409424    0.06176727999830708    0.05053216720123777      6.391511302793441
                  18000     0.8477171659469604    -0.2211040258407593    0.06163886936241927    0.05041253431083741      79.54002168115011
                  18000    -0.1170639673268452     0.1389766154240542    0.06153416882538463    0.05294747159881803      1.112420167357842
                  18000    -0.8089576363563538    -0.6610071659088135    0.06148457228536169    0.05028706009186176   0.008374094554923812
                  18000    -0.5016844272613525    -0.4950085878372192    0.06154802614000456    0.05026059835566946   0.001433954755455898
                  18000     -0.288100835114535     0.2615357905656689    0.06152257968826017    0.05020245261618108      6.743793698494527
                  18000      -0.62064129114151    -0.1626788228750229     0.0613823779120647     0.0501716078167598    0.01734282900222053
                  18000     0.7244547009468079     0.4214652478694916    0.06137000035605961    0.05017691995093072      4.940831107122789
                  18000     0.8072716593742371    -0.1083440706133842    0.06128462230562165    0.05020362755332206      59.73607082321409
                  18000     0.6513132452964783      0.406837522983551     0.0612868262428689    0.05017535206663303       17.7204684963199
                  18000     0.2869463264942169     0.5367947816848755    0.06111393626465517    0.05012349028732348      24.46213661258599
