#! FIELDS time deep24.node-0 deep24.node-1 sigma_deep24.node-0 sigma_deep24.node-1 height
#! SET action OPES_METAD_state
#! SET biasfactor       12.02723625380408
#! SET epsilon   2.008904905162975e-06
#! SET kernel_cutoff       5.122093479753262
#! SET compression_threshold                       1
#! SET zed       0.106309255091177
#! SET sum_weights       2145.282885131766
#! SET sum_weights2       12886.92097774546
#! SET counter  992
#! SET adaptive_counter  500000
#! SET sigma0_deep24.node-0      0.6378487759485301
#! SET av_cv_deep24.node-0       8.011341285804011
#! SET av_M2_deep24.node-0       12613508.35938952
#! SET sigma0_deep24.node-1       6.833914189407319
#! SET av_cv_deep24.node-1       5.629726217272713
#! SET av_M2_deep24.node-1       54698620.63908804
                  26000      7.219774955778516     -11.00247309111014     0.7363409770014685      1.368789147445782      3852.879051851108
                  26000       9.46228743440035      18.57635636497217     0.7649833550668033      1.384222177388557      1947.921198488157
                  26000      8.935288784683095      8.739645555779965     0.7357915655341892      1.469909088250042      286.1085187432998
                  26000      8.739653343162306      5.764144790281585     0.7599229267322285      1.436227850784301      410.6276458202271
                  26000       4.82730832979136     -7.238873646025438     0.8640702384104209      1.442602553574843      7.626739232974996
                  26000     -35.68712962596822    -0.5570224984596278      2.384419487369211      2.448486984269173      66.95955832188217
                  26000     -35.17156023676029      7.132782659621124      2.379111129558154      2.531466022755235     0.5315972041405704
                  26000     -34.66309929293877        16.107545765245       2.06855829057762      2.185636753820632   0.006129292972118706
                  26000     -35.55733875971168      2.008151875460464      2.158313708522963      2.317277894579106      11.48729798908893
                  26000     -34.56647109985352      12.54381942749023      2.315706208646256      2.376055894939651    0.01003971687174935
                  26000     -29.88910865783691      9.202145576477051      2.002051396241151       2.10366063254361   0.007721857637952855
                  26000      7.342806845638162      -8.65629532364842     0.7178652808909292      1.478019770677228       771.537925299973
                  26000      5.834280468963318      24.11259863904589     0.7669598349904347      1.230957152549541     0.0965421672990936
                  26000      8.192819038884416     -1.758172922639767     0.7760047480384309      1.381206928654558      260.2186611619725
                  26000     -9.131333351135254     -1.417028903961182       2.01274670222576        1.9223144796631  6.736143790980174e-06
                  26000      9.370364490255664      16.31148425057933     0.7418118444625907      1.407856913712131      1250.666383328637
                  26000      8.608818846561725      3.162821008531677     0.7493341399595342      1.384040341328581      218.4842613224492
                  26000      7.812746674079317     -4.848584606410954       0.82871162302026      1.449730403214523      233.4740538315102
                  26000       9.06894201693064      11.43495869373994      0.711863880371595      1.361041641473405      224.1979285606547
                  26000     -21.44697761535645     -1.493054389953613      1.196446758920563      1.510755164018271  1.441907647192789e-05
                  26000      -32.7187385559082     -10.60173320770264       1.21916813626856      1.510085484259282   0.001438412732611952
                  26000     -5.095462322235107     -6.635083198547363      1.232679845659322      1.510373028405941   1.40057236723544e-05
                  26000      4.378250879091659     -4.898647404435228     0.8531141188330968      1.405922444995601      1.661608939834746
                  26000      8.351975806281501      1.155368889169465     0.6919781341328425       1.31065605520497      173.6968382367781
                  26000      7.765245683073469      24.01284085965732     0.7180182568381676      1.316482533950669      5.622688480559797
                  26000      9.280682714100191      14.10194389077171     0.6947707549757237       1.34983181847065      444.9041449006021
                  26000      4.085854504426969      13.38754109571224     0.9474800368466276      1.570951913560933    0.01430000934578903
                  26000      4.170852087245298      9.223581801500551     0.9900621992026375      1.386396980309063    0.03741677394476139
                  26000      3.466344339797984        20.183614662725     0.9677409403915365      1.509160088111761   0.005819188214494947
                  26000      3.843486533018431      17.39955635585512     0.9425431257291845      1.418668410812383   0.008445724383802177
                  26000      4.162767823134499      1.471123450810449     0.9419420876058009      1.318810833967275    0.04288840492521795
                  26000      4.146558422295013      6.732134664794204     0.8920448080683898      1.422433879274912    0.03400324379435975
                  26000      5.545796093444937     -11.67106630180871     0.7701448266446286      1.226904234084445      19.70287402205371
                  26000     -6.337759971618652     -11.05431175231934      0.859018697278959      1.291465090217126  2.351300834046169e-05
                  26000      3.939545743633665     -0.316851743452876     0.8100994310548146      1.296710332955608    0.05377376485245251
                  26000      5.084039769023128      22.95311963878433     0.6689275552606095       1.32757081291851   0.007631981489243768
                  26000      8.085572008626361    -0.1362092776333476     0.6367884244815697       1.16653411592393      24.62058806461188
                  26000      8.899547676961067      20.87420742995159     0.6777465979252284      1.337910449418903      56.30936938466787
                  26000     0.1263818740844727      15.99763011932373     0.7782285846601966      1.248813099873263   2.90302975364166e-05
                  26000       4.65038027433696      5.122024558205397     0.7906203708259805      1.267652400203545     0.0131680123169052
                  26000      7.116639688360669     -3.248512029938851     0.7106428876627461      1.333250186431279      17.84777045810741
                  26000      4.444129508487603      20.62474933620558     0.6869921785075053      1.231992394487237   0.001595176818951282
                  26000      3.453842362038694     -1.697601555855306      0.750649778386584      1.235449286272505    0.02843678051374563
                  26000      4.192985940334968      10.95418617746468     0.6430834937182087      1.249514229558649   0.008894689432405197
                  26000      4.024185088825398      3.257980189141348      0.771157680133041      1.249582009948569    0.01114275998501492
                  26000      4.327954376272634      15.88002392150047     0.6917809292108668      1.206930218411448   0.001461400315271008
                  26000      5.133187770843506      9.850094795227051     0.7344078931394116      1.227930750097864    0.01046462371892822
                  26000     -24.88868141174316      4.403262615203857     0.7283268632950438      1.223368309242015  6.811177380452719e-05
                  26000     -0.574043473668803     -10.14429210887273      0.806626527512237      1.224430122794689  6.154659499673534e-05
                  26000    -0.2635955810546875     -11.37319278717041     0.7348969640750831      1.225403332855939  3.519782113340493e-05
                  26000      3.330641269683838      23.86040115356445     0.7287988702696643      1.218826121366615  0.0003092433879790998
                  26000     -1.530662298202515    0.07265779376029968     0.7060776234503562      1.208952677996174  3.053321019095829e-05
                  26000      3.851207494735718      21.69799041748047     0.6678811779801697      1.194463227755808   0.000639090769408531
                  26000     0.4322299361228943      1.721928596496582     0.6550340336823117      1.199762817881911  3.817649158059698e-05
                  26000     -26.16787528991699      3.239380359649658     0.6510412377496225      1.195378939273346  0.0008947205913145272
                  26000     -17.16235542297363     -11.77368354797363     0.6559384527012254      1.195323573412353  3.324117254233254e-05
                  26000      1.249952039116654     -6.118418601220487     0.6842353761720942      1.205291573118585   0.001291530158986497
                  26000     -16.21662139892578     0.9486353397369385     0.6591774933869951      1.196017667891198  3.305959919105677e-05
                  26000      5.635738894823598     -9.880797434768112     0.6526807329011591      1.219163049887501      22.37731716140814
                  26000      4.734485194925124     -9.245693890683677     0.6638781094904815      1.217010363201984      3.374793184815143
                  26000      7.216676712036133      1.111826658248901     0.6577960782819543      1.193243632063674      2.355110485417455
                  26000       3.00127649307251     -11.53064823150635     0.6487859267791715      1.184977559515543    0.02871838392882468
                  26000     -1.852628469467163      1.596142292022705     0.6483676841944619      1.184784325484311  3.543652522692072e-05
                  26000      5.644793510437012     -4.408807277679443     0.6282189900327941      1.184178889624592     0.7862906155774269
                  26000      5.950983047485352     -8.125373840332031     0.5775730826939743      1.151589819144044      7.377252642966839
                  26000      8.341883177411134     -3.502908978034659     0.6091246397596797      1.171148597138264      28.84808653696924
                  26000      8.379947662353516      22.74576187133789     0.5713197771650376      1.149725081511469      1.047200404237464
                  26000      6.929722309112549     -4.654853820800781     0.5599152920018939      1.145221435655852      5.297579195919611
                  26000      6.671032428741455      23.49985694885254     0.5592408203332423      1.145074209640628    0.08278236705560151
                  26000       7.14984655380249     -6.160754203796387      0.557860138376996      1.144801121328679      9.314840417020518
