#! FIELDS time deep16.node-0 deep16.node-1 sigma_deep16.node-0 sigma_deep16.node-1 height
#! SET action OPES_METAD_state
#! SET biasfactor       16.03631500507211
#! SET epsilon   3.735419329000485e-08
#! SET kernel_cutoff       5.848558909940468
#! SET compression_threshold                       1
#! SET zed     0.07077419233501603
#! SET sum_weights       894.7716099353664
#! SET sum_weights2       5005.303564132215
#! SET counter  992
#! SET adaptive_counter  500000
#! SET sigma0_deep16.node-0      0.1234275591378706
#! SET av_cv_deep16.node-0     0.06275951487506075
#! SET av_M2_deep16.node-0       78777.87910688292
#! SET sigma0_deep16.node-1      0.1283584081509901
#! SET av_cv_deep16.node-1     -0.1010238364078018
#! SET av_M2_deep16.node-1       82846.63659493353
                  18000    -0.5352540670427576    -0.1236020977442059    0.04931979130135714    0.05255563106058377      16.02812458078781
                  18000   -0.07698774120392238    -0.7128307545766844    0.05476971860195964    0.05404889229685673      638.9855746184401
                  18000     0.2928423702109562     0.4336027979177562    0.05921496818409881    0.04955949007243865      8.293799890814654
                  18000    -0.2557336940954925     0.1659291628947833    0.05983291052324057    0.06644379846538649      583.7482364775919
                  18000     0.3377172557300248    -0.1180170058139048      0.057995063788569    0.05584156272092105      54.58090058120528
                  18000     0.2447702544727018    -0.2659955611886868    0.05665010353143608    0.05412483892920522      57.51287735031283
                  18000     0.4895149084061937     0.3367585895475661    0.05740983864051332     0.0534035323030849      3.881533433866059
                  18000     0.4493021241307874     0.1893387998455129    0.05719622360229263    0.05730306112251239      10.98308072676518
                  18000     0.7634586233520413      0.629373212529756    0.04820283548115494    0.04905069306589178    0.01832525926346506
                  18000     0.2463406479818375    0.06286205578096145    0.05499518045105603    0.05730686285164497      32.54473991352402
                  18000     0.1134066684334617     0.4683687631803415    0.06689452452100299    0.05635035474338438      3.515603204992199
                  18000    -0.6234610657536607    -0.9292228807681913    0.05840284777481494    0.05753402738302594  0.0001347099785841638
                  18000    0.07720105019882459    -0.3247029328765267    0.05982588118162803    0.05427357167189031      53.92417259022474
                  18000    -0.5870689012098721    -0.3859207995391791    0.05822101139856126    0.05256293053518946     0.8430397133410281
                  18000    -0.4962580326900227    -0.4773587047044016     0.0545983985970807    0.05350886286567771     0.9193912269946698
                  18000     0.2427101955237462     0.1952035504534574    0.05743254065820441    0.05632174395310718      9.041010740572242
                  18000    -0.3998032423344933    0.07278795345786117      0.053477144512899    0.05491530399290505      266.3946797487592
                  18000     0.5166111777526222     0.2586286548459756    0.05300016452818273    0.05305417882236754      4.839544793197676
                  18000   -0.02072470935332096    -0.5974861419181359    0.05512470031337292    0.05749969249060414      621.0510388850016
                  18000    -0.1125074512997966    0.08447018372696848    0.05746550689627249    0.06197270369521852      52.47838700036434
                  18000    -0.3962194841175878    -0.2227396010089388    0.04977223867225716     0.0515261927421119      4.546353988237912
                  18000   -0.06930195017730439     0.3768873126442207    0.05735854436435318    0.05457833466457334      42.03414767090852
                  18000    0.09216116431649841    -0.4243297825694018    0.06303079073565525    0.05976952391377706      67.50840650292413
                  18000   -0.09394742711548633   -0.08148511248042663    0.05785635422523096    0.05686626671700008      12.00616300472841
                  18000     0.6199385211573776     0.6823628047175028    0.05148143198170704     0.0512526913880881     0.2755146495777949
                  18000     0.5242109435661406     0.7112172989306008    0.05645507908380413    0.05115869414705104      1.187992152406884
                  18000    -0.8644982301817462    -0.4785959386629341    0.05124900937883044    0.05531754993520231    0.00320071903322945
                  18000    -0.4840884044419156    0.03818196298651347    0.05346306265882037    0.05324426310791321      22.32019033889965
                  18000    0.04680052139343598     0.2999369302570384    0.05456485992062158    0.05292412410804471      21.07042967708096
                  18000    -0.6970372379271754    -0.2387611606061003    0.06215102819442907    0.05997711848814209      2.521209446879027
                  18000    -0.2942673909591242   -0.08174024116194549    0.05534292721324189    0.05070864162308116      15.41032530000924
                  18000     0.5065866045480208    0.08441597674917725    0.05195727881209108    0.05240381917556309      5.495928839932576
                  18000     -0.498709243075307    -0.8003533333072027    0.05203136982003096     0.0521430213976162    0.02265217141823505
                  18000    -0.1922907983406564    -0.2836184590184659    0.05909995099955203    0.05640082128599579      5.198603688088536
                  18000    0.06969202203146628    0.01068195958254433    0.05706319154227826    0.05233840069112224      5.283667596535174
                  18000     0.2133588523465894   -0.01953437873056371    0.06467376646947402    0.06356746038926724      15.33516918805643
                  18000    -0.4721140848177894    -0.3437075942701149    0.04760567570045754    0.04828653936089978      1.096808810198056
                  18000    -0.3774359332055227    -0.3126573895766394    0.04838740952597323    0.05284880349529851      2.766368327437161
                  18000    -0.2295126629077553    -0.7041328275221881    0.06475188844625324    0.06503510662102294      15.11600748883072
                  18000    -0.5716252835658612    -0.7310008087358271    0.04935275590195595     0.0557159175189525     0.1925873730630777
                  18000     0.4881991818440722     0.5499060947670775    0.05814505264467097    0.05738185803844197     0.6944200420673539
                  18000     0.2665797381974322     0.3328561638343557    0.05521809467332916    0.05206399755301164       4.11735403900616
                  18000   -0.02411256963580559     0.2146586336315852    0.05489069060191628    0.05119008854135026       82.8151700260014
                  18000    -0.3051425539650747    -0.1493461097385258    0.04996944883459505    0.04816068462675107      6.719763155119202
                  18000     -0.452106951749662    -0.6829232776689433    0.05021825046611453     0.0548666043247001      2.056117480766424
                  18000    -0.6115432801873473    -0.1134911088780415    0.05019844417227702    0.05175415267618782      5.044526058538142
                  18000    0.01713377107702294      0.391104923986672    0.05353636235011815    0.05151876617866787       29.6292712347057
                  18000    -0.4102682575922028    -0.4225102451867414    0.05080927931837702    0.05057072630521903      1.074032285256935
                  18000     0.4026385023337715     0.2590607479903294    0.05651406803648442    0.05466716475933121      6.875540930067959
                  18000   -0.01227207817119952    -0.4055811954618965    0.05278385032933704    0.05386445082871547      39.16653439473534
                  18000      0.387231326679128   -0.02398528143401148    0.05475743632014782    0.05210432955006535      30.82612960467278
                  18000     0.6002761180091678     0.5958404977335344    0.05076559260773542    0.05272596601652151     0.3551902933854207
                  18000     0.1943471532039242     -0.386865042693964    0.05365984354432234    0.05662318016079874        66.560724782082
                  18000    -0.2974405460184196    -0.5559137747277376    0.05136236237426913    0.05155779738756767      6.556736819650616
                  18000       0.10573504195426     0.2237483775977707    0.04965113852680162    0.05245152407781182      14.12382499122286
                  18000    -0.1486142719232305     0.2385346659078048    0.05218408705431003    0.05257596533220669      85.23357050884304
                  18000    -0.2079931855043839     0.3973803375186529    0.05869134666486443    0.05685623268388362      2.709269264727595
                  18000  -0.000333373677631999     0.1119171629962928    0.05409212787201952      0.049089307116463      24.50187524279192
                  18000   -0.02894831995735603    -0.2148280901650468    0.05283503752119816    0.05368105646654921       5.79815485015754
                  18000      0.828474913180462     0.8691281574612549    0.05741519869694099    0.05296338703908612  0.0001795998124588748
                  18000    -0.1005887903061693     -0.225624176929136    0.05202116675061667     0.0614640746429523      5.217571150107602
                  18000     0.2134508182404546     0.4896794681472386    0.04732117856129186    0.04963336761439741      4.997824232098224
                  18000    -0.6536516788709293     -0.870739921664673    0.05353016099898474     0.0535741320005767   0.004227740019191407
                  18000     0.6052903856596539     0.2485983849644483    0.05327196020693507    0.05382697093954338      0.777756550622047
                  18000    -0.1357642926680115     -0.335365749415469    0.05338725202614626    0.05967536906478449      11.11605655440322
                  18000     0.1851273812591479     0.4222748546273967    0.05336656729039194    0.04904807727794894       2.68870373111777
                  18000        0.6246518711064     0.3487046365805617    0.04749481424257981    0.05092536035020605      1.370908088518211
                  18000    -0.4773872654578405   -0.09684651132459596     0.0493500940171156     0.0524619789228909       14.1632794097173
                  18000     0.7678161011580215     0.5432508624443868    0.05077940241232393    0.05084051755061681   0.004649991464147366
                  18000    -0.3555180664082228     0.1219253604549166    0.05123218013192235    0.05425801420590175      892.3495416582201
                  18000    -0.7519614696624241    -0.5554004532010359    0.04678858269075581    0.04815044181301868   0.003433003490250261
                  18000     0.7102034913301619     0.4775348833102911    0.05232530983790693    0.05304509429406817    0.03818773426542935
                  18000     0.3436172816068262     0.2044417662788761    0.04830878169632107    0.05149579202997222      7.783768350651986
                  18000    -0.1647697763366283    -0.4441281826678434    0.05235019201067978    0.05499496178295121      3.926307529557983
                  18000     0.2348885076220804     -0.163234017695434    0.05138795133091087    0.05079464373022381      16.14168599165384
                  18000    -0.2393005956012752   0.006840923092587301    0.05512022819821712    0.05127746466470847      18.75891573468644
                  18000     0.4584911832388017    0.04207517000315456    0.04730942911863482    0.05105729628730454      10.29817184062319
                  18000    -0.7382123121077429    -0.8645413622383925    0.05002801280284074    0.05372509283637176  0.0005626098107365137
                  18000     -1.018794298171997    -0.5945193767547607    0.05448565862922601    0.05455506300734125  1.069171976456402e-06
                  18000    -0.5284661989448929    -0.2157642607050267    0.04771512901345155    0.05662818831970635      9.723630420646922
                  18000       0.14055099646462    -0.2306813581599042    0.05580711215300651    0.05294477590904031      11.99580249338752
                  18000     0.7413906498738543     0.7659196991513496    0.05151035972785324    0.04921816280302208    0.01557388597345204
                  18000    -0.2431437842115078    -0.4943832938233346    0.05129973452928437    0.05632050284748141      2.341743870764599
                  18000    -0.4296888440381157    -0.0300878953721454    0.05110034530023147    0.05470849191287434      100.8604864773804
                  18000     0.2191557730983857     0.5685284502866288    0.04889215216675617    0.05317589784093712      1.077996396619402
                  18000      0.060483508992821    -0.4992710702819804    0.05324911428503908     0.0535647318240713      191.0486016918816
                  18000    -0.4745872207795031    -0.5666237760199515    0.05084047612630109    0.05074590441155722     0.6117406547649852
                  18000    -0.7646966576576233     -1.010733127593994    0.05355559550131174     0.0541876754482525  1.322980225293162e-05
                  18000     0.1599013656377792    -0.1740827262401581    0.05292069492693521    0.05377738409837099      1.764821110559888
                  18000      0.406737679923063     0.5989601939118193    0.04731072874389147    0.04902710047190432      1.188363390107161
                  18000     0.5300212178887734     0.4679039144334914    0.05118850909055118    0.05443961512546999     0.7064719035425049
                  18000     0.4999687421216245     0.6451623640161233    0.04764274465772888    0.04690210281799287     0.7517163486398644
                  18000      0.555627314179561     0.3601961727077947    0.04685286141024939    0.04884036031353096      1.737386189343534
                  18000    -0.2338518871178105    -0.6044978434160586    0.04972115842039359    0.04848158833655229      15.30515989496368
                  18000    -0.3753038048744202     -0.824877142906189    0.05222383478264952    0.05373610717036417     0.1420596640785029
                  18000    -0.3358959853649139   -0.02947752177715302    0.05211661950183979    0.05366583102707966      8.415581022305593
                  18000    -0.5606902785285131   -0.04769926044752578    0.05413436333318877    0.04960468730278123      10.54540899915287
                  18000     -0.694954997132904    -0.1500765060832124      0.050336675584793    0.05174315499120242      1.098757916687409
                  18000     0.2933579121809882      0.621767423154662    0.04950042969231437    0.04787327349192611     0.3342497973943084
                  18000     0.4960329830646515   -0.07271933555603027    0.05167692536778911    0.05301394556293043     0.4291240203888896
                  18000    -0.2140350227431245     0.2232390526086695    0.04910700712961698    0.05007784370590927      101.9046223192614
                  18000    -0.3761218793649561    -0.1032732480837135    0.05105652218933913    0.05086423644351314      9.946794426567491
                  18000    -0.7181662535147233    -0.4551776103741256    0.04986273640898035    0.05077847611584087    0.07884680577172511
                  18000    -0.6346752073370605     -0.526024063134824    0.05042642438533196    0.05235999074550939    0.07396693347120298
                  18000    -0.3171526193618774      0.266155332326889    0.05149666824168821    0.05236663028448283      22.00022891399243
                  18000    -0.3032929301135491    -0.2925355379168496    0.05123547838904893    0.05564328273767539      1.664187389598774
                  18000     0.7321736514630854     0.7101162426700345    0.04610458982739089    0.04656131751899305    0.02273082066290785
                  18000     -0.392889209730374    -0.4751370485946318    0.04607089020506507    0.04872029418915659     0.4646452965276845
                  18000     0.4158018658541516    0.09006412515924173    0.05041102518458255    0.05065206183241849      12.14056508416625
                  18000     0.3736607681078842     0.3274061695298387     0.0498460357830843    0.05002702594594965      3.585445043058593
                  18000    -0.4999237820690107     0.1183035563082364    0.05207277425747196    0.04964599537783708      10.18969104203712
                  18000       0.15701464881242     0.1607345529932611    0.04888398309264727    0.05114348448827988      25.98640393086018
                  18000   0.000222197378339417    -0.1264846948270974    0.04999931031005683    0.04682807537933072      4.857610314668948
                  18000     0.3993657402768999     0.4971661388073146    0.04757978418326101    0.05420667770542239      1.024960227539783
                  18000     0.8132734950386379      0.737984352883112    0.04517520575348942     0.0485257320621436    0.01268150385210283
                  18000    -0.2347654953178149    -0.3581803807015563    0.04881512205716527    0.04813919177782882      3.974040254116778
                  18000     0.3444661123148985     0.1161635941677471    0.04829460711243581    0.05019363890103296       11.0612818318958
                  18000     0.2721195491323181    -0.0762907655010002    0.04728423286022978    0.05025509756321114      12.29360584488571
                  18000     0.3451068382632258     0.5279612236776126    0.04800163132624792    0.05111412824855865      1.324177558530853
                  18000    -0.6455855803660192    -0.6291620961033881    0.04913035330848344    0.05099743754522586   0.008493983214678983
                  18000     0.1390872514527333     0.3679668827773493    0.04719471061645526     0.0485632269671176      2.601693392593347
                  18000   -0.08837321762582827     0.2555281409854042    0.05008333811786823    0.05140591020844126      22.43967099117021
                  18000    -0.1463359260896106  -0.007092503634080366    0.04870058299205328    0.05237070922411561      11.91317133364531
                  18000     0.5519739837262304     0.1864179602411783    0.04855470559637625    0.04923746972974147      2.801325873143083
                  18000     0.0834283770728201     -0.240357714206728    0.04847965441270337     0.0469380752600829      8.944867107053071
                  18000    -0.1663933292968068    -0.7876565005190658     0.0472431477320517    0.04837671745298069      74.48444434213222
                  18000    -0.2286941260099411     -0.445675253868103    0.04911551720565006    0.05027769718630079     0.7999697013641596
                  18000    -0.4684200584888458     0.1882478296756744     0.0490694938366408    0.05020618664775255      4.429040417537739
                  18000    -0.1901501004857167     -0.071697016074086    0.04737960185613285    0.04825754037822187      3.537993801891547
                  18000       -0.7735208905521    -0.3563275416414295    0.04962434802529562    0.04887288558758957    0.02834825177658529
                  18000    -0.3429279235460075    -0.4397319272645543    0.05011612648104144    0.05118352659613017      1.194553945890873
                  18000     -0.149134043117963    -0.6726658893188003    0.04668996231110834    0.04630182098208677      59.21782388529826
                  18000    -0.1609215289354324    -0.5550437569618225    0.04860171824200026    0.04981684435323636      6.789150379342809
                  18000    -0.5455968881217067    -0.3426230110904424    0.04671286492630061    0.05007628671586892     0.9931424273440248
                  18000    -0.2551493346691132    -0.2248932421207428    0.04820091700895596    0.04950847541457884     0.6146877155661702
                  18000    -0.5561071370402413    -0.9222068572849952    0.04624902308266969    0.04887823846601782   0.001527948147517601
                  18000     0.1028817254345072   -0.03878205265958427    0.04749086717026672    0.04677241509083785      3.317307528592018
                  18000      -0.28228330691088     0.3230239019815055    0.04891045373594941    0.05020971075950945      18.09531684953419
                  18000   -0.02508912822923677     0.3320130083130678    0.04666734759498753    0.04951967196899019      13.00450355717103
                  18000    0.03694523380769157   -0.05897672111747131    0.04931587102269264    0.04969355738692283      4.141364692554767
                  18000     0.1547960413842468    -0.3173029775559617    0.04909768976342324    0.04740068643196865      95.70666954891706
                  18000     0.3681677865637358     0.4144638243246279    0.04996969986798117    0.04874103736454716      1.108289749003667
                  18000    0.03446231654460789    -0.5823282459997136    0.04715942023462968    0.04622928923062227      87.73448261440372
                  18000    -0.3383401639197354    -0.2347213821029334    0.04690741772905265    0.04664787218577224      1.922669686551628
                  18000    0.09835326144739495     0.1193452237903202    0.04900007000685296    0.04688814621677239      5.009949023342976
                  18000     0.2935459360143025     0.2627930799182251    0.04735063820557445     0.0500827351959876      7.501096352680439
                  18000     0.7028611898422241     0.6389732360839844    0.04829039946158665    0.04910809579827881     0.0187254884531109
                  18000      0.158165235971687     0.2809786270002898    0.04793618528496652    0.04815306731003842      9.225685431538746
                  18000      0.486967533826828     0.4332491457462311    0.04747282177585582    0.04859224581571594     0.2307690378801124
                  18000     0.3345329761505127    -0.2627465128898621    0.04744230206180809    0.04854750534551083      1.707178402117228
                  18000    -0.4913695536328037    -0.6222192593564517    0.04740733963907066    0.04531075285365641      0.302051849500044
                  18000    0.08920995146036148    0.06832722574472427    0.04739355720966788    0.04850372932695485      1.644455544175551
                  18000     0.2252562570949776     0.2884272132427481     0.0473282908551298    0.04778135475536333      3.015275409122273
                  18000     0.6376219086380348     0.4310712262260159    0.04568665554147412    0.04958215067146649     0.3993473317603506
                  18000     0.0490337379676164    -0.1507285354171801    0.04975545090386542     0.0480083901442577       3.48229629289675
                  18000    -0.3076139241797704     0.2078277873824227    0.04520746655573363    0.04644472397997382      151.1414311223418
                  18000    -0.1650103929902607     0.3216450521563275     0.0470886030440304    0.04822188228577652      29.79068984778015
                  18000    -0.1056555211544037    -0.1380147188901901    0.04674285042323136    0.04781242464088675      1.245804265790761
                  18000    -0.2894548299762744    -0.6406817228037862    0.04497184700690797    0.04597021439957196       5.00463064007528
                  18000    -0.1007226034025836     -0.645441225564977    0.04898665552180131    0.04746081795632572      170.0210938697851
                  18000      0.211875021242803    -0.0947207299419511    0.04667479013663752    0.04697632614471783      6.631428770784797
                  18000    -0.5734072908781573    -0.5019408814283981    0.04525380200676962    0.04633477713955454     0.1761443162964842
                  18000     0.1628072410821915     0.5211045145988464    0.04643626546244458    0.04727372244286531     0.5097913456446879
                  18000    -0.5988603055529951    -0.3055157597833423    0.04444026653636826     0.0463713074278859      1.115811922536787
                  18000     0.7149172191412285     0.5516720747445097    0.04425639379302811    0.04650623812637108    0.02226032014837191
                  18000    -0.1170620988399909    -0.5767568573691328    0.04509809551509728    0.05085344064285371       53.8088602372674
                  18000    -0.7205772995948792    -0.9412028789520264    0.04625642451500919    0.04722793442207909  0.0003347805502756589
                  18000    -0.2920265227983808    -0.7732450623840331    0.04638644721837223    0.04687141620797828      3.398309455748105
                  18000     0.2730130553245544    -0.3143612444400787    0.04617054758590956    0.04721826885770203      4.900256935731948
                  18000     0.1350887659037109    -0.4731442080721709    0.04541611954337118     0.0474145598158396      53.34086606309222
                  18000    -0.4196699261665344    -0.8738890886306763     0.0460299245781104    0.04714413825359269    0.02048224153118677
                  18000    0.02751433104276657     0.5735862255096436    0.04599485705169691    0.04712855707181425    0.09454338282482559
                  18000   -0.08646196346108287  -0.006506360678415826    0.04804006530902787    0.04798798124069244      9.559731531491348
                  18000     0.1477783606590025    0.06184630122078286    0.04515548332123857    0.04544803317429679      7.733264916519432
                  18000     0.8688892722129822     0.9153743386268616    0.04571295984422984    0.04675142773523479  3.877302278139317e-05
                  18000    -0.6475003957748413    -0.4575088024139404    0.04572664985315915    0.04673093318850451    0.03268689924723193
                  18000    -0.5042051672935486    -0.4065787792205811    0.04580053833938446    0.04671353380459453     0.1796782310142639
                  18000     0.9059393405914307        0.8295858502388    0.04585449990119483    0.04668359832032694  4.238421179890228e-05
                  18000     -0.040426354855299    -0.2916454076766968     0.0456791930503721    0.04654626392740872      2.350561582204623
                  18000     0.3282301506661015      0.021515352147336    0.04400160019691053    0.04609872573404895      6.932903709713536
                  18000     0.0364241860806942      0.163746252655983    0.04568551063271857    0.04648454607047788       3.29810793842438
                  18000     0.4424706647850619     0.6781133905751972    0.04674117020841271    0.04619256202073795     0.3194264075592153
                  18000    -0.8258872628211975    -0.3690503239631653    0.04562422457188066    0.04654208056151591   0.007552459855832315
                  18000    -0.2139891021811349      0.294066172304495    0.04591745687657237    0.04820465479972021      59.33279762537997
                  18000   -0.04915907625195297    -0.4688067914681006    0.04619081302963569    0.04684792480121565      39.12917078481195
                  18000    -0.6109773466030305    -0.1941242428314447    0.04876683695970033    0.04917489528013675      3.484716597019146
                  18000    -0.6482557461758376    -0.4091690567298601     0.0447961821790366    0.04451904101318171     0.2267014125745705
                  18000   -0.01529438536564903    0.03896984507481988    0.04376559633398273    0.04489288827484686      6.313505657428662
                  18000     0.6869627621891881     0.6974148389800499    0.04492771522169894    0.04583882202664868    0.05428345622647218
                  18000     0.8315123319625854     0.6607897877693176    0.04440527906506146     0.0454805574551078   0.002002535674613818
                  18000     0.0921555697641348    -0.1116117309457047    0.04394645650113255    0.04845506270562745      4.089021031815838
                  18000    -0.4820525888322572    -0.2184485372133614    0.04451063257379037    0.04431366688952951      2.610553104697252
                  18000      0.375555157661438     0.6611478924751282    0.04420558155019164    0.04514463750787231     0.1156761775409082
                  18000     0.3091091215610504    -0.1717011034488678    0.04410721134192797    0.04503934033566685      5.163848773176651
                  18000     0.2920334162941834      0.145635614747329    0.04362141773713014    0.04478215564854094      7.212609893147576
                  18000     -0.175903782248497    -0.1723759174346924     0.0440805331928063    0.04500976399338918     0.7412321964037187
                  18000      0.597433865070343     0.4584897756576538    0.04407471280771088    0.04503053082914624     0.1688821714450361
                  18000      0.803241491317749     0.7984824180603027    0.04408552011772814    0.04500541716382423    0.00244367518493149
                  18000    -0.3809302747249603     0.2452194392681122    0.04406070796610635    0.04495298229404052      18.59612857797757
                  18000    0.02043374441564083     0.5154184103012085    0.04368522445761098    0.04476862678729093     0.4713627146304197
                  18000     0.7143690586090088     0.3824098110198975    0.04334196428826234    0.04454581610850785    0.04439250823185965
                  18000    -0.6242559552192688    -0.2637922763824463    0.04319410258430111    0.04437251406434004     0.7232919005503208
                  18000    -0.2450091242790222    0.08410879969596863    0.04311987340807373    0.04428512821088235       45.1180842553298
                  18000    -0.6278148293495178    -0.7198938727378845    0.04310052927574932       0.04426971017921    0.01707085106993203
                  18000     0.1145802289247513     0.5553435683250427    0.04308666756172957    0.04425676797979896     0.2883121871590125
                  18000     0.2301283925771713      0.126797541975975     0.0430594246504274    0.04424674033562739      4.484193039553255
                  18000    -0.1997924447059631    0.08837108314037323    0.04298536731572197    0.04418341951332554      32.00750892080195
                  18000    -0.3993554711341858    -0.5655069947242737    0.04296971820517738    0.04417326978028203     0.2791571329379222
                  18000     0.7691060900688171     0.8962032198905945    0.04295716339126895    0.04416072119562875  0.0002091171477092236
                  18000    -0.5793454051017761    -0.6074926257133484    0.04296858645739206    0.04413435550562043    0.04013894805164177
                  18000    -0.7081147432327271    -0.5302369594573975    0.04274791870474536    0.04382086999459984    0.01361668189318824
                  18000    -0.5399906039237976    -0.4429574608802795    0.04274877220808829     0.0437767872598688     0.2271315180633871
                  18000    -0.9239106774330139    -0.6955833435058594    0.04275406305081712    0.04376456850373748  1.235803605433831e-06
                  18000    0.07890447974205017     0.4161446988582611    0.04274057049713376    0.04371570754803459      2.932493768966055
                  18000     -0.594409704208374    -0.8263489603996277    0.04265678432439617    0.04364358672819528   0.009915894933223552
                  18000    -0.3582927584648132    -0.7204121351242065    0.04254179671463871    0.04360433312391916     0.5450538377603147
                  18000     0.6836839914321899     0.5863549113273621    0.04252901092880883     0.0436134639458703    0.02997487574859696
