#! FIELDS time deep2.node-0 deep2.node-1 sigma_deep2.node-0 sigma_deep2.node-1 height
#! SET action OPES_METAD_state
#! SET biasfactor                       4
#! SET epsilon   5.176336619919723e-10
#! SET kernel_cutoff       6.539381215389747
#! SET compression_threshold                       1
#! SET zed      0.2683089490099908
#! SET sum_weights       10965.78113390067
#! SET sum_weights2       53295.15818794587
#! SET counter  4992
#! SET adaptive_counter  2500000
#! SET sigma0_deep2.node-0      0.1500098794205065
#! SET av_cv_deep2.node-0      0.2611360932337129
#! SET av_M2_deep2.node-0       451389.4695515484
#! SET sigma0_deep2.node-1        0.65039631663088
#! SET av_cv_deep2.node-1     0.08822112342896671
#! SET av_M2_deep2.node-1       613533.7618183214
                  20000     0.5084723811178256    -0.8057571362973586    0.07474015363727453    0.09897422913084582      45046.68320895112
                  20000      1.154133796691895     0.6043190360069275     0.1253355859258002     0.5421462028246714    1.4285190230086e-06
                  20000     0.8725062569158393     0.9152853345405864    0.07343839658895585    0.09022772311728229      49880.18173821878
                  20000    -0.7723352274993693     0.5696038454762767    0.08641608030578421    0.09185139290320418      165.6228158373226
                  20000   -0.03673637358267347     0.4479416966198744    0.08201296343120196    0.09480919491253054      203.0360968939854
                  20000     0.1937252880328711     0.3140222656489332    0.08402764341168735     0.1031497721666191      613.3337432435769
                  20000     0.6362897495187461     0.1051755948594059    0.07912116944150908     0.1009185154439639      2398.799210370848
                  20000     0.7867958587159434     0.6430528638301209     0.0767604496916687    0.09322011882260299      14543.05655650063
                  20000     0.3882339713065097      0.574462888565736    0.08017229185298974    0.09477901479872058       748.031414733716
                  20000     0.4404075882789353     0.3513108588865403     0.0833807404195728    0.09149867957316697      1649.566716545933
                  20000    -0.4814186341086816     0.4913799233497611    0.08726316595881496    0.09835388429329024       81.1641729185892
                  20000    -0.2849811802121693     0.3275696035370608    0.08681359528501056     0.1013765190586752       69.5366323773809
                  20000     0.2807541984185741    -0.1352413489477949    0.08614466663184597     0.1000525006766457      56.96166003171589
                  20000     0.5894153981474367   -0.09371598167426015    0.07843789707871533    0.09526270316086928      4170.129984384533
                  20000    -0.2285297912789105     0.4782985056523842    0.07907116907460346     0.0932363453857127      124.9576375222359
                  20000     0.6186197285680546      0.646977823642707    0.08441930187470836    0.09678331254955762      1917.307785285922
                  20000    -0.2274243124203284    -0.6272868411362392    0.09025780230782034     0.1234583962917736    0.02687221422795671
                  20000    -0.4867760199487011   -0.01810395797477861    0.08727474414909718     0.1089130816726846     0.5422942863148219
                  20000    -0.3711652610643493    -0.4182633174776522    0.08105584840144482      0.100701462941075    0.09535699353735803
                  20000    -0.7090671760919609    -0.3684122861462836    0.08044600469207318    0.09725768917193939      0.182519291601009
                  20000    -0.4009447518793113    -0.6806849427539776    0.08413020384959606     0.0980350870225358    0.03633474139538437
                  20000     0.5225065501194951    -0.4205948065114908     0.0785723861954226    0.09831711107785139      6601.528761973746
                  20000    -0.5943073383668672   0.008549171944012293    0.08492378059106916      0.100447863306201     0.7165956803090255
                  20000     0.5150085663381635    -0.6074689947522091    0.07335727699935989    0.09713272199227022      16177.95039898343
                  20000    0.09660518907789122    -0.2156192121477907    0.07175406800472249      0.091735296989534      7.933230622323723
                  20000     0.3509780520173836    -0.2997018303511613    0.07521900805069404    0.08796171110690665       285.531026510499
                  20000    -0.3459149599397203     0.5326388380756638    0.07431255939221776    0.09117053059183339       88.8888795284582
                  20000     0.5924935427373941     0.4306581096469838    0.07507571010530449    0.09210391729515074      2920.892278171828
                  20000     0.7172411908100196      0.525259710455134    0.07708094421622952    0.08678304236384335      6423.105026002064
                  20000     0.2616047702789361     0.5102634584628538    0.07824564499830551    0.09517527176440446      333.3143149114132
                  20000    -0.1282865502194155     0.5248921103193127    0.07349195880222406    0.09137377000092711      62.83056386478787
                  20000     0.7972989649192269     0.8006354060165624    0.07248561846013177    0.08808990151513671      21264.55721414347
                  20000    -0.8093897508776725     0.3761637500974331    0.07331358386447352    0.08555126841157462      4.948839196095808
                  20000     -0.575584891444289     0.3316775497772101    0.07803269386089258    0.08863065468575572      21.50150067457508
                  20000    -0.5697255497696282     0.5946396224062838    0.07313687685938448    0.08524104288999221      63.75691801338755
                  20000    -0.7089783448751992    -0.1984743507142131    0.07933484207374711    0.09598766625930485    0.06580413301409439
                  20000     0.4673283619579576    -0.1966118861767539    0.07259158213233714    0.09057962727689288      868.4718869601845
                  20000    0.08838711838951323     0.5458575972070251    0.07799380127047331    0.09356947245056679      180.7313094066038
                  20000    -0.6287249886398613      0.505449724694093    0.07140862846165935    0.08370271723917688       77.2733602641519
                  20000     0.3280580646592282     0.7058648513973432    0.07194014746731715     0.0845610101689247      135.7355917695371
                  20000    -0.1386382634275115  0.0009716159746917635    0.07377398642461447    0.08348326589076299     0.8108871997305204
                  20000     0.7037741897964421     0.2771901237727397     0.0717145761099519    0.08881314892105591      1107.343125712206
                  20000     0.3224858208913643    0.08778722627905834    0.07404384675132336    0.08007620600399233       19.8633127112844
                  20000    -0.5876548240964875    -0.5428977386025855    0.06934676379117294    0.08823349813943906     0.1442164279101326
                  20000    -0.5379535399383687     -0.310227179054224    0.07716518052130951    0.08795230676279434     0.2049380260827266
                  20000   -0.06288498019818003    -0.7502989668945407    0.06635188820927872    0.08529402835181406    0.02172978699023165
                  20000    -0.4756339769897877    -0.1995872004784729    0.07706651595991403     0.0864948116664532    0.07157423686909009
                  20000    -0.4687206969618885     -0.474327975744917    0.07682151398967724     0.0899077793751355    0.09158461877357232
                  20000   -0.08239877015184625     -0.605727950522707    0.07539850387368094    0.09372670027279616    0.03104839424175676
                  20000     0.4461859641214038    -0.4781227852255329    0.06968506504795033    0.08436218462328916      2422.109223393963
                  20000     0.4754427132090726     0.6942117981720478    0.07427976727953201    0.08796157193267756      424.6115577492029
                  20000     0.0781741150444895     0.3315435968128281    0.07054939769937141    0.08915229873813041      228.1893357231309
                  20000   -0.02154511589241195     0.3178479803268666    0.07170080757949644    0.08670491999566345      114.0090995938214
                  20000    0.07354982304028695   -0.04070177401071066    0.07776736464084681    0.08568435246845447      7.960864937377568
                  20000     0.7429508362162109     0.1868057125146858    0.06893589467661339    0.08201416201453847      163.6135310147315
                  20000     0.6264646559478663     0.2421587114530547    0.07214877315092783    0.08618055530480438      815.7612494261427
                  20000     0.3357752149362769     0.2897545730678267    0.06934796202878976    0.07849796450171104      357.9987378684139
                  20000     0.1712350887666389     0.0920133368121886    0.07768024755774504    0.08120629601616877      13.93270095284959
                  20000     0.5202603991707254   -0.03170903365826572     0.0698311329200909    0.08611590934822874      1134.708863685066
                  20000    -0.1300421264197743     0.1870482456376065    0.06846734511438508    0.08323602131120393      11.38477840693903
                  20000     0.5523653136009459    -0.2408000675792898     0.0718542101210998    0.08546487727097761      1967.257698001623
                  20000    -0.1539892533437281     0.3527122079323289    0.07316858508570936    0.08135740179286798       93.0558853524949
                  20000    -0.4419069083218365     0.3116107095600763    0.07085355345584513    0.08102545375585567      10.10378183086786
                  20000    -0.8623082703185468     0.5209521886922668    0.06735928351870235    0.08475880355882137      28.96219110944333
                  20000     0.5169105456403957     0.8759280849075026       0.06815400655435     0.0777544189603115      16.36179485086703
                  20000    -0.4368376457515067     0.6209328826699144    0.07070689603779631    0.07726900181791169      21.15517514337806
                  20000    0.09702737119863102     0.7562901844769243    0.06785249286150023    0.08755610607952224      2.392824085287393
                  20000    -0.2942493455077456    -0.7779443185484713    0.07180665698289762    0.09172704469063259   0.009767967754102606
                  20000    -0.2276295271484706    -0.2945151942532772    0.07314558184289476    0.09160175091061663    0.03043749478119355
                  20000     -0.303952990818426   -0.05144069249156447     0.0693256057443815    0.08365935791432186     0.1846509813597725
                  20000    -0.7074425253962354      0.313081844219476    0.06914846040955697    0.08171398840149209       3.78289690023496
                  20000     0.2883325030179784    -0.7216615883589541    0.07055980346191044     0.0864809744484084      25.70761677756065
                  20000      0.537940064516126    0.08380166722975561    0.07113970315112811    0.08192960817745772      439.9027976684753
                  20000     0.1986454592665644    -0.2672844787189958    0.07244667126056979    0.08021201704985692      23.41891345470261
                  20000    -0.3322229669217988     0.6643806112580537    0.06842292653748554    0.07567212326808422       9.26346831113211
                  20000    -0.3908354477148702     0.1436968077986748    0.07191532754382092    0.07832084667477122      2.474346105778275
                  20000     0.2948156909839078     0.3628806699864064    0.06837369562499934    0.08241065740847979      620.1594011114365
                  20000     0.5606681895775397     0.7718799609638648    0.06958119543782106    0.07906009600119081      213.7853124594383
                  20000     0.3838678442936345    -0.5457452192954431    0.07365909114172151    0.08092369408472201      237.9822971538578
                  20000     0.6935949838611388    -0.1026627258419951    0.07232106470490611    0.07724466706009406      153.6686896741258
                  20000      0.709150588806564     0.4137916151989302    0.07291423886478841    0.07979394568081864      990.0511535749962
                  20000     0.1905737457903574     0.5772479928768304     0.0715188263216933    0.08297419999956608      91.28834718420579
                  20000      0.661020703266494    -0.4077883862493047    0.06687516975508159    0.07295506717230681      28.43461588739569
                  20000     0.8855381337514544     0.6895134183819699    0.06867593394401904     0.0810612948864301      342.2361553214716
                  20000 -0.0008492558217142184     0.5927485545034776    0.06766184866100733     0.0809944909358728      38.85898919065178
                  20000   -0.02194795784350266    -0.1018471067964208    0.07346820551251571    0.08196550409765795      2.237773921691608
                  20000     0.4409812752681763    -0.6863594342831972    0.06752552279903039    0.07760861337791308      1986.476007286402
                  20000    -0.2445745048142668      0.184919511180788    0.06865893952043302    0.07882648184147152      2.173172075721448
                  20000    0.01078638261725603     0.1151144815821962    0.06505224793214437    0.08071757207626126      3.785312995088634
                  20000     0.4997140828001271     0.5209637023620844    0.06860778413708794    0.08371857681056548      322.3885575575408
                  20000     -0.899766743183136     0.3063803911209106    0.06833500844981409    0.08212564109196105     0.1707309966737879
                  20000      0.692954031517438     0.7902591958236993     0.0684763447084356    0.07791131901301566      1926.671011020698
                  20000    0.03261374862689283     0.6809714265713265    0.07100194958424834    0.07530796861998945      7.796352817389394
                  20000    -0.2542303721472363    -0.1801088822525786    0.06561909542734257    0.07692693210571544    0.05608593849719046
                  20000    -0.4018002374905702     0.4040351926087765     0.0682075327043658    0.07612181203990477      40.37781883317316
                  20000     0.6071820835651842    -0.3049280128204715    0.06759453273728944    0.07724492122820724      429.4347564068178
                  20000     0.5526221899484729     0.1794295335812038    0.06732365595812743    0.07709267070266655      283.5661991810184
                  20000   0.001316102687269449     0.8389214277267456    0.06752541621431986    0.08033903724302169     0.1669824149193216
                  20000   -0.06026548221315962     0.6796312298307792      0.068557122035604    0.07794082983502512      8.282249034652587
                  20000     0.1441687428954982     0.4318411465917963    0.07199749641743272    0.07660932543573012      182.4158398975722
                  20000     0.2506287000706396    -0.3527987991992615    0.06718854199043575     0.0772990831966946      13.89787946218729
                  20000     0.8183688521385193    -0.3324987888336182    0.06679930414683347    0.07880918358508253     0.5961192763483548
                  20000    0.08642854800998917    -0.8624862773518583    0.06856669844610973    0.07736625566216365    0.03897962765496011
                  20000   0.003717610845342278    -0.6623029708862305    0.06581050214290241    0.07828932153162255   0.003862821881480592
                  20000    -0.8580375909805298    -0.1345971971750259    0.06585433611255535    0.07827968132450598   0.003881706805948857
                  20000    -0.6045122032087938    -0.2081994474870624    0.06344077890733639    0.07999209544241122    0.07634958502268104
                  20000     0.6546567219641427    -0.2232593433289997    0.06635607340559545      0.077236184878405      276.7445135242093
                  20000    -0.2101235389709473    0.05824301764369011     0.0653603531770084    0.07780136019021174     0.1646491780146497
                  20000   -0.02539374885549649    -0.2225315780457494    0.06479889880989757    0.08113440243911711     0.3009079120222481
                  20000   -0.04080150220135527    0.04924809230879397    0.06350574064135273    0.07857347743484903      1.368549547355878
                  20000     0.4154174715630289     0.4628381440317698    0.06698729151672063    0.07429257443341516      311.0874134393416
                  20000   -0.08709836713358522    -0.1494043456789646    0.06471663084929789    0.07476601404879188     0.6521101497926377
                  20000    -0.6578188798022274     0.5988664312036635    0.06349003145807962    0.08012508088036918      23.60925886244182
                  20000    -0.2206541564259649     0.7718267881411297     0.0627573981990914    0.07788731887645783     0.4095330210677396
                  20000     0.7155570932510439     0.7112541864080592    0.06636991941573744    0.07876713683749072      1880.507064859261
                  20000   -0.02303859876442121     0.2049175559698823    0.06661019632673844    0.07335839340507969      18.35869602962916
                  20000    -0.2038207835135028     0.6648878360867859    0.06346574089157661    0.07774572015963123      4.748805059441645
                  20000    -0.6543563961940824     0.2505847504876114    0.06162980102656593    0.07368289409972337      1.207667570767666
                  20000    0.01401904225349426    -0.5826101303100586    0.06429201268251118    0.07631161286408641     0.0044070311033511
                  20000     0.1234708353877068      -0.70530104637146    0.06386460197153436    0.07574920063889863     0.1146624998966578
                  20000     0.1617000099232751   -0.04124488487961676    0.06420945470513498    0.07557792039881722      5.675612757313866
                  20000     0.1954183422341264     0.6789108486325753    0.06961210272618257    0.07497015232163265       32.9512882537792
                  20000     0.7550552540515395    0.07542987184744541    0.06589955478195099    0.07373385458511045      19.93356308975917
                  20000     0.4547008370950614   -0.07212722144001044    0.06529933232644844    0.07161377207537338      32.48882967415442
                  20000     0.4520683086550856    0.02306225266408773    0.06319013833123209    0.07247764618483925       38.1013506181833
                  20000     0.4207754534996948     0.1092385170026225    0.06289097573415101    0.07320408690664947      11.74413797334287
                  20000     0.2343066781759262    -0.5699709057807922    0.06359127156568838    0.07499084621933486      1.939986421994642
                  20000     -0.733015447390947      0.463598819908549    0.06698352760975919    0.07323129887782545      13.08173699858791
                  20000     0.1428886502981186    -0.4292184710502625    0.06354177755898846    0.07471186361728215      0.300909998608618
                  20000     0.6571896129904128   -0.01376741209443923    0.06773611820238154    0.07630585808810572      455.1370488229016
                  20000     0.3536665632465472    -0.6573070534708731     0.0612765130227011    0.07781707203699442      92.81558274531952
                  20000     0.8710800409317017    -0.1192793101072311    0.06300468336693843    0.07406980297150698     0.8211850328030637
                  20000     0.2527311261475391    -0.4870611178410528    0.06141373162028527    0.07473715815292185       11.3696634153284
                  20000     0.6208222508430481    -0.6948650479316711    0.06300798362026321    0.07392467608740691      64.90959912001615
                  20000    -0.5179039323473532     0.1846424482756452    0.06602283802477468    0.08151026786580515       2.43902593626951
                  20000    -0.5049818326705192    -0.6345185719306092    0.06362502085101997    0.08037184468016458    0.05400422983008037
                  20000    -0.1361599940464228    -0.3977240928347817    0.06424172259514413    0.07301387903606023    0.03914437119126722
                  20000    -0.1537825167179108    -0.3100716471672058    0.06241431826753896    0.07366736978066918    0.01387783257831753
                  20000    -0.2029804394260586      -0.48868812341347    0.06218096123128397    0.07280440764137407    0.01935387111467989
                  20000     0.1217432927333719     0.2291237229899778    0.06849963833865304    0.07360535462024882       82.7832846496153
                  20000     0.4287811572712467    -0.3668867091000371    0.06561767168770069     0.0757950918057894      622.5272335205617
                  20000     0.3352537155151367     0.1755147278308868    0.06210404866070285    0.07332674712948149      4.745624110270975
                  20000     0.1574982848946604     0.8327310816625267    0.06141807672338598     0.0740258517081448     0.6356290850922675
                  20000    -0.8351435661315918     0.2673633396625519    0.06195493508724882     0.0732251343769022     0.1913594206322963
                  20000     -0.816443920135498    -0.2040502727031708    0.06199482966672456    0.07322696677361437   0.006883698752374916
                  20000    -0.7434462308883667    -0.4804421365261078    0.06193784593621369    0.07312961037122742    0.01317573730821684
                  20000     -0.618748664855957    -0.1061204373836517    0.06191886918368255    0.07310746238992967    0.04662658351292278
                  20000  -0.007608821368239146    -0.8469760198689138    0.06558700533919498    0.07572562663989447    0.02246345716353551
                  20000     0.3571202061301086     0.7928532916781076      0.063349170759066     0.0712737232479406      6.796893598463984
                  20000    -0.1279355254479679     0.7384943058740016    0.06149641791044339    0.07485525690318198     0.9522003434365521
                  20000    -0.6058884263038635     0.7130991816520691    0.06142992849004663    0.07234169435973653     0.9542451571197679
                  20000     0.4578762730944028     0.8267114667824531    0.06209126471620611     0.0744936349061687      8.149593422522948
                  20000    -0.3577547756517758    -0.5671295572091463    0.06743115216986247    0.07068587902515032    0.02126573113986934
                  20000     0.5795081439052999    -0.5243045188403546    0.06194506951844969    0.07438159836419929      727.5400962915539
                  20000     0.1987290680408478    -0.1865036338567734    0.06063955137427827    0.07087259376722596      1.427468562474139
                  20000     0.9425634496997599     0.7800331423394876    0.06307318045403222     0.0741611820327905      135.3967413168037
                  20000    -0.5202242732048035     0.6921083927154541    0.06065265084831786    0.07050870672745671       1.07290176884181
                  20000    -0.2432390600442886     0.5965819954872131    0.06065754663883535    0.07043851172795977      1.956271128260322
                  20000     0.7307194093399694    -0.1946773504679541    0.06080286656089724    0.07134592838859197      19.29764462917948
                  20000     -0.586668299928409     0.2321627532081716    0.06265012776937115    0.07022863670595231      1.037997912544759
                  20000     0.8400154113769531     0.1173995807766914     0.0602635551407643    0.07016246537889624      3.179760541783267
                  20000     0.6210490836302149     0.8229031499346297    0.06138107626062105    0.07004099437515032      104.1341350442392
                  20000     -0.665473461151123     0.1418671905994415    0.06015895281814811    0.06983610124658665     0.1210065555554843
                  20000     0.2356196775227285       0.16763313069271    0.06001585044757525    0.07618759376538012      8.643714969359767
                  20000    -0.6428342461585999     0.3921553194522858    0.06004599078632915    0.06980147688903178      1.430271907346905
                  20000     0.1524029019170511     -0.116183155853951    0.06002366896960692    0.07275628405082959      1.815443218555401
                  20000    0.03935290901146595     0.2471177876320088    0.06408924825648055    0.06983535187719837      19.56402701046905
                  20000    -0.5702342618439867     0.1174401987566128    0.05943759246532479    0.06919163836031056     0.5213978715276737
                  20000    -0.1430778503417969    -0.5465431809425354    0.06002423711922421    0.06966931816174236   0.007177652079572289
                  20000   -0.09587226808071136     0.1055929139256477    0.06002829415368716    0.06966747900601886     0.5545680450966877
                  20000     0.4202293530301267     0.2598540209613328    0.06039467864930413    0.07248161438130751      27.21166463506805
                  20000    -0.3028411269187927     0.8341948986053467    0.05981109072243192    0.06921920538652693    0.08657119044595531
                  20000     0.4719052612781525     0.1907414793968201    0.05972822135791109    0.06914436421799761       11.5334270865034
                  20000    0.08235984295606613     0.1361173838376999     0.0597225363410652    0.06914307802959389      2.492325105901624
                  20000    -0.3358426988124847    0.02340026758611202    0.05967415237927674    0.06912077972380079    0.09197767243373908
                  20000     0.9530652165412903      0.505560576915741     0.0595911735092368    0.06906321271172253      8.150477384297938
                  20000     0.8909916877746582     0.1981883347034454    0.05958009780063204    0.06898924444418765      1.414358166408883
                  20000     0.3790893535307957    -0.1208336857170755     0.0602713173482927    0.07494772972318241      15.76405620728107
                  20000     0.4595348943377525     -0.917904206602483    0.06305128843557239    0.06960447930489465       198.485825005151
                  20000     0.5264544082374596     0.3701980003355727     0.0606365022857102    0.07205664124695803      204.1900237055684
                  20000     0.3790797591209412    -0.7818305492401123    0.05954086601954107    0.06896844356725075      72.00536500618951
                  20000     0.7504775616015028       0.88353330361646    0.06078241007753406    0.07117207759594739      240.6999362994069
                  20000     0.4946195781230927    -0.3037632405757904    0.05930416730721347    0.06893427158383772      39.92036936674885
                  20000     -0.301605612039566      0.096421979367733    0.05929334108628401    0.06892715079129801     0.2770209278351107
                  20000    -0.7352339625358582     0.2120287120342255    0.05913364649148518    0.06882389521985839      0.179606540958102
                  20000     0.7869483232498169     0.3375500738620758    0.05892626397215415    0.06877542647267765      14.71798568527779
                  20000     0.2353193908929825    0.03965459018945694    0.05879799064409633    0.06863998726720552      1.190353848367492
                  20000     0.8006675839424133     0.5204378962516785    0.05876162955753777    0.06849323862786047      62.65056388525347
                  20000     0.2958025932312012   -0.01413119398057461    0.05870560492487915      0.068447134888586      1.448802745191111
                  20000      0.552049458026886    -0.7201952338218689    0.05868527951018009    0.06844707889632248      159.3634627645552
                  20000     0.5214829444885254     0.6250714063644409     0.0586595671758184    0.06840258445796275      18.02683834849824
                  20000     0.3348706066608429    -0.4267396330833435    0.05866313976989714     0.0683925544901907      14.14499467914184
