#! FIELDS time deep6.node-0 deep6.node-1 sigma_deep6.node-0 sigma_deep6.node-1 height
#! SET action OPES_METAD_state
#! SET biasfactor       12.02723625380408
#! SET epsilon   2.008904905162975e-06
#! SET kernel_cutoff       5.122093479753262
#! SET compression_threshold                       1
#! SET zed     0.08522959955969552
#! SET sum_weights       1998.207953704247
#! SET sum_weights2       20359.58796095266
#! SET counter  992
#! SET adaptive_counter  500000
#! SET sigma0_deep6.node-0      0.9299513320073722
#! SET av_cv_deep6.node-0      -3.249320194227289
#! SET av_M2_deep6.node-0       19693033.95852459
#! SET sigma0_deep6.node-1       6.325749347318021
#! SET av_cv_deep6.node-1       1.736950567830641
#! SET av_M2_deep6.node-1       26261007.07670499
                   1000      5.456095813391874      12.09111432018258     0.8950132609176057      1.390673246479754      2940.696299878882
                   1000      6.521395261619725      1.592277205777723     0.9363692942225145      1.217305642688123      267.9201510524878
                   1000     -1.682181904902452     -8.202485125944589     0.9291065787421723      1.327487630772833      4.453947863455769
                   1000      3.636880772291988     -9.614681932499117     0.8881003763311544      1.262365165244061      5848.723878728491
                   1000     -3.989491096191768     -6.326817822601035     0.9244945676025187      1.453374736083095      1.786423301193189
                   1000     -8.352570085763096     -3.185028624614705      0.997248336952313      1.071910839741964     0.3666313201199677
                   1000     -6.232663719590532     -5.360866437554174     0.9142884680642562       1.11629625637313     0.5159354175631967
                   1000     -12.42401078226277      1.223852683484663     0.8951001294918156      1.299233863480049     0.0204684543009901
                   1000       5.73578107292655      8.318607456749456     0.9585877069435518      1.222956889421889       736.507083695562
                   1000      5.376907385385371     -4.403041886317473     0.9390305189744151      1.299552701501808       205.905176995054
                   1000     -2.860607826731453      14.29562286859573     0.9008070009771171      1.277438333874072   0.006034414361388376
                   1000     -15.14165418271941      6.860646583631111     0.8946688255831409      1.120210839394263    0.01966547972875938
                   1000      -14.5321828308243      4.672699989819316     0.9602028788051981      1.124094303176051    0.02010824006529074
                   1000      2.132733659261308     -9.293930625920957      0.902626189420818      1.111570221869329      249.8061445603962
                   1000      6.077713693941389      3.614842180859553     0.9725149696011107      1.270095042187747      405.1776775265429
                   1000      5.005143911105982     -1.197076095793293     0.9104416969962885      1.127448507797943       54.7298357366747
                   1000      1.972311923190825     -1.340289374873645     0.8775513574590996      1.173176866578769      1.577941791654527
                   1000      3.921412780346389      0.602835688255551      0.897492484039161      1.227763423549312      17.24332900915485
                   1000     -8.432537460513432      11.44188202281205      0.931138135400043      1.353277460698249   0.001009761544216483
                   1000     -6.419586421388789      12.42450065611024     0.8821349715060189      1.202409492923675   0.001082263227319868
                   1000     -5.075837432589798      13.16517775109362      1.004033578832348       1.35090306984961   0.002057683257005621
                   1000     -12.48666891481419      5.953094347289925     0.9124991761121816      1.215349815989869   0.001199510085434813
                   1000     -6.730906233572625     -3.140737053542574     0.9379919365721128      1.240350269210456     0.1503600167247336
                   1000        4.7578398838034      5.750638151191323     0.9735572915105969      1.108594909370249      127.4371159784517
                   1000      -14.3502712286495       9.89614820221875     0.9726167554478583      1.399915974212396  0.0001812672628283151
                   1000     -15.02888177473504      2.726072193090339     0.8544852047815964      1.232413248619906    0.01307922000820326
                   1000     -12.11014372245709     -1.139280620304325     0.8885815162359084     0.9894081585542966    0.03946056303956611
                   1000      -1.71286279717351      13.70763309699774     0.9733814924647387      1.305301309036693   0.009380389443508467
                   1000     -8.994623408057855      6.031142523563785     0.9137175382468669      1.235327979334736  0.0003309062306589818
                   1000     -4.589700374974994      9.976097784498149      0.983580066225459      1.290672850940575  0.0001757591979332556
                   1000     -9.855972490819791      11.28707571834174     0.8833862620948558      1.124567758533207   0.001272436828697284
                   1000    -0.9265280014483737      12.15114307019802      1.003013867500552      1.423292438621706    0.01871586647908347
                   1000     -10.43101810172194      1.497761159148141     0.8111354967956793      1.120652027277269   0.005177678753483485
                   1000     -10.93644235131812      -1.86240447619639     0.8842750711221044      1.173945740588475    0.04067933678154482
                   1000     -11.77868781235528       8.66593095430836       1.01944240941911       1.24983753211735   0.001965779052026207
                   1000      -5.76474986312637     -6.411049856017862     0.8354406286648883     0.9906168772561682     0.5232081848798844
                   1000     -11.32345327111241   -0.08213188993097752     0.9024234151829451      1.162011239201308     0.0476201645650608
                   1000     -3.105257987976074      -2.25008749961853      1.079217178100858      1.695921746201472    0.02425874687431438
                   1000      -10.2123293955305     -2.925163351044872     0.9062051391977916      1.092368102776334    0.08434329635140816
                   1000     -2.316523720114788     -6.398849227458803      0.997382224280293      1.121298849530757      1.708499086922533
                   1000     -5.129597479212416     -3.887126089811237        0.9166650771028      1.244698425458453     0.5769756384874202
                   1000      4.877552520017685     -7.119478192489442      0.889212473407074      1.216404925126915      249.8525520584149
                   1000      1.072735205294952     -2.501077164084299     0.9764678719932057       1.37909769491451     0.3436414558572158
                   1000     -7.293880692172031     -4.293170568561014     0.9368851965856394      1.151316698967876     0.2823276304492824
                   1000      7.687100580297304     -2.377764651613318     0.9123440747857295      1.202150021756497       11.5928787815827
                   1000      8.793062234868204      1.052930198636605     0.8911633244065804      1.188561220866366      4.699016130657364
                   1000      6.108584115533237     -2.220137201914862     0.9163191316983781      1.266587770560762      164.4535912819706
                   1000      3.282657671305203      2.090198949265492     0.9356092334307599      1.227079067498895      7.580451984007611
                   1000     -8.923417292873825     -1.821509201341675     0.8130835419392161      1.157355388403169    0.08156115580861836
                   1000     -2.517030760273026      10.09197098305575     0.9078601601998484      1.136454065788177  0.0009758292861787144
                   1000     -5.340338706970215       6.66611909866333      1.013336104430847        1.4307554329512  3.075712357601094e-05
                   1000     -13.41911149079253     -1.283678444166706     0.8757479274324614      1.053583398600637   0.005975445186225951
                   1000     0.3658832325635604      0.159792184562998      1.048879549510542      1.404077314520532    0.04029119331228497
                   1000      3.303893262319907     -2.400832503911851     0.9132824289454932      1.244576565910344      8.548319212153283
                   1000      1.679452657699585      4.583654403686523     0.9942474492965075      1.394323790082186    0.09225225813998791
                   1000       10.1887092590332    -0.8204560279846191     0.9798319311248601      1.372223135118355    0.02797323948599945
                   1000     -9.085271367107408      9.758985801061984     0.8454565066479347      1.134727153483819  0.0006618092768691687
                   1000      4.638120246681398      10.38705444886058     0.8686357820852042      1.072912158528427      461.3352504383223
                   1000      5.978321227619544      9.708723807357378     0.8498587215495085      1.047741322165774      728.8901831428068
                   1000      5.056301002790357      2.426391878589982     0.8847818710997227      1.095437986878976      72.40538331893825
                   1000       9.15994930267334      3.783377170562744     0.9788642404018385      1.303095194749383     0.3122267827536848
                   1000    -0.2905585504038968     -3.753263452815289     0.8528808795799007       1.02218886246401     0.2235990145845163
                   1000     -7.543693113628757     -6.296375327819867     0.8277775381597002     0.9868688934952247     0.1305590833216722
                   1000     -5.461071968078613      14.50511455535889     0.9053911831431352      1.213363435442993  0.0001846074821546961
                   1000     -14.01143749617946      2.502810833820932     0.8262713900026748      1.057197380899315     0.0165026960760968
                   1000      2.111739112412095      14.05129722917077     0.9094516312576866     0.9582491579874447     0.6074777859921463
                   1000     -3.953702300484588      14.93258378766672     0.8705108016907406      1.130475099064881    0.00570564021317173
                   1000      7.627468480039299      -1.28017472414204     0.8508579536921341     0.9815799582176673      12.93027869268288
                   1000       6.22414356276912      5.931897333740278     0.8883501596179433      1.061167637798019      207.6987726860942
                   1000       1.92787663960067      1.077179239491104     0.8196215259327259      1.095940431243922     0.8580106853936657
                   1000     -1.803263006475857      16.19612579009162     0.9084905049120094      1.083397920141074   0.001483319017554121
                   1000     -10.47871669237674      9.467449959442247     0.9091041276562838      1.142036652376037   0.000217931407375562
                   1000    -0.7879657020490632     -5.958914291021927     0.9010701133823038       1.07745275200657     0.7306291718024509
                   1000      7.210623464895003    -0.3043031463868845     0.8953601189011511     0.9920965042170962      45.18902722029485
                   1000     -13.57698527087957      7.581462239110696     0.9264989267605734      1.059498280853752   0.001138764788283362
                   1000     -7.912792396755352    -0.4213884951932448     0.8139888695218457      0.983485768366965    0.01308716748123984
                   1000     -13.71560582237108      1.003645275195152     0.9170537102719195      1.016806010173324   0.009730021948252661
                   1000      6.932042685630941      7.861049916493928     0.8591759350454504     0.9459505920774921      94.54972871883855
                   1000     -10.71057964976647      5.356685791269978     0.8490981750684596      1.109887457918564   0.000489008585328108
                   1000     -2.818288811632971     -4.721762264698914     0.8601905179553212      1.046515263430096     0.2492731951123502
                   1000     0.1539203450168695      -4.80596352830419     0.8179290054423531     0.9797398236635321     0.1539644940571427
                   1000     -7.841647236266786      13.25666762352761     0.8108675878063408     0.9847396816570947  0.0002831540604409257
                   1000      4.864013806242795     0.3851015989113486     0.7984403659517143     0.9717845001884841      11.93329194721122
                   1000     -0.508382426530937     -7.440764832410477     0.8103160527966108      1.073444241249992      1.207653441859429
                   1000     -11.71246337890625      10.30601119995117     0.8567725879618753      1.061053857893027  0.0001942965363176256
                   1000     -6.762978076934814    -0.3330152034759521     0.8563884458224825      1.061456993696269   0.003654092313462982
                   1000      1.941178798675537     -4.848480224609375     0.8555773337000162      1.056070668999643     0.5396316910020184
                   1000      4.179035462708012      -5.73064907389067     0.8701824090577516      1.011265251622902      56.87632456970884
                   1000     -5.697468280792236      3.606970548629761     0.8397507339733914      1.034101627271361  4.622024214993009e-05
                   1000     -10.01179914330758    0.07347595207712897     0.8118408469085382     0.9626759935244436   0.007142001658925363
                   1000     -8.557418513749989      1.422737632561104     0.8555781627887746     0.9745956682742513    0.00270768886516788
                   1000     -8.905876992935074      -4.50803754185529     0.7996474847012331     0.9593827379589275    0.03286394337060135
                   1000      1.410936236381531      9.784048080444336     0.8408835694889017      1.022576686437211    0.08874846137519947
                   1000      3.714172124862671     -6.951252937316895     0.8414337719976878      1.010708447299085      29.67030077228016
                   1000      2.423021341489078     -7.672708965348169     0.7888230892381664      1.013593700612385         96.51232026033
                   1000      7.775438264938739       6.10109377583963     0.8264205394585541      1.037389500898486      34.16180074296808
                   1000      3.260179942411812    -0.7158485547889625      0.806782370023794     0.9264960538852445      5.579720856951473
                   1000     0.6294775009155273      11.52112197875977     0.8243761372756896     0.9983975795916789   0.004957988156115621
                   1000     -9.374985643460251      12.75442998144289     0.8281026648971237     0.9955853877800279  0.0002621451644685303
                   1000     0.6073950164521281       12.6504525971243      0.827088476146533     0.9998945173146676    0.01498741228177504
                   1000     -7.749157428741455      5.924860000610352     0.8283313265049048     0.9988391984233801  5.325163262490839e-05
                   1000     -3.463769205306066     -8.048235267335404      0.833245410623035      1.055934063356733     0.8400818730994219
                   1000      1.322904586791992      15.64305591583252     0.8238968848498553      1.000327226982991   0.007077904733782465
                   1000     -7.598786687272979      2.323327049043621     0.8127078530322135     0.9776892271625381  0.0007667810720942728
                   1000     -15.61093365161302      5.325577708599855     0.7921964856770244     0.9451674003488714   0.002886417216259884
                   1000     0.2969752074400871     -5.941107959342709      0.809242601535064     0.9862704432804505     0.3908443552664605
                   1000     -1.406440615653992     -2.718594789505005     0.8165625333048464     0.9784412427461436   0.008309195022326668
                   1000   -0.05669121444225311     -1.337298393249512     0.8161108090535568     0.9781022054134519      0.027999902265896
                   1000     -12.16498939626846      4.917099158235474      0.837166815109246       0.98111172805042   0.001208164466058128
                   1000       7.38759411434133       3.21108866436391     0.8630080744701104     0.9484305988198027      31.38395665320669
                   1000      5.928796959100992     0.4812444228182471     0.7929663835612413     0.9709429729520096      75.65789235799394
                   1000     -9.648449602431615      4.451336413991764     0.8849960440501061     0.9721492732343382  0.0002650653056828701
                   1000     0.8023882952081269     -9.591555847135822     0.8019484251129008      1.022046699485204      20.38372472301957
                   1000     -5.210529327392578     -8.819924354553223     0.8079686683228638      0.959917952401371    0.01969531450393754
                   1000    -0.1214647374899066      -10.2268484306904     0.8590504676972892     0.9476819311991875      3.013911317741694
                   1000     -12.50573095917922      2.748044005185371     0.8740878698131727      0.964333855217525   0.009408060864191659
                   1000     -9.964351654052734     -1.500032424926758     0.8069013273938612      0.957032555096497   0.008759681263587307
                   1000     -6.617512702941895       5.82625675201416     0.8064531741094244     0.9564542723263788  5.505721240174247e-05
                   1000     -2.691771745681763      3.418338298797607      0.804999523536185     0.9545159222463636  7.012841933266854e-05
                   1000     -6.717432975769043      15.66210651397705     0.8038992903758557     0.9573434768859086  7.783723007030746e-05
                   1000     -4.045723915100098      11.49252319335938     0.8014033430775603     0.9574032630945107  0.0002273317379255372
                   1000     -4.950500011444092      2.741631031036377     0.8011094999711508     0.9568737151143909  6.761113664139179e-05
                   1000     0.9704405180997159     -4.038947965956778     0.8018915812318445     0.9207931205137175     0.2595753233154082
                   1000     -6.704488277435303      -8.29063892364502      0.804492962648208     0.9508148098506339   0.007633574133043971
                   1000     -1.420156240463257     -4.113834381103516     0.8011376541663553     0.9460905044347968    0.04332047815028445
                   1000       6.61442756652832     -3.926255702972412     0.8015023483020411     0.9432613584164209      5.293644712353131
                   1000      3.469794034957886      14.79933452606201     0.8007393720627372     0.9372101660307082       2.93585213577459
                   1000      10.39628887176514     -4.215738773345947     0.8005660471486074     0.9364662786980116   0.008443590285741086
                   1000      2.703752084325657     -3.776455212815414     0.8066240853944249     0.9404824334171143      4.689268083351496
                   1000     -6.048748174091502     0.6609083494180381     0.8251018528537024      0.922777805304476   0.001306806608379834
                   1000      4.089252885462691     -4.086616644532247     0.7769834011002887     0.9594025679777769      19.11893467523722
                   1000     -6.003198623657227      9.896595001220703      0.792500800576837     0.9216745978550414  8.680845797282064e-05
                   1000     0.1617022422371201       13.8660904440606     0.8049104378775005     0.9172408291399209    0.02166163131789613
                   1000      5.836976184279317     -5.696561492270726     0.8068426713826953     0.9341509408768003      48.48669566537615
                   1000     -3.071576595306396      11.23170280456543      0.787735025651184     0.9116362486551089   0.000440047996444171
                   1000      0.168634295463562      7.582633018493652     0.7727257651625762     0.9017065322775073   0.000935984068748895
                   1000      -10.9996452331543      3.883374691009521      0.773068880459107      0.900626297633789  0.0004319045750786352
                   1000    -0.9483315348625183      2.116337299346924     0.7724292657325594     0.8975681694930602   0.001173479369488139
                   1000     -11.46362374825017      2.619038665422171     0.7810484935694175     0.9117826421461557   0.003755591688786732
                   1000      1.089525103569031     -11.42606258392334      0.773264025961624     0.8952151091397755      3.896622570008457
                   1000      3.405912831994909       4.30352665647705       0.82442434038632     0.8930491839858435      4.196823358389134
                   1000     -5.112226486206055     -5.470446586608887      0.771853867270878     0.8950813536336633    0.09633955036845041
                   1000      1.531800866127014     -7.637861728668213     0.7729120813127298     0.8949589957668994      11.56162276676872
                   1000      11.35053539276123      2.381468772888184     0.7712385571724847     0.8922728167379625   0.004422456490933691
                   1000       4.02236795425415     -1.156181693077087     0.7706099609441756     0.8907171348578933      3.433577263683579
                   1000      7.932184826691952       4.51453101651836     0.7741488678997879     0.9151959963814019      23.52644352285978
                   1000      7.942733764648438     -6.325323581695557      0.764906726517425     0.8817771149208949     0.2690806178232821
                   1000      4.516147613525391      4.362221240997314      0.764097461582243     0.8817987755232461      10.35843202637527
                   1000      2.905296802520752      -5.80313777923584     0.7626824617194277     0.8810355956802142      7.804135923388386
                   1000     -8.124761581420898     -5.024471759796143     0.7641634168272765     0.8800769612058091    0.03483009366503367
                   1000     -2.511641979217529    -0.2457109689712524     0.7630360908810436     0.8789763801816397   0.001717583816361404
                   1000   -0.01752454042434692      3.119029998779297     0.7628335119563049     0.8785740215304004   0.004772754782749006
                   1000      4.848429203033447      8.995189666748047     0.7595912366076879     0.8757206555361603      47.44909743413094
                   1000     -12.30529880523682      7.321194171905518     0.7574287791764164     0.8740802637247816  0.0003953995447593935
                   1000    -0.4684981126618665      14.79743428618925     0.7540433882146407     0.8717492635540584   0.007356849364081406
                   1000      6.047739505767822      11.00018501281738     0.7541859928662988     0.8704409310887249       102.822075153114
                   1000     -1.758676052093506     0.9980679154396057     0.7511694927247495     0.8695491677888523  0.0009213797668286624
                   1000      6.714475631713867      4.879551410675049     0.7506446796797089     0.8689516371883457      17.63385875952314
                   1000     -4.451812744140625      16.37479972839355     0.7515023069781297      0.869010012573204  0.0003912553119838594
                   1000     -10.38620948791504      7.054009914398193     0.7508483534884784     0.8679416987669315  0.0001454077484849595
                   1000     0.4657538533210754     -7.569074153900146     0.7505136150145645     0.8678604465774357       1.74156802425523
                   1000     -4.238545417785645      -8.57564640045166     0.7502845217741274     0.8676359100876704    0.08398224040502709
                   1000       2.76526927947998      11.14403247833252     0.7494889991894386     0.8678329541023163      3.509587435946366
                   1000     -15.60231781005859      3.940117835998535     0.7491813199443368     0.8690278134997237   0.001936128718415611
                   1000     0.1854077577590942     -8.494131088256836     0.7482391512182132     0.8676761153619524      2.090033080579185
