#! FIELDS time deep10.node-0 deep10.node-1 sigma_deep10.node-0 sigma_deep10.node-1 height logweight
#! SET action OPES_METAD_kernels
#! SET biasfactor       12.02723625380408
#! SET epsilon   2.008904905162975e-06
#! SET kernel_cutoff       5.122093479753262
#! SET compression_threshold                       1
                   5510       2.91952657699585     -13.08109283447266      9.215275432519833      6.401752268225534  5.979173072774215e-06     -12.02723625380408
                   5511     -13.40533638000488      -5.64039134979248      8.542072275459496      5.888701384064142     0.1497873532472727     -2.057941704032787
                   5512      7.544451713562012      2.217172622680664      8.104233475285833      5.614116810174483    0.06440926675282588      -3.00226909862373
                   5513      12.90630912780762    -0.8870091438293457       7.15317859606993      5.029356008592116      1.012201821450181    -0.4824654552404072
                   5514      13.01115226745605     -1.939196109771729      6.835063030803692      4.780493307946366      4.152519493267415     0.8328824952642057
                   5515       4.82581615447998      3.471814393997192      6.321231436929481      4.484198653989445      1.747447802603643     -0.174812028357189
                   5516      2.144704818725586      17.04426193237305      6.126192765411236      4.396925724214227    0.02486129589392375     -4.478406191383105
                   5517      3.110849618911743      14.59505844116211      5.915842597963535        4.3222298340958     0.1682249272773687     -2.618490166634436
                   5518      6.041572093963623      8.402946472167969      5.557538959913636       4.09663274008317      1.930778484227755    -0.2941981853356032
                   5519     -12.64293193817139     -4.883459568023682      5.412924044216804      4.000010560108471     0.2300805079672266     -2.471681757068396
                   5520     -8.297066688537598     -10.27753829956055      5.303033213920402      3.896759052793842     0.2730677595428136     -2.347053351380822
                   5521      2.784643173217773     -12.86886310577393       5.15175686807303      3.854836116061727     0.2825530190769172     -2.352664975015609
                   5522     -13.96712684631348     -5.764321804046631      4.990766348290371      3.755482692379876     0.7495167357747877     -1.434962531282448
                   5523     0.5762648582458496     -16.89433860778809      4.881079866017164      3.671281508440924     0.3078182162278308     -2.369780809076482
                   5524      14.71578979492188      2.845138072967529      4.669832038116899      3.511030515888709      6.500774749562463     0.5915118584319876
                   5525     -15.20826530456543     -4.214910507202148      4.529392964753657       3.41003122961507      1.379535534038869     -1.018385947528616
                   5526     -10.49413776397705      10.40046310424805      4.465694344057022      3.361932761422898    0.09401215409937519     -3.732832657662423
                   5527      2.106377601623535     -7.521650791168213      4.356812686039967      3.286322458625341     0.8800890648276869      -1.54366446319525
                   5528      -10.1723804473877     -9.154619216918945      4.233795885996856      3.192917654451155      1.934276164139232     -0.813674928801021
                   5529     -12.07392883300781     -4.562622547149658      4.101221954099135      3.076534579550656      4.352913074865282   -0.07150810987821521
                   5530     0.9129648208618164     -13.23248672485352      4.019834554926958       3.01146304728186      1.048236757681211     -1.536665953770843
                   5531     -14.34825134277344     -7.650210857391357      3.890698736105617      2.929378685037691      7.134740442232166     0.3209127878387367
                   5532     -10.09757041931152      8.503973960876465      3.828392081408308      2.903017347601263     0.2378415292458063     -3.105397314014497
                   5533      11.94683933258057      2.652571678161621      3.749217784915414      2.846393662005665      11.61933909930436     0.7428287153054822
                   5534      10.59294128417969     -2.514376401901245      3.656440946256989      2.798588856275927      10.22249170313452     0.5727537299624507
                   5535     -8.283958435058594     -5.999554634094238      3.569513712896334      2.734640373697771      5.623962845303545   -0.07197634067866322
                   5536     -5.824656009674072     -1.459747552871704      3.505295864437076      2.694734203020199      1.949459960862981     -1.164315303522032
                   5537     -8.971514701843262      9.613857269287109      3.463064854760124      2.675318384444875     0.4007400737298753     -2.765662065544163
                   5538       -15.825608253479      -5.51701021194458      3.386662402940861      2.613070145064164       9.55561738944046      0.360057718060477
                   5539      13.10272693634033     -2.814571857452393      3.328173722152761      2.562737717474151      13.81017424322718     0.6914632170819918
                   5540      12.68109130859375     -1.465381145477295      3.304198460915217      2.541082971514741       22.2179452855694      1.151242389000169
                   5541      4.474286556243896      11.49000263214111      3.260837596818662       2.53831724943925      1.319354439112663     -1.686814186290085
                   5542      9.830832481384277     -2.717133522033691      3.245768449618244      2.511880701846152      26.08577772773422      1.282331942661481
                   5543      3.785160064697266     -11.19752216339111      3.205356917894803      2.494001245750407      1.044061341789449     -1.955612159152587
                   5544     -14.55386924743652     -5.393196582794189       3.14118374609026      2.448907225821024      12.45674006382565     0.4850612627107832
                   5545     0.8844232559204102     -17.84975624084473      3.112217554211297      2.427815110258082     0.4649969292355647     -2.820839441019511
                   5546      2.727459192276001      -10.5499382019043      3.072725349236581      2.406763596028758      1.678635661937413     -1.558612997181929
                   5547     -3.749691486358643     -11.72221946716309      3.036112104938722       2.38434677046496      1.288385087810782     -1.844549652844086
                   5548     -6.174496173858643     -15.22386074066162      3.003659721499757      2.362686491328793     0.6239375779822869     -2.589516380306796
                   5549     -7.700375556945801     -10.60375213623047      2.962457434069741        2.3335038738586      3.658357096812936    -0.8470379465484595
                   5550     -13.36273574829102     -8.353832244873047      2.920117562391598      2.287957588500245      15.50763952275392     0.5631739911961947
                   5551      2.874012470245361     -5.811981201171875      2.888033929739826      2.259499955750917      3.320656707940965     -1.001560130420284
                   5552     -11.63175201416016      -8.07147216796875      2.839751282094702      2.220960736266741      21.62036047832614     0.8378496262520517
                   5553      13.95207977294922     -3.603950023651123      2.809480843067314       2.20302058649316      29.67055169898043      1.135541956928975
                   5554       13.9258279800415     -2.922133445739746      2.800855718829106      2.218906910434344      42.42570243284419      1.497251847171393
                   5555     -4.380228519439697      1.781199932098389      2.776907266601991      2.234141111633428     0.7791635413376339     -2.501781836265858
                   5556     -2.118503570556641     -9.230477333068848      2.747778335570956      2.218153805326004      2.423293486352806     -1.384846699590772
                   5557      2.703798532485962      9.140830993652344      2.725518256127172      2.214514201402069       1.85411400239006     -1.662343588898056
                   5558      -2.25385046005249     -14.93704891204834      2.699991388072253      2.209464319332043      1.330675367624301     -2.005756908492914
                   5559    -0.1683592796325684     -15.32392120361328      2.673667876478801      2.201744266838927      1.857846763836623     -1.685322872884489
                   5560      2.966381072998047      15.14921092987061      2.654738992964278      2.191776342489653     0.7990533808434352     -2.540711050567241
                   5561      -5.36572790145874     -13.24972820281982       2.62934903213225       2.19245573392392      2.891244447541182     -1.263996628489712
                   5562      6.456767082214355     -5.323459148406982      2.598118307049235      2.164206729247135       12.2915638049777     0.1583123028400883
                   5563     -14.25680160522461     -6.138309001922607      2.563914512077305      2.135697137289787      28.72959548969847     0.9808139142826611
                   5564     -13.91162776947021      -3.73816967010498      2.538229166592565      2.103452155007088      22.78584668006441     0.7237439241566538
                   5565     -8.512443542480469      1.694821834564209      2.522684469520257      2.097836832718203     0.7955245066892014      -2.63996548779894
                   5566      4.488404273986816       7.91088342666626      2.504614929512594      2.089067500280802      2.658060788391454     -1.444992570888113
                   5567     -1.034160852432251     -8.944052696228027      2.485732684506645      2.077038381300936      3.214062705261837     -1.268395937118704
                   5568    -0.2572212219238281      13.94746589660645      2.469108632485609      2.076492652060953      0.858642863189529     -2.595306945971152
                   5569      6.110530853271484     -3.822728633880615      2.441465153515921      2.056877606594453      17.61341645556828     0.4050061529171688
                   5570     -3.319976091384888     -12.54653263092041      2.420222724250865      2.050712313349556      4.254662511843734     -1.027379980471287
                   5571     0.9966764450073242      13.46879100799561      2.404922860307063      2.048510360173611      1.660537038521449     -1.975670426164503
                   5572     -11.01451396942139      5.475557804107666      2.394351623771363      2.039445482995419     0.2733585330250551     -3.788622812511698
                   5573     -9.712326049804688      4.432010173797607      2.382060567552863      2.033533544785582     0.5523689588411504     -3.093240409339872
                   5574      3.130811214447021      9.074877738952637      2.367711565612172      2.025085864854358      3.982316147137974     -1.128042594011398
                   5575      3.476043462753296      5.442263126373291      2.352879971270626      2.012918069592747      3.434861914141189     -1.288239929268991
                   5576     -3.792002201080322   -0.08239150047302246      2.338737186525268      2.005932624101635      1.445381154621084     -2.163348913942035
                   5577     -6.456284999847412      4.399635791778564      2.325123216928603      2.003132989680447     0.8569800934338936     -2.693297302119043
                   5578      3.918164730072021      -12.5887565612793      2.311590635233652      1.996867573968771      2.552281981609641     -1.610938729418761
                   5579     -6.244213581085205      7.972602367401123      2.300755242283457       1.98924482930188     0.6247544190874783     -3.026846313883006
                   5580      2.995728015899658      -7.71080493927002      2.283219863428123      1.984134550139479      6.030734972035568    -0.7698038162395516
                   5581     -2.225033760070801     -11.86486053466797      2.264163694944969      1.977786039625687      6.568030978589479    -0.6960445899838315
                   5582    -0.9698953628540039      15.45902633666992      2.252072059568582      1.976725047619394      1.421753458566508     -2.232259090587684
                   5583     -10.81299018859863     -7.908064842224121      2.227090993265686       1.96361012428847      31.51202587350676     0.8484079753143409
                   5584      8.624357223510742       4.14720630645752      2.216083302981463      1.950516441770687      7.391247531973621    -0.6133101236943957
                   5585      7.124550819396973    -0.3429534435272217      2.196422421352942      1.933676815354491      22.20678471094744     0.4692088034574122
                   5586     -7.428173065185547      -5.66853141784668       2.17559727045936       1.92645672645523      15.48366005775448    0.09532873741923678
                   5587      5.127272605895996     -9.675924301147461      2.160805587551483      1.921550181730146      5.073468189876807     -1.029804196336193
                   5588     -11.40656566619873      6.113430500030518      2.152843917512154      1.914157172032577      0.702047092099776     -3.015129864486534
                   5589      14.48914813995361     -1.878312587738037      2.145126134957252      1.907787204200075      56.85402689248858      1.372187247608349
                   5590     -4.067869186401367     -10.47356700897217      2.133951004905957      1.896323558393232      8.346496472061697    -0.5577080947537477
                   5591       8.93099308013916     -11.42034530639648       2.12286285443815      1.891902363192432      1.487598830777819     -2.289930455100542
                   5592       12.5289134979248     -4.611273765563965      2.109954258443444      1.885512752062701      57.57496775155587      1.356511758147416
                   5593     -12.15213966369629     -5.321249961853027      2.094509308050405      1.871799624120002      45.68731834005735      1.110598203572353
                   5594      -11.7204418182373      16.08904266357422       2.08881343152235      1.870132165406829    0.01167695460550153     -7.164974994869768
                   5595     -9.848145484924316      12.30962944030762      2.082783392902314      1.868728648469064     0.2724527710443627     -4.018768692975352
                   5596     -4.594951629638672     -7.627530574798584       2.06984524186135      1.863112302950139      9.323648098735999    -0.4951660055413936
                   5597     -9.453248977661133      18.59708976745605      2.059848992239464      1.864245164106228   0.007029191510529771     -7.689636873745482
                   5598     -11.87538528442383      7.860874176025391      2.051948814441642      1.860769446481379     0.8047582414431168     -2.954875499159641
                   5599       10.6780834197998      -3.31110143661499      2.051487190274261       1.86598958803596      82.27527831951187      1.674984991844116
                   5600      2.724068641662598       14.2768726348877      2.050180018402933      1.860676550662422      2.632063267406699     -1.770806384560045
                   5601     -7.999465942382812      12.02638149261475      2.044508894807195       1.85690988137336     0.4680969540397656      -3.50245067146437
                   5602     -8.871913909912109       11.3163595199585      2.038171449782191      1.850349670473707     0.8199197717198927     -2.948563289986586
                   5603     -11.81166839599609     -6.779194831848145      2.026148242795986      1.838814008958507      65.05784970845056       1.41309204923141
                   5604      1.899030685424805      14.20109939575195      2.017814220666842      1.836900135486899      3.885400748104864      -1.41012176748645
                   5605       2.37379264831543     -12.73792362213135       2.01055177166266      1.832874872521226      4.505763860612491     -1.267789861637463
                   5606      3.424062252044678     -11.70606803894043      1.998646490634993      1.833613803511626      6.514966558586289    -0.9045811472020215
                   5607      8.872690200805664      2.226094961166382      1.986276907339898      1.821541059005485      18.49580633778849     0.1260466888955509
                   5608     -1.792898893356323     -12.29294204711914       1.97751105219239      1.814610860299788      9.906905821563152    -0.5065000731560734
                   5609     -12.49825000762939      2.074916124343872      1.971612546399478      1.810642455213225     0.7252067657759883     -3.126207178449176
                   5610      4.138576507568359     -11.15348529815674        1.9609981659979      1.806159768695816      8.873839488995099    -0.6296781035897387
                   5611      5.728488445281982      -7.94678783416748      1.950959872423562      1.799260382476109      10.75938937570089    -0.4459662179352895
                   5612     -11.77033615112305      2.480346202850342      1.943676430141379      1.797352652534989      1.052047103249243      -2.77580822840971
                   5613     -11.24167442321777      9.564193725585938      1.937397287541824      1.790791414728323     0.9899992046142069     -2.843490215197556
                   5614     -13.07601642608643     -4.436544418334961      1.927158499449124      1.778815187541541      61.42573647146395      1.272380866615951
                   5615     -4.732389450073242    -0.1524380445480347      1.921735030640609      1.774110747093778      2.050476334033953     -2.132842323318608
                   5616     -5.662043571472168     -10.58381462097168      1.910439859328028      1.771734119225908      10.92649372541614    -0.4669594363542732
                   5617     -8.168109893798828      9.852449417114258      1.906377065768639      1.768803884854466      1.451082092783535     -2.489624484675617
                   5618      2.644059181213379     -13.12295913696289      1.897000732419887      1.763563102149003      9.605539286736493    -0.6074919266176594
                   5619     -15.72560501098633     -5.240599632263184      1.884759269816537      1.752486836857164      49.14967334486829      1.012263936585146
                   5620     -6.261463642120361      7.283961296081543      1.878791176058917      1.750146860133732      1.069534789061766     -2.819890136736662
                   5621     -6.744992733001709       14.2364330291748      1.871788072844948      1.750310636766369     0.3600409162329485     -3.912292353341548
                   5622     -8.614720344543457       0.71942138671875      1.864412170460956      1.748493119756264      1.976729996165107        -2.214298078912
                   5623      -11.8488826751709     -6.662840843200684      1.857828726742532      1.741892598936805       84.4097809986705      1.532621763613791
                   5624     -11.03675365447998      -10.7709321975708      1.849364814550525      1.731382635663435       19.6764958255801    0.06574515829446081
                   5625     -7.894124984741211     -13.84863948822021      1.843842654936309      1.729195513128948      3.810805639416879      -1.58009350404719
                   5626     -8.847973823547363      4.290199756622314      1.838944014804864      1.723401081687411      1.301556046554021     -2.660390476238145
                   5627     -1.207034826278687     -9.715164184570312      1.830013560086315      1.720128650412762      10.73002588413869     -0.557673766713348
                   5628     -9.853802680969238      12.96006202697754      1.823979226813335       1.71698155979853     0.9127413753030054     -3.027156559924896
                   5629     -10.07577133178711      11.89101791381836      1.817785903149221      1.714367463829614      1.688199078263825     -2.417116459971444
                   5630      6.529062271118164      6.743454933166504      1.814321403879575      1.710156920609517      4.628531331824182     -1.412905937940871
                   5631      5.835532188415527      12.88587760925293      1.810240783352286      1.710344190949949      2.567250585810459     -2.004452184450652
                   5632      -8.69175910949707     -11.02738761901855      1.805838798876839      1.704182209521208       15.7294638982103    -0.1977960166334492
                   5633      2.944053649902344    0.04308164119720459      1.800958389006232      1.700961314942466      3.569459814518471     -1.685515393113223
                   5634      9.554842948913574    -0.1008090972900391      1.791411541201178      1.691470653711462      54.03987427756909      1.020882228879437
                   5635     -0.908106803894043       -18.392333984375      1.787697834101057       1.69157530586249       1.03899963853426     -2.932594938640913
                   5636     -5.731023788452148     -13.80202007293701      1.779195316466066      1.690488576349773       8.52712334564233    -0.8330113539235176
                   5637    -0.6921648979187012     -13.61664009094238      1.770405609071286      1.689927161014175      9.671297316205782     -0.712385631812039
                   5638     -13.18455505371094      10.10348892211914      1.763972497895371       1.68847456490123      0.905785334453737      -3.08500127215287
                   5639     -2.139743804931641     -16.50559997558594      1.760861290555389      1.683774069387137      4.107478583382784     -1.577792037539264
                   5640      12.07336044311523      2.601202487945557      1.756560108230281       1.67509008417499      22.47706072850893     0.1142774268305711
                   5641     -4.457735061645508     -12.08512306213379      1.748068685052959      1.669561057251164      17.69330989233031    -0.1331832793305485
                   5642     -2.426807403564453     -12.31392955780029      1.737777897183897      1.663778117406549      21.65781384384528    0.05962232584799897
                   5643     -2.950589895248413      10.89274024963379      1.733367314416031      1.661643643916342      1.099867974597566     -2.924378847017253
                   5644      1.029969692230225     -7.644995212554932      1.727957440183185      1.661153489484117      7.555111831956856     -1.000765524370902
                   5645     -5.128390789031982      13.07648277282715      1.722148276822106      1.660975127771113     0.7745149286680094     -3.281983175337092
                   5646      1.273004770278931     -10.30599594116211       1.71644218112743      1.659204684443894      15.15658087832605     -0.312415347124859
                   5647     -1.768045663833618     -1.596175789833069      1.714729042386213      1.655449465247739       1.57437829237168     -2.580254110283826
                   5648      1.537119507789612      7.674448013305664       1.70825682153867      1.656630043601734      5.216889501557841     -1.385281961117907
                   5649     -14.60581970214844      -5.20064115524292      1.705118667139252      1.653192568274583      91.58977416610846      1.476220448646616
                   5650    -0.3995251655578613      11.73132705688477      1.701230920310147      1.652283283723048      3.736416301435716     -1.725805053808406
                   5651     -8.545620918273926     0.2555015087127686      1.696425869668378      1.650938615366484      3.034670533160968     -1.937471742113726
                   5652      4.315520286560059      14.15958309173584      1.692640109771018      1.647424562430845      4.051814214153052     -1.652774759889921
                   5653      5.035672664642334     -9.758423805236816      1.686664874841447      1.648674202314162      13.91213383175815     -0.421956216815021
                   5654      3.175365447998047     -10.05258750915527      1.679793866081557      1.642382372007839      20.84333232327479   -0.02558915198303128
                   5655     -9.799468040466309      5.961929321289062       1.67479151441213      1.641272383372625      2.008480418626288     -2.368903298572293
                   5656      -15.0176944732666     -5.374417304992676      1.676452605476666      1.639691212668402      118.0590440251758      1.704930631011694
                   5657      12.31664371490479     -2.988524436950684      1.672728111840448      1.636663860313275      110.6475279130841      1.636023359511983
                   5658      5.052857875823975     -10.74394226074219      1.667137555634393      1.632157107695996      21.34819469325197   -0.01546438262983279
                   5659     -6.888435363769531      -5.49879789352417      1.660954597145143      1.627387389373217      20.51156966929681   -0.06208470018353189
                   5660     -2.757268190383911     -11.80685901641846      1.653976005534831      1.619607315333338      30.14018410162278     0.3137829157218487
                   5661     -3.091494798660278     -14.40769481658936      1.645833492952332      1.616664809710468      19.65440832646878    -0.1205283354978948
                   5662     -12.96147632598877      6.114268779754639      1.643649052300343      1.613920145631426      1.167018465494392     -2.947405126364037
                   5663      5.709458827972412      -9.22050666809082      1.635862931492528      1.608643948970758       25.0982921016312     0.1129196112399772
                   5664      9.829901695251465      1.546646595001221      1.629930177975978      1.604783846335204      44.68689750109191     0.6837643913489673
                   5665      10.09551811218262      7.828798294067383      1.626911964188693      1.605379071632646      2.109356653174155     -2.371015571987249
                   5666     0.3891186714172363     -17.08033561706543      1.624006171863266      1.601822975135118      3.566192092395144     -1.849905429148644
                   5667     -1.089004039764404      11.13452243804932      1.619711691616138      1.600337737828549      4.235595534558743     -1.681455398466485
                   5668     -10.06691932678223     -1.302912950515747      1.614990402793522      1.597560725835029      8.105230705886498     -1.037125644033293
                   5669     -9.048158645629883       3.67548394203186      1.613052161935052      1.593744925204635      2.568767646152765     -2.189801245555711
                   5670      6.223616123199463     -6.426442623138428      1.609862973881999      1.589663119795192      21.05237261324524   -0.09075774473657972
                   5671     -11.66835975646973      -2.95443868637085      1.602729146725179      1.584238725455465      48.39989417518591     0.7338673155179535
                   5672      5.091500282287598      13.65351009368896      1.599356044306564      1.581295054594206      4.720592907439036     -1.597662547430185
                   5673      5.911447048187256     -13.91251182556152      1.598587609384586      1.577825272710555      6.976458475734668     -1.209732806340974
                   5674      3.196706771850586     -6.722119331359863      1.596131901703163      1.572329165097337      17.62360604391627    -0.2880617358600442
                   5675     -8.952750205993652      9.202458381652832      1.593876294258483      1.570614550401031      2.517308882838395     -2.236615823496541
                   5676     0.0182192325592041       10.0488224029541      1.589057011017206      1.568346795074183      6.194989734176258     -1.340538505928202
                   5677      10.90418338775635     -3.732226371765137      1.587748126817005      1.566036410019515      114.8481345748978      1.577033077131237
                   5678     -8.813349723815918     -6.494803905487061      1.580033982390475       1.56081966517924      53.54469783467702     0.8057320457966419
                   5679     -6.059325695037842      6.765105724334717      1.578651727036917      1.558678146352994      1.700884604782828     -2.645884460274476
                   5680     -1.629559516906738      8.325985908508301       1.57438570388353      1.557387589880159      4.107472562828415     -1.767759343464602
                   5681      7.700255393981934       6.80963134765625      1.570587126544091      1.554638048790226      5.424766689156721     -1.493775037372507
                   5682      15.71527099609375     0.5411176681518555      1.567665861613396      1.549733947667525      28.44587780819595     0.1582321307019816
                   5683      15.86514568328857     -1.502309322357178      1.565705765465069      1.541173319478172      62.83960236617389     0.9440240012721878
                   5684      15.23538112640381      0.532346248626709       1.56111729044631      1.534107381403957      47.33811051383676     0.6532239711712787
                   5685      9.846706390380859     -1.204532623291016      1.558185202795152      1.527947584357273      104.2298549169076      1.436603605891349
                   5686  -0.008261203765869141      -16.4518985748291      1.554260075070383       1.53017678725717      5.987072926169748     -1.421456692160656
                   5687     0.6833877563476562     -2.115446090698242      1.550818893212389      1.530735647071529      1.439899121526577     -2.848337595967307
                   5688      1.076763033866882      3.606515169143677      1.547570898125842      1.528796329325715      1.994800818728847     -2.525730739963145
                   5689       4.18303394317627     -6.079058170318604      1.542186407063741      1.525007097076797      22.49808089299935    -0.1088119669719713
                   5690     -2.150291919708252      13.94803524017334      1.539018152793383      1.523931625600088      2.536431232433054     -2.294245889562243
                   5691      8.651213645935059     0.4748272895812988      1.532940129350315       1.51848899242922      71.00664973036129      1.030234634734837
                   5692     -7.373126029968262      4.466346740722656      1.529521484220861      1.514957874180002      2.494707323543692     -2.322928216199156
                   5693     -13.47437953948975      8.726314544677734      1.529948024566594      1.512144668037467       1.15168541867463     -3.097453029186758
                   5694     -10.07496166229248      7.354775428771973      1.529954752176992       1.50859177372792      2.884503436065017     -2.181674654494875
                   5695     -13.27394104003906      6.658275604248047      1.530266604409238      1.504981285686507      1.597170038562408     -2.774986425016194
                   5696     -10.58308982849121       13.6722354888916      1.530078347612099      1.502700511624813        1.1767926160242     -3.082066809291262
                   5697      6.005398750305176      10.14221668243408      1.527707585588564      1.499633327394662      5.369020434548078      -1.56780778813397
                   5698     -14.70972633361816     -6.158565044403076      1.525229153624073      1.499600236575758      132.3418319541906      1.635289241197557
                   5699     -9.721826553344727     -2.448171615600586       1.52087656978303      1.497202795412279      23.49519556911421   -0.09776081735314233
                   5700      3.637760400772095      8.540912628173828      1.519003130248027       1.49370643787786      8.323736139202278     -1.139016130239838
                   5701      -6.37169361114502      1.231893420219421      1.516231485068872      1.491709239895543      2.917839651187169     -2.190448126617732
                   5702     -13.61610698699951    -0.8346042633056641      1.513905093154725      1.488456238043806      11.91436008543222    -0.7872658267896141
                   5703     -3.278532028198242     -8.333370208740234      1.510137054665771      1.486534386457009      12.32065362047864    -0.7575172797756093
                   5704     -11.68540954589844      15.99419593811035      1.506908717922951      1.487827128436079     0.2492697306746127     -4.659284811954222
                   5705     -1.581514835357666      -15.4923210144043      1.503238482817976      1.484674422778282      13.46018102998158    -0.6748891498684996
                   5706     -3.246209383010864     -9.765059471130371      1.499703892946575       1.48211911966481      24.54948807551491   -0.07801061025056906
                   5707     -14.58002853393555     -6.662959575653076      1.499229020003729      1.479732988963824      147.2152284742015      1.711266106040258
                   5708       8.07746410369873     -3.770855903625488      1.494263758197978       1.47490552039373      67.08847773812745     0.9187976641898032
                   5709     -13.77158451080322     -4.495773792266846       1.49664328900558      1.476373506489394       176.520234472969      1.888806856040616
                   5710      3.340515375137329      10.46536159515381      1.492984362809252      1.476302179987416      7.702607629612467     -1.245565793386689
                   5711      12.23325347900391       3.23452615737915       1.48862961298359      1.473872883164666      18.97590113659383    -0.3485228596745923
                   5712     -8.245391845703125      -6.80518913269043      1.486975111336683      1.468919637309808      38.54245006618712     0.3555891556638777
                   5713      4.307884216308594     0.7048250436782837      1.485689097971266      1.466589260008937      5.735340358912518     -1.551976923405729
                   5714     0.9304299354553223     -12.47930431365967      1.483358021726999      1.465098494012065      17.99364532394027    -0.4111926163029228
                   5715      4.126765251159668     -19.67011260986328      1.481135619152687      1.464279590751778    0.08770572024866066     -5.737037875326593
                   5716      12.98049545288086      -2.62177848815918      1.478055112780534      1.464898977881804      140.3265367136894      1.639043308315932
                   5717     -10.91350746154785      5.145876884460449      1.477353063621536      1.462870853362806       3.08366993847503     -2.180668912068739
                   5718      3.637771129608154      4.837465286254883      1.475407849705988      1.460507209100218      5.316537458972922     -1.638901720548384
                   5719      11.31996631622314      3.228013038635254      1.474339870154587      1.455756057050457      27.03904808996357   -0.01642441391689809
                   5720      8.704192161560059      8.594806671142578      1.472216638710975      1.455115000497789      3.718443906583108     -2.002282802909522
                   5721      1.056604623794556      3.452600955963135      1.469322165055889      1.452765136703145      2.750754555616111     -2.307297025751923
                   5722     -7.050452709197998     -2.290920972824097      1.465821249948001      1.451084737953589      7.134683466775191     -1.357747273202279
                   5723      12.93902969360352      1.172565460205078      1.461711685296694      1.446958168354481       55.1836907996991     0.6822969301522669
                   5724      5.390592575073242      4.945333003997803      1.459689985008009      1.444607574446295      8.086503786114571     -1.241183940336245
                   5725    -0.4316415786743164     -21.26027679443359      1.456702655633318      1.445750442110367     0.2632434594039384     -4.667314220627884
                   5726     -11.74735450744629     -9.730911254882812      1.452560264993722      1.443660089863164       36.7172694705095     0.2663143223473947
                   5727      8.460977554321289     -1.307157039642334      1.447866468673654      1.439770631620355      96.62831721324996      1.228004529206671
                   5728      4.981199741363525     -13.10691833496094      1.444126598483987      1.440764985651411      14.54841889759724     -0.667280955002274
                   5729       1.71633243560791     -14.16575622558594      1.440316514745217      1.441243871300919      13.67078812159754    -0.7318114631269843
                   5730      -11.6695499420166     -2.618246078491211      1.435864057505092       1.43774142238914      73.06560286932022     0.9387557341397186
                   5731      1.144124984741211     -1.066668748855591      1.435971323574031      1.436032778661397      1.693364133598664     -2.826999237764878
                   5732     -9.986077308654785      6.578261852264404       1.43453331241575      1.433926095366889      4.417486935037362     -1.870615447559917
                   5733      3.893238306045532     -7.966854095458984      1.430903087234217      1.431249619090267      31.07696729750821    0.07587844293930146
                   5734     -1.094646453857422      14.95638942718506      1.429615009692296      1.430858180513734      3.172621436408016     -2.207204424920862
                   5735      14.70240497589111     -1.779721260070801      1.426124038632858      1.428318502257723      120.7449739289601      1.427696652399765
                   5736      -8.58649730682373      10.49392509460449      1.424970374645321      1.428623578041008      2.813844252734752     -2.332028115600173
                   5737     0.7036795616149902      15.81195640563965      1.422484982933365      1.429423719714024      3.410280692023792     -2.140970894881825
                   5738       1.94287633895874     -15.91926193237305      1.419473228294717      1.429832743339989      7.988362042297302     -1.291613147827829
                   5739      -1.36192774772644     -7.900611877441406      1.417698273093285      1.428937961491428      12.64833913706366    -0.8339501780061106
                   5740     -5.012354850769043      11.71406650543213      1.415049069458788      1.428635723650681      1.235060803316197      -3.16243783679632
                   5741     0.2092471122741699     -11.83490085601807      1.410711741438183      1.425538124657653      25.81955780677149    -0.1276662059141742
                   5742     -1.190741539001465      5.946641445159912      1.409366626039582      1.423835082920015      2.128338666573073     -2.625606094709084
                   5743     -1.485315799713135      9.041221618652344      1.406946114853413      1.423741391816653      5.548367935937851     -1.669228709116188
                   5744      3.756048202514648      0.581953763961792      1.405567570797893      1.423089290293331      5.519871460823839      -1.67581637196572
                   5745     -5.550253868103027      8.881298065185547      1.404449275222182      1.421239764549907      1.916271195915027     -2.735886169525883
                   5746    -0.4245281219482422     -11.02810668945312      1.400689694515467      1.419555682939393      32.64520932028955    0.09556459704361718
                   5747      0.114192008972168      12.59737396240234      1.399258374540165      1.418345201454305      7.026149858440523     -1.442370109647352
                   5748     -8.291566848754883      1.695216178894043      1.397012140756503      1.417182334301725      4.254018274448277     -1.946571785012699
                   5749     -10.08071708679199      13.50544548034668      1.395307723264575      1.416777276547183      1.884816586839445     -2.762111932518663
                   5750      13.24365615844727    -0.3636898994445801      1.392271959422004      1.412460641141195      124.0526839264931      1.419534383540056
                   5751     -8.443514823913574     -8.107334136962891      1.389860843201684       1.40972012939597      33.92025481439809     0.1191649501802582
                   5752     -8.662998199462891      10.07304668426514      1.387601629235741       1.40848738621819       3.82066674930334      -2.06692408499192
                   5753     -5.077557563781738     -9.998408317565918      1.383848688319076      1.408159773909804      23.30697186240607     -0.261537410725013
                   5754     -11.13217926025391     -11.65782737731934      1.380894311452361      1.406219396630651      15.43267592293619     -0.677318957036932
                   5755     -4.604852199554443      -10.4473123550415      1.376899315317605      1.403518616462745      32.61093463819815    0.06602193257407082
                   5756     -4.983332633972168     -8.883252143859863      1.372896213111826        1.4007741542424      28.63210619957374    -0.0689659308667232
                   5757     -10.39666938781738     0.2923135757446289      1.371123455753856      1.398432164659696      9.305984255889182     -1.195802364374426
                   5758     -10.23863506317139      2.723846435546875      1.369474809075435      1.397068687783732      4.380248242153645      -1.95153323565244
                   5759     -11.59499931335449      11.42784118652344      1.367591697479769      1.396665276898905      2.468697287998733     -2.526612841313509
                   5760     -11.88872909545898     -5.886398315429688      1.367000855620631       1.39522668487168      183.5606366661422      1.780778944640586
                   5761      14.09806442260742     -1.083323001861572      1.364516905993111      1.393127800206509      152.4503179414976      1.591748447966253
                   5762      10.54985332489014     -10.15630340576172      1.365940746464655      1.393635497444924      1.842643808806244     -2.822481622854323
                   5763      3.194289684295654     -3.322666645050049       1.36658212213613      1.391568729905191      7.426294381534177     -1.429670685467464
                   5764      -7.00444221496582     -18.07287979125977       1.36522535263959      1.390892101749133     0.4049407603543574     -4.340191840845012
                   5765      10.68036842346191      3.934784889221191      1.362574414304109      1.389536218959588      24.90477787183596    -0.2240366315808623
                   5766      -1.89708685874939     -9.652492523193359      1.361072623477184      1.388204426338163      31.76527011483276    0.01721557615081983
                   5767     -2.049248695373535     -18.77875328063965       1.36010659260373      1.386168038001349      2.603628774251343     -2.486429836235309
                   5768      11.92111587524414     0.5066657066345215      1.355540176219678      1.384529705879067      108.3265860031026      1.237268959876424
                   5769     -10.16112899780273      3.065038919448853      1.355312559102475      1.384575971807357      5.290019647438409      -1.78219420334277
                   5770      1.476210355758667      11.87545585632324      1.354223573237391      1.382923586500003      7.924854943603615     -1.380010100620966
                   5771      4.858065605163574     -3.189680814743042      1.352803774170515       1.38159921724576      16.65042881255289    -0.6395852367667891
                   5772      2.514229774475098       16.0961799621582      1.352731814906809      1.381066548219658      3.737701305875368     -2.133989222697235
                   5773     0.2673935890197754      11.74965953826904      1.352611331706805      1.380192131572492        9.9443424725679     -1.156178644319131
                   5774       -3.3091881275177      11.40850162506104      1.350778101028357       1.38029348246473      2.611665692157183     -2.494477040598572
                   5775      1.970499038696289      -20.6414794921875      1.349045092918402      1.381069184182315     0.2397904910121496     -4.883176914234488
                   5776     -14.53456687927246      4.652204036712646      1.348087340881847      1.380613260966761     0.7149053240138751      -3.79183276038778
                   5777     -5.641801834106445     -15.02543830871582      1.347598438435467      1.378660526497481      9.312786174533251     -1.226617415170005
                   5778      4.171442031860352      2.245533227920532      1.345457026493563      1.379577226565978      5.910503165245865     -1.682200384762779
                   5779      13.85017776489258    -0.2510576248168945      1.343396241300116       1.37849293826924      166.3518727880359      1.652854808013006
                   5780      3.033190250396729      10.56503295898438       1.34337774006198      1.376475695212455      10.01058611472317     -1.159085520264649
                   5781      11.23491859436035     -2.410268545150757      1.342759784736082      1.374305658829549      171.9357942949409      1.682354586026727
                   5782      6.542848587036133     -11.28701019287109      1.340982994890512      1.371982837952819      17.08733574155498    -0.6294446641899026
                   5783      7.567424297332764      10.59800434112549      1.341017097985302      1.370944182279772      3.858679107898751     -2.118189231268903
                   5784      9.507729530334473       9.92296314239502       1.33928732155754      1.370122853856546      2.270998650366986     -2.650184495259698
                   5785      3.929012298583984      8.991420745849609      1.336908498828974      1.368752037458875      13.35950205045865    -0.8809550401760579
                   5786      6.096860408782959     -14.61979484558105      1.334904150581227      1.368769364853866      6.889315309651911     -1.544698937297263
                   5787     -11.09968185424805      3.151959657669067      1.334767477553171       1.36712686576522      5.748300327304519     -1.727069519322519
                   5788     -13.50680923461914      -7.08931303024292      1.337560968925734      1.367489338788247      217.5887623375509      1.908988914965331
                   5789      4.475023746490479     -9.315256118774414      1.335428960605228      1.365866832297047      35.13217035887666    0.08271687609940348
                   5790      13.94533634185791    -0.1898412704467773      1.334056804402579      1.364510695438961      191.9151448797614      1.778631551520249
                   5791     -1.795886993408203     -10.13663482666016      1.331853239922711      1.361497787053932       41.2139643285462     0.2364917353512064
                   5792     -3.659843921661377     -11.72314262390137      1.331099030874892      1.358589398787907       44.2124423022539     0.3040159470744937
                   5793     -12.75551795959473      7.086628913879395      1.331404724315483      1.357582405429488       2.57139854820884     -2.541052220721791
                   5794     -11.52992630004883      2.074226856231689      1.331683923263133       1.35581533855292       6.28451365612532      -1.64850649144292
                   5795      -3.23939323425293     -9.363099098205566      1.329789010795389      1.352708929665737      48.63468388201515     0.3940242269443004
                   5796     0.9232773780822754     -16.09054756164551       1.32812528714032      1.351817861675317      10.65491650683815     -1.126202127511448
                   5797      13.84488773345947    -0.3086585998535156      1.330210162666076      1.354449951469305      249.8817367031957      2.032277934426368
                   5798     -1.902451753616333      6.386936664581299      1.329039189586297      1.353014084201211      2.040184501619663     -2.777610925354152
                   5799     -2.132071018218994      13.14983081817627      1.326870756083246      1.351807170189082      4.872745971058306     -1.909518867652497
                   5800     -0.522730827331543     -16.85000991821289      1.324497290225434      1.352692494865369      10.68985583356147     -1.125016927635473
                   5801      0.253258228302002      13.54554176330566      1.323043991222292      1.352640348253734      9.488672848686218      -1.24534981010925
                   5802     0.9214891195297241       6.16222095489502      1.321285804339873      1.354150819960636      5.036514012455373     -1.878948105169358
                   5803      11.04461860656738     -5.052284717559814      1.318287291872535      1.350071249785566      103.9278317378441       1.14274529213679
                   5804     -7.891373634338379     -7.119363307952881      1.316551335108411      1.347790164861888      44.05370740057803     0.2814493442915172
                   5805      11.03152942657471     -7.768168449401855      1.314703205163391      1.346748883693021      16.93797274965285    -0.6765797931389721
                   5806     -10.82275485992432       3.62061882019043      1.313343725406011      1.346348422204337      7.900878427708526     -1.440495847896821
                   5807      12.82445526123047     0.1550655364990234      1.313105214670413      1.346732051513217      227.8759242381623      1.921434772105394
                   5808     -11.22264385223389      6.339570045471191       1.31317048689285      1.345647555406226      4.819524173908159     -1.935447209845772
                   5809     -3.149809598922729     -12.73065948486328      1.310079068846963      1.344883422588641      41.01926448402693     0.2029944525913935
                   5810     -15.30547142028809     -6.330344676971436      1.309730233367119      1.342660573914592      198.6433507949239      1.778543148240313
                   5811     -1.610425710678101     -8.630636215209961      1.307414731729138      1.341145745265405      35.41092068454947    0.05115405182370723
                   5812     -13.73479175567627     -4.759626388549805      1.307230813823946      1.341981424795223       249.147808609463      2.002662346317085
                   5813     -1.274038434028625      2.294121265411377      1.306374142840474      1.340632138169389      1.013772186845185     -3.503367267609876
                   5814      3.374894618988037     -8.053245544433594       1.30391692710469      1.338112990850879      33.29445898111619   -0.01541805000018309
                   5815      1.233016014099121     -19.20013427734375       1.30207191067479      1.338134301673072      2.121273899714942      -2.77019228804122
                   5816     -6.014486312866211     -4.504072189331055      1.300586343436946      1.337043417712338      11.88460625841568     -1.048922258412322
                   5817      4.784050941467285     -12.55319690704346      1.298704294214338      1.334813407475244      20.33120742369195    -0.5151265969720438
                   5818     0.4008111953735352      -18.6830940246582       1.29665592877875       1.33432913284726      4.875235547175357     -1.945056545390717
                   5819      2.312941789627075       11.2808141708374      1.296005580212943      1.333104489462519      12.72890764612546    -0.9867692692273515
                   5820     -6.106247425079346     -5.182475090026855       1.29503617013196      1.332024185260909      20.12436620116844    -0.5302725130363778
                   5821     -10.18741989135742      1.334628343582153      1.293522288264468      1.330565210427447      9.084578083523434     -1.327891161711453
                   5822     -11.49000930786133     -2.642274856567383      1.291066440737721      1.327704543607598      78.41915625133238     0.8235461594651184
                   5823      -8.42094612121582     -7.259626388549805      1.289575393446703      1.325235638163524      52.95862374214349     0.4279720229662939
                   5824       -9.4351806640625     -6.386163711547852      1.286138297329431      1.321573894716471      81.90336345176645     0.8585653921733165
                   5825     -14.75922393798828     -11.83724880218506      1.285699894306821      1.319483641578869      4.283510967983147     -2.094125489872726
                   5826     -7.353721618652344     -13.69592475891113      1.284486371881406      1.317340155427381      9.211928755297594     -1.330969351367329
                   5827     -8.035342216491699     -11.25930500030518      1.282154385175446      1.315268528059562      13.78810111473106    -0.9310535898653964
                   5828      9.421908378601074      2.445562362670898       1.27953319320687      1.314667671157106      44.17030653400817     0.2306897990408832
                   5829      15.27492332458496      1.080680847167969      1.279808030809489      1.313400323789733       116.083697861024      1.196198799110712
                   5830      12.15971279144287     -1.420492172241211      1.281484280359736      1.314168539123034      248.5036521504564      1.959238521217107
                   5831     -6.332963943481445      11.58715057373047      1.280469965743912      1.316029513672661      1.872745391895752     -2.928190288185838
                   5832     -11.17286491394043     -0.974733829498291      1.278210145437305      1.315420811751356      31.69434844872745    -0.1016864156809253
                   5833     -7.040555000305176      6.755945205688477      1.277333438274316      1.314807868276466      2.479136012708216     -2.651066878874368
                   5834      8.187158584594727     -8.246143341064453      1.276774006053261      1.313847615755406      10.02237827002023     -1.255325244935048
                   5835     -3.269922256469727     -10.91463470458984      1.274056707925194      1.311426401277848      61.98320341184673     0.5627427071238648
                   5836      6.549458026885986      14.94033432006836      1.273961575171671      1.311696524104884      1.959179662251082     -2.891463599355848
                   5837      13.79087352752686     -3.684775352478027      1.274685480346988      1.308159745687735      161.5977182550465      1.518988670528603
                   5838      6.181934356689453      -7.98029899597168      1.274620764797842      1.306033796707904      27.91751186076453    -0.2385444364263751
                   5839      -5.64821195602417      -9.84913158416748      1.272118988742802      1.304981331869526      36.95472381311158    0.03912402619558654
                   5840     -7.206432819366455      3.282124757766724      1.271807963535748      1.304272244693179      3.483724928825371     -2.323255394198037
                   5841     0.9060523509979248     -10.53205394744873      1.270432909225781      1.302563077865514      30.67978564574734    -0.1501465698881614
                   5842     -1.289951324462891     -12.40751075744629      1.267548443268649      1.302240777060942      45.27512293951703      0.236486652605726
                   5843     -8.987011909484863      12.06708717346191      1.266732756498395      1.301498647538432      3.218767039231809     -2.408486458817087
                   5844     -3.686634063720703     -5.870438575744629      1.265257972473538      1.301332841882795      7.698921674944032     -1.537696885890449
                   5845      4.429347515106201      8.075974464416504      1.265127906979637      1.299825844678412      13.03226958269209     -1.012610120694664
                   5846    -0.4605398178100586     -9.134881019592285      1.263253054380295      1.298988277268645      40.85041472253494     0.1277506727059856
                   5847     -6.169792652130127     0.4557807445526123       1.26225815549667      1.298533085324117      3.766933701573169     -2.257043333136833
                   5848      12.85588073730469     -3.450361967086792      1.260901494317274      1.298598321725224      235.0817120239712      1.875603372825174
                   5849     -5.207729816436768     -11.51607990264893      1.258861213255561      1.297985307871559      47.34762063865979     0.2710951831630692
                   5850      6.419386863708496      4.086742877960205      1.258159298062981      1.297215550593191      8.794418794605395     -1.413455043279615
                   5851     -10.29805469512939     -15.55574893951416      1.256968122406401       1.29757232536568      1.102005460563661     -3.491112885473612
                   5852     -8.315265655517578     -9.115044593811035      1.256284436627144      1.295668782252173      35.48859651007572   -0.02104527664072661
                   5853     -12.50496482849121     -4.082815170288086      1.255173846234089      1.293278681945212      204.3175950469104      1.726688118268269
                   5854      8.362790107727051     -6.835917472839355      1.253528769273439      1.293003298567593       17.5366529061742    -0.7302188143611752
                   5855     -0.866701602935791       12.7907247543335      1.253770678656496      1.292207033733048      9.421760203839417     -1.351913078914164
                   5856      1.788588523864746      14.37268733978271      1.252605354161962      1.293759652054526      8.360392873410898     -1.471158672669592
                   5857     -15.74275207519531      2.964450359344482      1.252515469372485      1.292847073432523      0.211364468999986     -5.149612766750937
                   5858      9.102744102478027     -8.256881713867188      1.252012238893913      1.291746665254707      10.85827443400268      -1.21176743245777
                   5859      4.520317554473877       13.9918794631958      1.251250941452161      1.290515254565419      5.544144883850676     -1.885514437334182
                   5860      -10.2222957611084      7.935532093048096      1.250981275691418      1.290717543531189      4.558083050529972     -2.081413482744821
                   5861     -12.45490169525146     -1.731059074401855      1.249409134710444      1.287917170536131      63.62860134955761     0.5513179432081715
                   5862     -3.887079000473022      -4.73072338104248      1.248147096516675      1.286513997785503       4.96042200008967     -2.002355017377953
                   5863      10.21501636505127      2.212470293045044      1.246708612299919      1.283906802345321      57.34896316572392     0.4421271544042748
                   5864      2.266402721405029      18.28727722167969       1.24657333026707      1.283685925813114     0.9495243845255026      -3.65910224431023
                   5865      4.425476551055908      7.687097072601318      1.246374644069672      1.282215081739605       14.3490619316829    -0.9449294602137659
                   5866     0.8074235916137695      15.61478424072266      1.246409718613443      1.281388381030044      7.525957183491619     -1.590872837917288
                   5867      1.943367838859558      8.290155410766602      1.245127676533224       1.28005249819569      13.17023656420132     -1.033343551812274
                   5868      3.937976121902466      15.79470062255859      1.243812015285279      1.279974995546113      4.559364216687213     -2.095237596721744
                   5869      3.934384346008301      5.081212520599365      1.242651400624386      1.278879050382834      9.949713756944057     -1.316667139014832
                   5870    -0.5489444732666016     -11.36920166015625      1.240278023354944      1.277500157826539      53.86619832338459     0.3693016992397168
                   5871    -0.7467350959777832     -20.07887268066406      1.238768770653218      1.281380117452911      1.950106543001111     -2.947502515357984
                   5872      10.81510543823242    -0.4066858291625977      1.236009396298605      1.280267187506048      178.3117466782861      1.565047964657829
                   5873      3.674151659011841      6.062652587890625      1.235596812186841       1.27881893343968      14.00428599948597    -0.9805877257621984
                   5874      -8.12699031829834     -8.820635795593262      1.233796827294156      1.277866916677361      43.27303835295852     0.1453760558558529
                   5875     -12.41927814483643      6.431777000427246      1.234667277743526      1.276570933655443      4.000896015749381     -2.235944809116467
                   5876      -7.17165994644165      4.819697380065918      1.235221984390569      1.275285142392936      3.325218440055199     -2.421486335877157
                   5877      10.27858543395996      6.576517581939697      1.235099751671219      1.273951174191505      3.842387170381127     -2.278073395746418
                   5878      9.240878105163574     -8.962146759033203      1.234088393424345      1.273124833304435      9.070078233712268     -1.420654375913119
                   5879     -8.696322441101074     -12.73785400390625       1.23241941011276      1.276231576462278      9.849342465460017     -1.337146606800621
                   5880     -2.450353384017944      -14.9604434967041      1.231957893227506      1.275415124714761      18.93456096768538    -0.6845769217754678
                   5881     -16.99699974060059      4.311259269714355      1.231387816582821      1.275367603420474     0.0831253156167721     -6.113471887323058
                   5882    0.09502744674682617      -12.0253734588623      1.229466695798037      1.274240930302228      49.60090894621408     0.2754981091810345
                   5883     -2.868240356445312     -9.165661811828613      1.226824191328836      1.275637897545159      60.72302064832521     0.4767559192742867
                   5884    -0.1779117584228516     -13.69665336608887      1.224661153376837       1.27533652509667      32.40872033603794     -0.153140383116658
                   5885      8.156600952148438      2.303222417831421      1.223228697356179      1.274108157132867      37.89904007597742     0.0012238722992186
                   5886     0.4994246959686279     -5.711794376373291      1.221936123454958      1.272833433523668      5.965282530085509     -1.849803725443342
                   5887     -3.650702476501465       7.33525276184082      1.220559938320891      1.272349860588514      1.370661714962017     -3.321973376282525
                   5888     -5.105964660644531     -6.785336494445801      1.219046024090299      1.272055545028741      21.46250337426365     -0.572432076878804
                   5889      10.37727642059326      3.941532611846924      1.217401525485684      1.271346897006936      34.58109619063511   -0.09733943981438276
                   5890      7.030505180358887      6.714743614196777      1.217468579009365      1.270715341190902       9.86865840723978     -1.351724508743129
                   5891      13.85516548156738       4.75747537612915      1.216899349281006      1.269910414592992       7.22711737468695     -1.664349478934915
                   5892       12.3908863067627       -1.3417649269104      1.218513027086827       1.27129420362056      320.6211881792549      2.130484854640956
                   5893      1.957560300827026      13.22548198699951      1.217291949188847       1.27054045918669      11.86852228198922     -1.167481442003958
                   5894     -10.28562927246094      8.160918235778809      1.217384535319108      1.269673481773226      5.427354636099662     -1.950525857186478
                   5895     -11.48384571075439     -5.961978912353516      1.216509006364428      1.267327914147679      196.6548330281055      1.636903844275507
                   5896     0.2572970390319824     -13.92120933532715      1.216177381124206      1.266850931331909      30.10908940903936    -0.2403682121357239
                   5897      11.73051071166992      3.305291652679443      1.216294310562973      1.264808884254144      45.30374235536669     0.1666772617179396
                   5898     -1.438053131103516      1.528858184814453      1.215287547363903      1.263798813615058      1.014892328526209     -3.633556840658284
                   5899     -1.498955249786377     -14.89644050598145      1.213687376212303      1.262954485356974      25.94177536170998    -0.3944706297395962
                   5900     -8.452465057373047      -8.32011890411377      1.212611885992303      1.261005214015817      58.40170738454841     0.4145887367664397
                   5901      2.347517490386963     -14.27587604522705      1.212162001531597      1.259941186828625      14.71310453151459    -0.9652330496633111
                   5902      11.92219924926758      0.231356143951416      1.210961732180712      1.259102229561047      233.8899062033751       1.79922213584931
                   5903      7.433413505554199      11.79150295257568      1.210635186954796      1.258623211240093      2.491858563315134      -2.74324975031722
                   5904      -1.08345890045166     -13.53701019287109      1.209300454700664      1.257270411135318      46.43261904490016     0.1795450982433663
                   5905       8.24752140045166      5.386381149291992      1.208103106588756      1.257861525939521      10.84087293160521     -1.275654149185404
                   5906      4.019797325134277      15.55432415008545       1.20709726300319      1.257474064421659      5.769996238952135     -1.907447249093208
                   5907      7.827736854553223      8.904889106750488      1.206334605266792      1.257005802734345      5.095793954016576     -2.032707656363566
                   5908      12.14052295684814    -0.2050971984863281      1.206438273048399      1.257553858349734      306.6976297327671      2.065261040192685
                   5909      13.35557746887207      1.547285079956055      1.204028423422394      1.255414630827806      154.1116507803745      1.373374002885559
                   5910       4.60450553894043      12.95438766479492      1.203534224430481      1.254260810652474      6.450125716456861      -1.80153375680094
                   5911      10.38836479187012      7.069730758666992      1.202266483553798      1.253579626565464      3.680379797030181     -2.364214572931948
                   5912      11.81888675689697   0.007696628570556641      1.201577529962243      1.253326856528738      303.3468597255619      2.046871508005539
                   5913     -10.35338115692139      11.51192665100098       1.20224474435337      1.252060112767407      3.310607518123012     -2.471329769815976
                   5914     -14.69577217102051     0.9608817100524902      1.202851851179774       1.25145400232241      2.076697695068693     -2.937661854582096
                   5915    -0.3500188589096069      3.822482824325562      1.202292587598384      1.250762510656884       1.86154810134922     -3.048050145403308
                   5916   -0.06146740913391113      7.426114082336426      1.201385445837927      1.250007095675876      5.399749295501363      -1.98446501455906
                   5917     -9.942721366882324     -3.293408870697021      1.200577996963478      1.249903223046702      51.69216729238707      0.273733301552784
                   5918      12.77166938781738     -6.680013656616211      1.199116136289988      1.249180892706652      34.11973864847437    -0.1434933513380925
                   5919      2.268867969512939     -10.03560733795166      1.197556615776393      1.249112422059443       27.2457482933269    -0.3698281499103006
                   5920      0.219266414642334      4.376171112060547      1.196567771571936      1.248954945616763      3.398658976732893     -2.452296835541281
                   5921      5.565289497375488      2.900390148162842      1.195472458444855      1.247678173422661      9.000629938342353     -1.480321796325307
                   5922      7.506048679351807      5.273030281066895      1.194865389837606      1.246403265100449      12.33151142468519     -1.166988756108549
                   5923       7.29374885559082     -1.345130443572998      1.193278000131356      1.244712710673741      47.74113327421577     0.1839600528091695
                   5924      9.822624206542969      3.978559970855713      1.191828595727516      1.242967150797383       37.3398559521794   -0.06439076918855226
                   5925     -4.517596244812012      9.363069534301758      1.190926819539018      1.242381840051392      1.571531188682374     -3.233629553807049
                   5926    -0.7337355613708496      3.341128826141357      1.191395387338821      1.241228256092832      2.243583179230264     -2.878141342708248
                   5927     -11.49203205108643      3.072660446166992      1.191848180398792      1.239988730516948      7.636714848123211     -1.653867193776289
                   5928      7.350603103637695      -8.97258186340332      1.190938122038192      1.239578640450396      18.05641232055391    -0.7944284720722004
                   5929     -6.344252109527588     -7.118425369262695      1.189294871686863      1.239960383906219      36.25482164419545   -0.09842979648470043
                   5930     -11.68477916717529      6.373161792755127       1.18962899323356      1.239052060195838      5.661947052624742     -1.955686254066884
                   5931     -12.58169651031494      5.547802925109863      1.189271050925524      1.238643229554189        4.8979404184683     -2.101270235117266
                   5932      10.28309535980225   -0.02067375183105469      1.187978781042946      1.236120939946561      201.3575352652897      1.611871474964605
                   5933      6.808528900146484      1.542546987533569      1.187553869326594      1.235242503732957      24.93842444927877    -0.4778695029029886
                   5934      9.698504447937012     -2.121774911880493      1.185244327501045       1.23279551109246      180.4316490174133      1.497143133763642
                   5935     -1.056495904922485     0.7124566435813904      1.184148158098703      1.232176512524696      1.184452541702654     -3.530355729279983
                   5936      6.284100532531738     -4.118946075439453      1.182664896403854      1.230835325230665      19.60591896971855    -0.7261473442343815
                   5937      -2.79304027557373     -16.51583862304688      1.182972011074449      1.230324770076102      11.90765060814554     -1.224952994686204
                   5938      4.594983100891113      14.03546142578125      1.182411149797422      1.230153448497098      7.640425716511928     -1.669294256026597
                   5939     -12.57740592956543     -5.465383052825928      1.182008794267314      1.230026489820348      268.5678641981775      1.889912502627644
                   5940      5.584873199462891      1.125523567199707      1.181495849767759      1.230127754413037      11.95174774722993     -1.222665340150142
                   5941      3.565519332885742      -5.58403491973877      1.180214523205169      1.229842725235757      19.52788770584389     -0.733016097673082
                   5942      5.135092735290527     -9.212356567382812       1.17834322113731      1.230965308470651      35.20095065815283     -0.144461040369661
                   5943      13.01969814300537      1.975270748138428      1.176112727195296       1.22881026331476      141.1515350061515      1.240652969507208
                   5944      2.619472026824951     -14.77817153930664      1.175139373469462      1.228289307344263      12.35492893197284     -1.196377959342294
                   5945      12.41680526733398     -4.249324798583984      1.172826948633519      1.226993676211873      193.3081579196821      1.550827433349759
                   5946     0.2548938691616058     -1.043381571769714      1.172045911189611      1.226649985054764      1.220619931358358     -3.515045598976013
                   5947      2.083366394042969     -8.714954376220703      1.170546869309466      1.225411384924931      27.49125734606358    -0.4028264963957195
                   5948      10.10507774353027     0.8084230422973633      1.168409342491811      1.224127304771273      174.7122428577436      1.443569570168506
                   5949      7.472805023193359      8.568747520446777      1.167291306123813      1.223967908063513      7.075507132361464     -1.764019170068654
                   5950     -9.709558486938477     -6.393820762634277      1.166154277412389      1.222519611699967      101.5174189297967     0.8974135787666117
                   5951     -6.875278472900391      7.821881771087646      1.165865485406184      1.222478502125764      2.605483552201481     -2.765479840365401
                   5952      -2.11222243309021     -9.627777099609375      1.164126514277248      1.221230910519016      67.10436872145563     0.4806372781208694
                   5953      3.434138774871826     -12.24215507507324      1.163087900303725      1.221042192691952      22.82494154776425     -0.598805129847743
                   5954      16.24338150024414     -2.750565528869629       1.16157702197294      1.220669757645037      65.08927766467195       0.44749590619987
                   5955     -2.539490699768066     -13.23201751708984      1.161227759931682      1.219641039122563      48.96350926167624     0.1616675589260525
                   5956     -6.409133911132812     -7.893129348754883      1.160229221604405      1.218581891358325      40.00085008897732   -0.04223610209569068
                   5957       12.9251184463501     -5.921131134033203      1.158369810220141      1.217629656409858      83.72127432125711     0.6939706664996892
                   5958     -9.608086585998535     -7.959985733032227      1.157207103651995      1.215956625421982      79.32614062586013     0.6376660651372438
                   5959      6.562329769134521     -5.733514308929443      1.156883882083283      1.214966562022935      21.13576060447295    -0.6860291384630414
                   5960      4.812758445739746     0.9399129152297974      1.156035310281568       1.21480302136192      8.292811761999198     -1.622474854042508
                   5961     -10.57924842834473     -8.257401466369629      1.154567348519445      1.213336287089297        83.379627768844     0.6830613221747052
                   5962     -16.21292304992676     -4.241676807403564       1.15380493009934      1.211225029956219      97.85715150554758     0.8407639650902212
                   5963     -12.22134304046631      10.58970260620117      1.154337499485161      1.210353502266407      2.053091742219564      -3.02365631975067
                   5964     0.6405811309814453      12.16816329956055      1.153447873517554      1.210130690144365      13.31389705808744       -1.1551498459341
                   5965      4.195075035095215     -1.792405128479004      1.152860979242792      1.210462201472355      6.082057942154433     -1.938850148821418
                   5966      9.275555610656738     -4.176641941070557      1.151122526165538      1.208648233432623       85.7302734600088       0.70400396397486
                   5967     -2.546102523803711      7.915059089660645      1.151236399953543      1.208407304851884      2.437714472961124     -2.856241577426644
                   5968     -2.773654222488403      9.343585968017578      1.150533179464142      1.207749378086563      3.063731950993079     -2.628824353699467
                   5969     -4.876423835754395       5.94292688369751      1.149501142843692      1.207073600657828      1.335542158312267      -3.46057789878832
                   5970      -10.7093563079834     -10.02736186981201       1.14898929435333      1.206103212196227      33.39318274247605     -0.242813069155609
                   5971      10.86724662780762      5.158043384552002      1.148112825245172      1.205691542323111      21.51649889530237    -0.6834492965665919
                   5972      11.94784355163574      6.976916313171387      1.147728565011003      1.205343427589509      3.544139133993918     -2.487597549358228
                   5973      14.75494289398193     -3.728597164154053      1.146474646727689      1.203277046717424        140.54111494614      1.189798298323643
                   5974     -5.619724273681641      11.49952125549316      1.145701941244984      1.203554817368046      1.818310080090227     -3.158237631054571
                   5975     -0.706092357635498      8.482583999633789       1.14475583908124      1.203041691840376       5.86387984542988     -1.988586256747845
                   5976      7.383354187011719      7.173702239990234      1.144482281760024      1.202007994308816      10.38529738643376     -1.418105238072172
                   5977     -5.469454288482666      9.628643989562988      1.143844590696635      1.202452485041704      2.305814967094109      -2.92324977312312
                   5978     -3.734706401824951     -2.915795803070068      1.143109104636931      1.202311677501258      1.873287358326848      -3.13174942756956
                   5979     -7.112751007080078     -8.334944725036621      1.142234932444309      1.201105013321969      53.30187312686768      0.214758064257649
                   5980     -16.56335830688477     -4.547452926635742       1.14157538140545       1.19984925336211      100.3275200526462     0.8456029862315322
                   5981     -14.60311889648438     -7.837934970855713      1.140101934682946      1.198516144471073      147.4125491720224      1.227994835989908
                   5982      6.885191440582275      10.39588737487793      1.140074852100304      1.198506981700674      6.042289526997625     -1.966488676045384
                   5983      3.768036365509033     -9.673587799072266      1.139120876762163      1.197484492324514       37.4764556443224    -0.1432494064942778
                   5984     -4.613895416259766      6.060915946960449      1.139046778320073       1.19725392649655         1.433898606297     -3.406822871291934
                   5985     -1.664908409118652     -19.14588737487793      1.138337796949016      1.197404940378342      2.576099945437716     -2.821439800018557
                   5986     -9.798786163330078      11.08470153808594      1.138542287401015      1.196841107800865      4.138912760856797      -2.34757463730076
                   5987      9.753597259521484     -3.902764797210693      1.137276428614075      1.195034923565783      130.0543151370667       1.09732169073717
                   5988      2.207486629486084      -10.2168025970459      1.136445006076624      1.195218136118662      36.05759175801318    -0.1860910822116421
                   5989     -4.896744251251221     -5.947531700134277       1.13559944939657      1.194475526496743      16.48225758018728     -0.970289833126735
                   5990     -2.982457637786865     -14.52056312561035      1.134426360102604      1.193954902646613      32.78424897692052    -0.2840956533757235
                   5991    0.09457226097583771    -0.3043625056743622      1.134048665968692      1.193644897250888      1.211473671209137     -3.582798984058908
                   5992     -4.809414863586426    -0.9867486953735352      1.133542562261107       1.19289206685436      2.562065046387881     -2.834900198438327
                   5993      6.310361862182617      -2.95149040222168      1.132641935521189      1.192446444042217      21.22841654725896    -0.7215415778287493
                   5994      5.832215309143066     0.8230447769165039        1.1332842221062      1.191359133573399      16.60681524287997    -0.9674144362268517
                   5995      16.82456588745117     -2.271955013275146      1.133081193111167      1.189997487708873      48.11973001470955    0.09514192075496704
                   5996      3.646389484405518     -17.92930221557617      1.133361670846817      1.189745768037109      1.002557852832032      -3.77595981973879
                   5997     -4.474485874176025     -16.19250297546387      1.133960806589222       1.18937326633401      9.906353533059665     -1.485122730790026
                   5998      8.980727195739746      6.525237083435059      1.133088603885603      1.189800131399933      9.241531170413428     -1.555002096049703
                   5999     -10.26363658905029     -4.193137645721436      1.132320308911576      1.188380071769032      97.45621966955545     0.7988210446379126
                   6000    -0.3315105736255646      1.340142965316772      1.132422407828013      1.188172797305771      1.577890296277015     -3.324577773277274
