#! FIELDS time deep24.node-0 deep24.node-1 sigma_deep24.node-0 sigma_deep24.node-1 height
#! SET action OPES_METAD_state
#! SET biasfactor       12.02723625380408
#! SET epsilon   2.008904905162975e-06
#! SET kernel_cutoff       5.122093479753262
#! SET compression_threshold                       1
#! SET zed      0.0726514138853015
#! SET sum_weights       2668.756403868324
#! SET sum_weights2       21306.75663263845
#! SET counter  992
#! SET adaptive_counter  500000
#! SET sigma0_deep24.node-0       4.205356409009889
#! SET av_cv_deep24.node-0      -1.098739377179072
#! SET av_M2_deep24.node-0       35350432.27033537
#! SET sigma0_deep24.node-1       1.139344751753941
#! SET av_cv_deep24.node-1     -0.4557108135301302
#! SET av_M2_deep24.node-1       39293739.43990169
                   1000      6.894923963472579     -3.108669077295505      1.275851973447965      1.177268552160877      723.4150554348827
                   1000     -7.028645598346941     -4.779152929292867      1.105300556363234      1.216211192266313      475.8558470594898
                   1000     -8.271002265661529     -2.740443706996573      1.184702710090239      1.197454791314556      152.4755756487694
                   1000     -9.195872859046231      0.566857503077159      1.215587261955211      1.194398674818675       3.86584767614635
                   1000     -5.942004540105522     -6.070710552541363      1.190439105917977      1.142397150884662      3660.618472886541
                   1000     -9.487563952830357      2.261733403602339      1.082100634549128      1.238738581454672     0.6069763761694037
                   1000     -2.659584997980386     -5.121628567108139      1.102735433747353      1.203182904741903      207.9214174240279
                   1000    -0.6951100964127697     -5.127139066754257      1.245004323427487      1.159510177957937      431.0780080159368
                   1000      9.425635892046566     -2.380130439502504      1.164496800241066      1.137718954241546      2267.394727678934
                   1000      4.518698647160015      1.153960897475321      1.845159394887606     0.8999304464088282   0.009222136427771791
                   1000      4.562602238331581      3.012976137239249      1.054285120429472      1.141536879849581    0.00558635674421246
                   1000       2.67806039351471     -4.562022405058936      1.307931852612619      1.236275669883724      356.1577474045972
                   1000      0.585036164139433       3.84784324399963      1.202106871475862      1.177134105221717  0.0009894321552934232
                   1000     -10.50520961565018    0.08373057419332881      1.044289128075333      1.179189909384468      1.150912066465829
                   1000     -28.90404439092226      27.91975167285613       1.37797276303027      1.289092812716995       500.643547032418
                   1000     -15.23237260381692       30.2742999185345      1.463325232144138      1.286199612505318     0.1000818943471103
                   1000     -12.56791428105631      30.01345503131331      1.361103879388286      1.142796967404873    0.06147510696111311
                   1000     -19.51190972199773      30.17318729087742      1.368256799419147      1.309890663803378     0.1949053228346841
                   1000     -24.26467134494304      29.42380647660064      1.648132552937218      1.427052136275923      3.401844827805876
                   1000     -20.24819841612825      28.95403595115048      1.091493562123848      1.149304484647568    0.03240865070581205
                   1000     -22.45968000582038      21.22459341375035      1.298258393709764      1.283707726965127    0.01421010901412668
                   1000     -25.42854118347168      25.88861083984375      1.632053246551801      1.206788857829296      1.219998596608769
                   1000     -14.88888549804688       21.8060417175293      1.627199077641835      1.205188974586057  1.460831963766706e-05
                   1000     -27.01248936493712      28.91866665017334      1.332480057229611       1.13009732213906       32.0840316844825
                   1000     -13.63598373522654       9.55121252300199      1.362402805475367      1.283201310891249  7.927398738584825e-05
                   1000      1.507805322571891       2.67589471356854      1.201175116793891      1.227594759215931   0.003149816651611324
                   1000      8.989602019500966    -0.8777017140509397      1.036113934312112      1.170405390517112      122.2562908589073
                   1000     -4.527596728879757     -5.757536045354491      1.155500543740084      1.121789387178289      1031.728422743416
                   1000     -3.553846489664384      3.528256828029607      1.308105990162142      1.123379575122771   0.003433832853262557
                   1000     -8.648088455200195      17.64126205444336      1.655116475232527      1.510482229292992  1.145912469523682e-05
                   1000     -25.25350029283088      23.99277864897388      1.364474656119568      1.268370076999497     0.2881586918010591
                   1000       2.78694444726709      2.243521551513918      1.202370469189766      1.295725488219213   0.004282781563952385
                   1000     -1.944499731063843      9.326254844665527       1.39677196738273      1.255126564170646  1.634512035707697e-05
                   1000     -16.99413764142792      13.47346242727633      1.231650363438884      1.189544398770366  5.132125921744295e-05
                   1000     -18.16095803611306      22.91356219760006      1.330621736840571      1.249094166493642  0.0002319025576627901
                   1000     -19.06409074577427       15.6460974392839      1.208525820340207      1.326105009395892  0.0002286437984889918
                   1000     -12.69866371154785      27.12570190429688      1.413023968092429      1.327828699135823  0.0003814123535249929
                   1000     -21.47662925720215      23.45685005187988      1.410570713328148      1.326473941974464   0.003985841890742142
                   1000       4.78874264008171     -3.953224098877481      1.218674366830808      1.190845736380721      518.8946869797446
                   1000      7.890231658572694     0.9393528841924499      1.115031106931918      1.169110180362956      4.521261551673589
                   1000     -11.92037411278516      4.642124982211151      1.004004195030366      1.114322830580743   0.002326003019563301
                   1000      1.012705351673677      7.151300362039278      1.062580655549794      1.129468796336477  8.893204308584213e-05
                   1000      -3.05532710929349      6.399568110548659      1.159676951945871       1.18605137466838  6.588498063841208e-05
                   1000     -16.28346491259257      9.327441031831194      1.250710317751089        1.2202921769996  4.793494018715861e-05
                   1000     -7.623743738678584    -0.9145909502493204      1.032103148750487      1.055036109290501      4.426105364401372
                   1000     -4.988974188536238      2.747994977761215      1.153053552578068      1.272353808601929   0.006284527646155262
                   1000      8.163479723786841     -2.666692712623008     0.9970994918539889      1.140537094112581      268.7865081487221
                   1000     -17.11163021904541      11.80632130782869       1.01898050785091      1.053590904614089  6.591044623088918e-05
                   1000     -18.48130017141631      13.67156427474027      1.164367380122275      1.139852395718512  6.443235847619786e-05
                   1000     -23.51265525817871      25.62570190429688      1.142457826441751      1.062881107205756    0.09505823123478456
                   1000     -13.71195929844065      7.288402812864264      1.135554373306485       1.21303399226524  0.0003026681292887592
                   1000     -21.00671138193769      19.37387448499663      1.119726119630484      1.150509491313323    0.00086873408122466
                   1000      -17.5014126965681      31.76232031274836      1.131338786950045      1.115642162479959    0.01514526113422709
                   1000     -23.75946235656738      22.05718994140625      1.135616951199372      1.110057130286959   0.005078084651711372
                   1000     -14.29476261138916      11.33433818817139      1.134630141342026      1.108859578025211  2.865646058852371e-05
                   1000     -9.855214365981835      26.28363334679245      1.107876260860043      1.252656888797195  0.0001287324365004728
                   1000     -21.13431855426309      31.42740670234623      1.122540075473133      1.165228050818293    0.04788011717175562
                   1000      -23.2932371727363      27.46476450144265      1.106738420400861      1.142063724135187     0.4139607200006016
                   1000       -21.977622687509       27.5188704138838      1.107579504406235      1.216242580809847     0.1538692336578902
                   1000      -21.6480655670166      25.71693420410156      1.122735941153996      1.106090249275985    0.02524455104320123
                   1000     -20.51092145908092      17.76296384271152      1.192796394070821      1.095811871642462  0.0003489456277789539
                   1000      1.136071983406354     -3.068868337330293     0.9936954797239064      1.067050641089395      8.283453278593463
                   1000    -0.6001594332508537      6.771800458897041      1.022286193113796      1.079536917963749  7.746301666138065e-05
                   1000     -11.06953048706055      8.646110534667969      1.108774357052193      1.118372930237359  2.485345487518395e-05
                   1000    -0.7028636932373047      5.067916870117188      1.106120227486176        1.1150844486222  0.0001137674826626461
                   1000     -11.86409568786621      9.966833114624023      1.105253604393986      1.113954916534989  2.891023810390352e-05
                   1000    -0.2409168949788988      2.814659226415066      1.053555255969063      1.088076906968251  0.0004070775650578162
                   1000     -12.50232113076551      6.981833261351622      1.084042643537661      1.069705206704165  0.0001257296246185566
                   1000     -14.73250317319578      16.57331554918659      1.084514772298292       1.22232177723599  5.032044289704144e-05
                   1000     -17.16069555050679      30.01842045803395      1.173698299270807      1.198412513990445    0.05234719006792343
                   1000     -18.15980339050293      29.03401565551758      1.085818355915395      1.123696799112507   0.008495335489944411
                   1000     -11.76896286010742      12.18832969665527      1.079267188532333      1.136413880852803  2.511493561819571e-05
                   1000     -11.77686309814453      15.23135089874268      1.078898393286514      1.135673408356848   2.37626736341748e-05
                   1000      -10.2888011932373       6.62971830368042      1.083441520077706      1.153880974558681  8.151955643298296e-05
                   1000     -6.618910845949183      3.797888783324487      1.002899157209239      1.174851501772012    0.01371406807845022
                   1000     -1.940581560337293      2.849771271214983     0.9992764612461469      1.062025969334539  0.0006780862004927099
                   1000     -21.83510029635008       29.4583181970229      1.119750906622462       1.16699378969482     0.1700392495428777
                   1000      -14.5127484681577      8.188915433061288      1.020794024288784      1.099934942927881  0.0001153201484059632
                   1000     -9.890524864196777      8.770484924316406      1.072690608240477      1.168544866757858  2.971527418586519e-05
                   1000      7.356124480881332     -4.415563516264138      1.110511573757263      1.087372672618939      29.41018575408438
                   1000      2.589722662017087      5.319410566286552      1.096316608930066      1.121072797996815  0.0002405828210661043
                   1000     -20.48054119327484        20.752594931435      1.097008968473141      1.115131655945125  0.0008803233878216373
                   1000     0.6275617958420628     -4.061472456198045      1.033342375226684      1.108639782964274      89.50725125710024
                   1000     -21.84976814667509      15.72594927019764      1.081537010211379      1.190420151173867  6.504069468945501e-05
                   1000     -20.13844741211986      14.00206669479651      1.009328916887966      1.183750411228866  0.0001029321125804683
                   1000     -18.50228309631348      11.13661479949951      1.046031747910988      1.130127104620278  2.686613836246158e-05
                   1000     -23.70406150817871       17.6561107635498      1.046989706395526      1.129996660887942  5.478404758132711e-05
                   1000     -1.895146608352661      4.693120956420898      1.045011514418396      1.132694269360015  0.0001252503731375674
                   1000     -10.53373913024513      1.606279147938808      1.016705804350734      1.070000735328705     0.3754860103269314
                   1000      4.152135848999023     -5.364976406097412      1.013642977359433      1.087825247803017      9.313708886981194
                   1000     -15.86166858673096      18.29241752624512      1.013827117433375      1.094435622974711  2.709499722670193e-05
                   1000     -11.04702758789062          25.4599609375      1.013616799086356      1.096086175328339  4.253061583990033e-05
                   1000     -7.782242774963379      4.654654502868652     0.9972280111139395      1.082778532789293   0.003686361241026808
                   1000      2.587676525115967      3.629271030426025     0.9968347514711244      1.082289384351742    0.00037916433764653
                   1000     -9.237671170100885     -1.113502455484455     0.9784755912289402      1.015297506792806      6.074563294164245
                   1000     -9.637424728457809     -2.469663517348686     0.9899861697732008      1.079891527300816      5.887888825698848
                   1000     -15.04275141363979      9.599227665728657     0.9424612351716745      1.008132632157638  8.589388671827853e-05
                   1000      2.602009296417236      -2.30602765083313     0.9398775943273062     0.9873629840275925      3.238398544018701
                   1000     -15.50323677062988      11.89568328857422     0.9360781478449925     0.9802550060626254  3.507697385605234e-05
                   1000     -18.09079360961914      24.52549743652344     0.9278820103594069     0.9684014768680115  6.309109931742131e-05
                   1000     -20.39594078063965       26.0205249786377     0.9327702906995385     0.9782693318702924   0.004065650710212611
                   1000     -19.02132034301758      12.62644577026367     0.9347960858286372     0.9798324218261333  3.940550991639115e-05
                   1000     -12.15808010101318      1.189655303955078     0.9353978533681009      0.983632634697975    0.02156946965831117
                   1000     -17.49826431274414      19.79548645019531      0.935361573508604     0.9837877151663199  3.459723437460085e-05
                   1000     -19.17536163330078      19.96637153625488     0.9351695800830293     0.9858531968370812  0.0001044668522374058
                   1000     -17.01074409484863      21.56927871704102      0.934987238302278      0.987120623985772  4.046478515972106e-05
                   1000     -7.362689971923828      1.537325859069824     0.9355852769213167     0.9878334690433934    0.06253022809961073
                   1000     -3.698282241821289     -2.840449571609497     0.9293700428582909     0.9829249198454122      1.964310544083848
                   1000     -8.505082383829626     -4.310120339714894     0.9558918774490626     0.9940829977065538      18.11928923463546
                   1000     -7.957095144790656      3.418303874604746     0.9519886594246333     0.9852751287843411    0.02865512411960597
                   1000      4.687928676605225      5.726644039154053     0.9279959720348141     0.9835006008183022  6.255024338068681e-05
                   1000     -1.231168468694049       3.76257722090134     0.9540002471834702     0.9829862601550698   0.000335759595068655
                   1000     -6.992608547210693     -3.469715118408203     0.9228691007698259     0.9750894447093496       14.0168971212951
