#! FIELDS time deep29.node-0 deep29.node-1 sigma_deep29.node-0 sigma_deep29.node-1 height
#! SET action OPES_METAD_state
#! SET biasfactor       14.03177562943809
#! SET epsilon   2.744460475666789e-07
#! SET kernel_cutoff        5.49700120853936
#! SET compression_threshold                       1
#! SET zed      0.1385425082090254
#! SET sum_weights       7153.634631884475
#! SET sum_weights2       54445.95061542102
#! SET counter  4992
#! SET adaptive_counter  500000
#! SET sigma0_deep29.node-0      0.8062675603430148
#! SET av_cv_deep29.node-0       4.703918828188947
#! SET av_M2_deep29.node-0       1691430.397702429
#! SET sigma0_deep29.node-1       3.466014076974393
#! SET av_cv_deep29.node-1      -1.798916409039143
#! SET av_M2_deep29.node-1       14178096.67492733
                   1000      5.595990628571359      5.414749445859649     0.1890887637583515     0.7551077153165396      228.7282781897832
                   1000      4.672144858291619      3.051715797802735     0.1981049639527098     0.7327228732410856      2400.883335366701
                   1000      3.671270391979718     -1.452967716035249     0.1960806431223614     0.7855582795282332      3050.854507614687
                   1000      2.771412753623367     -6.950300151180364      0.172594189516014     0.6803089627058441      20554.76209136253
                   1000      2.993244733912194     -5.139148982240902      0.175112754096091      0.679155416595121      12477.63494394999
                   1000      6.609070746508545      12.02003128595574     0.1640294560305497     0.5873931692292502      31824.14887203076
                   1000      7.157580621516597      13.72854918451809     0.1718246609400519     0.5932310524282769      7425.037375356276
                   1000      5.591890987922461      8.000842412913544     0.1868810974549672     0.7194107435473878      3283.094723519584
                   1000      8.156292431861841      13.08009999689888     0.1831631025155306      0.669331471762994      12.86789736593005
                   1000      8.688582381331212      8.467709270802052     0.2781068161618931      1.133604845583197     0.0663747493470805
                   1000      7.155275020627886     -5.127127334501331     0.1992459904599191     0.7371558584229803      0.650040552010471
                   1000      5.805062996831158     -8.211895109992248     0.1934575667315118     0.6441666816563959      2.870703205425141
                   1000      7.685406710320144      1.949900728262999     0.2052444794492702     0.8203416077674797   0.001103115679918068
                   1000      4.092195217019563     -10.47531175221971     0.1848597134653371     0.6714965883852426      224.6171150866115
                   1000     -4.471663475036621      -6.30953311920166     0.3866492984854766      1.682815489324744  3.459657084045208e-06
                   1000     -7.499938556057462     -6.851841987713335     0.2242789788859178     0.6782692594209008  3.440790565747008e-05
                   1000      3.708191268128773     -10.32583328307423     0.1735438312970813     0.6276238194299033      1098.503947442857
                   1000      5.106989477354066      5.288024896477198     0.1877349275333489     0.7087382723100942      1824.568388057069
                   1000      6.010482213703535      9.530220838289495     0.1617897200382833      0.630290394785434      20661.41685531133
                   1000      7.689051112377047     -3.327523393280945     0.1920861968669541     0.7138189531145122      1.018761637090714
                   1000      8.333677677255084      3.636013276475025     0.2105075563466797     0.9083544250623696    0.01317086143580068
                   1000      7.775559718967179     -2.157738213566221     0.1609428564564168     0.6846705648073471     0.2035109252784655
                   1000      3.439039434058502     -9.686844416195035     0.1909402321326091      0.668876377919189      973.4429870240014
                   1000      4.718818479355288     -8.137226009583374     0.2045359885513108     0.7699450981843431      10.58404755646679
                   1000      3.108148847024068     -7.995956690391003     0.1696411098049699     0.6776153568729743      3528.720095418862
                   1000      4.243918069704572      1.495182623026533     0.1927785470715858      0.732081536715092      2182.347686683051
                   1000      3.931081320835926     -8.929280515423985     0.1656033442462117     0.6421021097039884      539.8627312774919
                   1000      3.311159552836027     -2.881459357953086     0.1663262208348949     0.6680340533114002      6655.364772184332
                   1000      6.230750538675814      10.46851634114376     0.1595828309523714      0.609751655911519      10820.76978304643
                   1000      8.626166678708547      12.14954179559111     0.1889835488258059     0.6471350719759762      2.468316910760584
                   1000      5.096823107033161     -7.951095833060513     0.1824240654207401     0.7659935594609774      2.223198773171144
                   1000      4.424245603889137     -9.075831854711037     0.1961996091642594     0.7672873814771217      25.17554259831966
                   1000      8.128207792064554     0.7425436327690942     0.1681976239466052     0.6402814333703579     0.0675866099352236
                   1000      6.462849071481731     -6.781697157519023     0.1887808589771134     0.6459950887740936       1.06942165646306
                   1000      8.626177670080622      6.783247727944754     0.1882088579331188     0.6984271256811541    0.03214996361703237
                   1000      7.628157358942549     -1.381082059836842      0.181966759251621     0.5796709055296633    0.03526034129118809
                   1000      8.008450427778332     -0.415929020175815     0.1757462169625989     0.7090141422671643    0.08663794531573979
                   1000      8.761031831459173       4.63950750417976     0.1772115421902783     0.7989177219725243    0.04022632185770091
                   1000       4.88310339604366     -9.944338126430257     0.1987961049058261     0.7044724670391356       17.6624843842569
                   1000      5.775697189477737     -6.052728773032442     0.1772336113479362     0.7718261513042068    0.07313422748336137
                   1000      6.320352524530076     -6.058961605563747     0.1971482077462079     0.6625633775874934     0.1662530962223991
                   1000      6.773130966078146     -6.045701096624754     0.1772289650331082     0.6607388095117486     0.6045320094535169
                   1000      6.989981230546561     -3.212702062612683     0.1897026974080339     0.6936105038674683    0.03096235473256955
                   1000      8.062840201348532       9.11349727352364     0.2080284855978902     0.7454638910524051    0.01300994456025206
                   1000      4.439559982792174     -0.221264720244815     0.1782768028023679     0.6626838272493343      70.19008542114285
                   1000      2.794624083174842     -5.763474373649386     0.1645869216832394     0.6532542534389911      21645.85122353056
                   1000      2.842558933616674     -8.694223434187011     0.1741691375433413     0.6101791331613805      5298.390143746006
                   1000      3.452272388092157     -4.333428010092411     0.1711155014031907     0.6136987347703474      2081.019132273825
                   1000      3.044371334755665     -6.634902960314679     0.1719841715068934     0.7084413927712864       8391.85342171005
                   1000      4.831620898617967      4.088853911684759     0.1696943806379738      0.699274361502049      3536.483989356593
                   1000      5.208540426593145      7.066912649233219     0.1729686171182805     0.6278066880713472      1877.984419012969
                   1000      5.458533599635324     -8.883811038099571     0.1782890942726465      0.575029750650353      4.768260675798214
                   1000      3.639414551134896     -8.515804868631019     0.1759444774806016      0.629874804577468      507.4309737343809
                   1000      6.903814278404179      12.95481877088254     0.1646387832695576     0.6037221964473184      5078.885614243432
                   1000      7.541299313687415      13.77102491873766     0.1663261938521369     0.6151079263129643      147.6414365662685
                   1000      7.277824477542581      9.616849109382413     0.1791667157875446     0.7199354602654123     0.1841250674919615
                   1000      6.871254509898828      1.023859768924998     0.1590668598573018     0.5698788783133071  9.739275581146611e-05
                   1000       7.04893544070959      5.579472816362171     0.1771588386290674     0.6767311373042747  0.0005374107269419742
                   1000      7.707051906098433      9.458499966120463     0.1722909018828628      0.625112590181313   0.007988927688648461
                   1000      8.370683291075753      10.64318014111772     0.1763606635787559     0.7498524125721681    0.05491875816785061
                   1000      6.321024447313036     -2.681384133612015     0.1750036935850098     0.7070384838621123  0.0002983868281133281
                   1000      8.074124712206537      2.730312852494564     0.1653232351547164     0.6618888207662643   0.009128755964810518
                   1000      8.394516192966096      2.398205071237224      0.176384508576729     0.5758649827969894    0.01989584537695055
                   1000      6.744754912640622     -1.074702482617874     0.1896928319819376     0.6979819734663464   0.001002031055068297
                   1000       6.35524489338417     -4.646648827002351     0.1794204604384459     0.7011165074795431    0.02679518478689386
                   1000      4.299837383567337     -4.919830766953592     0.1688533899844587     0.7107393668842877      2.783777434010052
                   1000      3.475518883524495     -5.465360421477326     0.1651709672084761     0.7055239841162417      165.6004240112852
                   1000      3.922305038327832    0.09415970683065829     0.1685290582452774     0.6881774771714373      923.4815616547775
                   1000      7.857138132032594      13.41915153008565     0.1642485666987483     0.5655108712563407      48.99719310951529
                   1000      5.398964657405917      6.685134596826793      0.169520232040389     0.6729874904329819      891.4631240074249
                   1000      4.160688122802312     0.4511792959931875     0.1579481446332918     0.6192080124608119      848.0893438454282
                   1000      6.104586176543054      5.810369952403239     0.1607468721911924     0.7935715927213657      2.738345041032774
                   1000      6.945159090202315      8.693212896947371     0.1976726455890609     0.7491702587553579     0.3382585937208424
                   1000      2.687916475359704      -7.88617759692765     0.1716418996295341     0.6058027519331225      8595.963815361687
                   1000      7.982831613890362      11.04937945868828     0.1580140723885551     0.5793915204714585     0.1158282538484642
                   1000       5.01328879818855      3.628865685760412     0.1465343616231625     0.6089182825354599      401.9758226229378
                   1000      4.834890185344118      5.103375567712344     0.1604417624033103     0.6645035683917573      923.6038423061725
                   1000      7.728372958821185      11.95372871900588     0.1741282666444923     0.7019154757938322      1.409911914559867
                   1000      8.123269272052752      5.914199217628087     0.1708373906933584     0.7106074302723208   0.001863329978412493
                   1000      4.328382489518712      2.290112697338312      0.155089567144689     0.5848969227657554      728.3162583035883
                   1000      5.862949236078681       8.97963992952937     0.1653155951161833     0.5627505835356689      7320.986857148251
                   1000      7.409192010106149     -4.491228506279763     0.1585315218852207     0.5857384392625474     0.4140638721518176
                   1000      8.659335136413574      10.56044673919678     0.1838925978103807     0.7565772985832849    0.01635538247755174
                   1000      6.427325502688269      11.27986423678348     0.1534880737254244     0.6017818721723521       10554.3509189299
                   1000      4.032199053608197    -0.6683722161546838     0.1600432037982054      0.660199397707051      228.9552937239725
                   1000      4.470090516739241      -10.5070874250013     0.1799874854749592     0.5407636907608607      24.17113389398649
                   1000      3.355790627289817     -7.831504443050061      0.163684054685734     0.6233555984087941       344.594631630491
                   1000      4.073987858645493      -2.36705936320926     0.1675852323140528     0.6265786468980951      126.9331892533024
                   1000      4.028241815948169     -6.038884856261615      0.162179970315019     0.6094886816310464      14.92152772751709
                   1000      3.944797768447188     -3.219358432103828     0.1668332301419169      0.568450905068753      90.06578498611086
                   1000      4.524907206296929     -1.912354427939248     0.1691157187554698     0.7339767530297236      2.610123285051654
                   1000      7.519930161803241      8.449595908213833     0.1615900833337511     0.6682320204323823   0.009420509765746576
                   1000      3.086923414384692     -9.263966789377065     0.1686713255748095     0.6343318337515085      791.3487424607968
                   1000      5.589139525170585      2.827190466788004     0.1618035845541686     0.7045062774540437      0.612366755531211
                   1000      3.864717933099202      -5.39175202917213     0.1751577827630829     0.7059236136803965      27.94162872662948
                   1000      3.799569445715412     -6.633068236578421      0.164056081765206     0.6479896575306178       60.9431833497182
                   1000      8.245967671082576      8.249452312231016     0.1526637811863726     0.6314297849932275   0.004315584986408182
                   1000      8.529037632414457       5.68101437961981     0.1698994401192174     0.5814546917428278    0.02451268254328046
                   1000      7.831642166398296     0.2621578739878587     0.1729378882179952     0.5876481608333626    0.02095396654748465
                   1000      7.357611236021207      1.379556317563073      0.160657665124855     0.5763163317596356  0.0003089307370383469
                   1000      7.300947358777914     -2.480983363404566     0.1625433366233486     0.5952131500585227    0.04599194421624617
                   1000      6.548395842187266     -4.119438096896928     0.1535271892116067       0.59977089613027   0.008554280605777074
                   1000      6.104030604016739     -7.555314919975086     0.1741914630121323     0.5464018872149592      1.179163898382652
                   1000      7.263794684901916     -3.697941797255072     0.1649667684075206     0.6143259787880775    0.06207484065128591
                   1000      8.261203831597751      1.625093141731514     0.1609157936016962     0.5519937210513481     0.0124417414967072
                   1000      3.763234246410831     -3.295814503234432      0.146535820238154     0.5600488734113473      215.2311613075857
                   1000      5.399985483282739      5.040967045574422     0.1496196986831271     0.6447172475307698      239.4589068366271
                   1000      5.009824181236954      2.287493679443835     0.1632012418435223     0.6690765214465642      30.96661062381848
                   1000        4.8840350200548     -4.230924902176508     0.1585038471376384      0.631871822115407   0.006860517662434543
                   1000      5.099030189461613     -9.474756448892117     0.1653685780196102     0.5880590257335787      7.876866774417247
                   1000      2.074861764907837     -8.734161376953125     0.1628995008595977     0.6796255624669637     0.4783538083426604
                   1000      4.540902817624216      2.128208862269337     0.1686760327071301      0.584954274559676      703.1194414527947
                   1000      4.975095745636623      6.166436821913016     0.1580991773382256     0.5654636576499498      480.9848682419226
                   1000      3.948561766329896     -4.237307716221754     0.1593563753578647     0.6272394685660395       36.9607782213744
                   1000      8.232151272558134      11.76087034596197     0.1454132248985579     0.5945428518598563     0.4236265270287757
                   1000      5.691206957679661      6.878552971900328     0.1561181004052995     0.6228328868921204      116.6118926221164
                   1000      7.449363388026407      3.427245286449045     0.1622540192010021     0.6248962822329348  7.459295377675281e-05
                   1000      8.593306032721433      3.502483740937084     0.1563562720256622     0.5678041878066979    0.01372331475456187
                   1000      7.961963500966348     -1.542682520629231     0.1631909238478939     0.5563549657286097    0.02667409915617093
                   1000    -0.1482748985290527      5.559974670410156     0.1595726686408445     0.6682013128443812  2.111159028931631e-05
                   1000      3.744593381881714     0.9201807975769043     0.1600939082443973     0.6678500631124542      14.22920321793563
                   1000      2.584720165159225     -6.164548504747933     0.1513303910413418     0.6382456898200441      4833.631417348937
                   1000      7.426230430603027      6.884076118469238     0.1580925234871167     0.6574114821222092  0.0003339395957181377
                   1000      6.809402680390042      6.294608031262438     0.1638918750100462     0.6376636005853826  0.0008240518795194111
                   1000      7.281965255737305       7.18916130065918     0.1583196586754691     0.6584044787966065   0.001997962206725577
                   1000      7.771519989330513       4.10406388735114     0.1668223093731853     0.6092337916398101  0.0006434257171282795
                   1000      3.564966201782227      1.502416372299194     0.1583882986874304     0.6572092278100472      3.986685727793738
                   1000      4.404130527862497      3.085260600546349     0.1688220752353339      0.583753511427725      435.5490617038153
                   1000      4.441846647294973     0.7795990812617453     0.1631998600560989     0.5280836140174077      72.40130758454296
                   1000      7.678606986999512      10.52917957305908     0.1586004882049737     0.6589409012729494    0.03102247518206822
                   1000      10.26476287841797      6.394889831542969     0.1585721199869795     0.6586959313336808  2.241830517479001e-05
                   1000      10.42423820495605      4.569290161132812     0.1586355479162492     0.6579073781473749   2.16357862415626e-05
                   1000      4.317104354914423     -7.673988955513425     0.1608176572924764     0.6183589724261802      4.260313632002236
                   1000      3.092022219721645     -3.538853316233349     0.1545968879259604      0.616415541404176      2087.702227048243
                   1000      1.271198153495789     -4.681597232818604     0.1582752210825276     0.6524171242836068  2.179959881384331e-05
                   1000      4.621532842416335      4.103708365380507      0.166011860582825     0.5750549198504903      535.3292647569808
                   1000      3.218600731144347     -4.807952856891417     0.1543091215285833     0.5620144874380676      3470.438529978725
                   1000      3.530453279936927     -2.361052771990678     0.1612448889076648     0.6105112363681845      1518.472286415007
                   1000      6.173935000535312     -6.717528833600306     0.1486967616837661     0.6206037413673132    0.05582229922664674
                   1000      4.213633671093209     -2.858634355009164     0.1557952258855655     0.5021614371940638      18.82110029644151
                   1000      3.646677408889518     -9.378875176354557     0.1525180794316203      0.570908896220346      362.2990433276849
                   1000      6.066948093041161      8.827129663620449     0.1429540370236829     0.5882122280265329      429.8336217514384
                   1000       3.32021519010065      -5.71074729121643     0.1490406017041992     0.5554162818442914      333.9725801875647
                   1000      3.551622469504286     -3.603186425522024     0.1713202493125522     0.5727707700638636      681.1938267905214
                   1000      4.266611747611147     -6.623108567406904     0.1396710296354856     0.6350669882648967      1.014383504242241
                   1000      4.231178325682572     -1.345507962562326     0.1619183006587087     0.5252581720435717      87.36477902214948
                   1000      4.122028285964898     -7.136749835208464     0.1458631546006412     0.6112142669498175      4.504268969372471
                   1000      3.243403344274801     -4.042704862046337     0.1512115771617297     0.5510639979760915      443.5851253567082
                   1000      3.415713149973865     -8.847314445740885     0.1553585195736189     0.5530081337241538      396.3322578526917
                   1000      5.565151408997995     -6.152627278025691     0.1640234400039902     0.5080409792772385    0.02296589336408338
                   1000      6.850138395906778     -5.159187576899035     0.1538733521091784     0.6042379104722487    0.03709156030141432
                   1000      2.384245634078979     -8.670536041259766     0.1436096126306471     0.6029927384349825      18.33260105618294
                   1000      2.241144325249754     -6.874979611179517     0.1474650162800536     0.5903757157956953       20.6361949080623
                   1000      2.424993353722057     -5.862605202920992     0.1549345274227928     0.4951655640317841      490.7754987751747
                   1000      3.812917232513428      -7.48430871963501     0.1408245218603711     0.5938708092813185      3.364222498544088
                   1000      2.431820154190063     -7.035734176635742     0.1406768721932324     0.5932320850763675      97.39155455802029
                   1000      1.226469755172729      -8.20057201385498     0.1406411245946943     0.5930470403893769  2.702200580544207e-05
                   1000      3.287506449298967     -7.019799123529898     0.1583444894219843     0.5223031907685632      937.7948688797586
                   1000      7.155004633544052      1.411915682854436     0.1578865792700594     0.5022786587082024  0.0002037464077797098
                   1000      7.151580800054388     -1.058294442876541     0.1517192069266086     0.5890126778714718  0.0006148694369727902
                   1000      6.390832713302896    -0.7754787220470676     0.1507891131212512     0.5604012749381173  0.0002368195735896453
                   1000      3.590423617501125     -7.488355949685501     0.1509889425598296     0.5829074665455649      97.14632540653929
                   1000      4.019499609417601      1.174534930058529     0.1468018872770908     0.5455087857282851      485.5431605131045
                   1000      3.854549479048209     -2.708178751403956     0.1580618398002688     0.5614471039046723      104.5992110935153
                   1000      2.160680532455444     -7.580954551696777     0.1387578718487602     0.5847519034464044      3.390056264320217
                   1000      7.211881445676228       4.51241408901902     0.1596507926536518     0.5242076853468525  8.356998931509453e-05
                   1000      4.533998294203403     -4.092909273187967      0.156908198675563     0.5469591779111255     0.2272148860393662
                   1000      8.948193641749006      10.14278957894774     0.1378089128925282     0.5870240188707124    0.01652026193179744
                   1000      4.827347121392805     -8.972754754561986     0.1512029817788491     0.5740822328530688      5.712425223057075
                   1000      2.805417207054869     -9.526617115381008     0.1358170593365594     0.5746479570489295       217.035098510576
                   1000       4.82850170135498      1.052794933319092     0.1379233693166092     0.5799608241516883      4.793330776126439
                   1000     0.6514873504638672       9.51619815826416     0.1377759666792034     0.5795368000661121  2.819241607825424e-05
                   1000      6.849625771689894     -4.452606584009684     0.1572826323838328     0.5075365083926925    0.05848935136934669
                   1000      4.114805221557617      6.261689186096191     0.1369290155800294      0.577385759658929   0.005183815968488951
                   1000      3.047622680664062      7.416668891906738     0.1369148162286686       0.57728125058817  2.848058341796344e-05
                   1000      5.449971416948337     -1.544578233325537     0.1621684224502643     0.4981461551309577  0.0001130225785208962
                   1000      4.980360116710481     -3.244715030981923     0.1535602210468405     0.4978947585797527   0.005826280463537076
                   1000      4.581612586975098      -5.99098014831543     0.1366291679408121     0.5755692526771775     0.0375646061424625
                   1000      3.079170113311081     -4.201861633603938     0.1383035839097846     0.5693905185847093      336.7838177327686
                   1000      3.777262525160429    -0.7477350554897887     0.1586552365526105     0.5196500886547654      652.5450006985905
                   1000      3.573238916598559    -0.7343647247244759     0.1542564055732289     0.5195048181831234      112.9977104563434
                   1000      5.168585672074682      6.269093852258544     0.1537044681351577      0.513944766292477      361.8517606734667
                   1000      5.112325031686498     -3.636026538270261      0.150986987945941     0.5132397842844464  0.0009869445180969651
                   1000      5.092157973201328      4.308752348634018     0.1541956566130225     0.5250633889376652      203.1141023314585
                   1000      8.442323070330069      12.63776211521079     0.1457693174810044      0.555123095387224      0.824514729014409
                   1000      8.242767791909895      9.911802779778128     0.1352515612404358     0.5626832355103825   0.006283827686477452
                   1000      7.831479549407959      7.777713775634766      0.130372476136733     0.5556817274128886  0.0004176236683191059
                   1000      4.639824867248535     0.3819863796234131     0.1304238433252705     0.5553271089464293      5.088444508986952
                   1000      4.635221481323242      6.685342311859131       0.13005299734359     0.5536077235762125      2.241634679427379
                   1000      5.999751895729753      7.713334290561654      0.132100740516858     0.5767946649377703      73.46956727905595
                   1000      4.168783356574119      -9.47670293407681     0.1471471247031764     0.5477436691138627       29.9881779014352
                   1000      5.987267381753304      6.509575592765031     0.1331796856784889     0.5726332810145148      14.71405633947783
                   1000      4.249444428142135    -0.5859164969037214     0.1279559565369144     0.5546651190812834      37.01463770658207
                   1000      6.514201164245605      4.515585899353027     0.1283584307085939     0.5497710504797335   0.004868890345627103
                   1000      7.120784796659631     -4.157248861421472     0.1581312448984017     0.4902345188083137    0.07431508585489158
                   1000      6.146907200916714       1.00012567790177     0.1571443263142668     0.5006118816004127  8.129874361960741e-05
                   1000      5.112472534179688     -2.438274621963501     0.1286191665192736     0.5496906729800324  0.0005130399102503158
                   1000      5.616470813751221     -2.428146600723267     0.1285916181580977      0.549598754569825   3.64046740342283e-05
                   1000      6.831158638000488      4.758901596069336     0.1281297531881181     0.5489339905078541   0.000112102054972507
                   1000       7.42860509871167      10.37358201676512     0.1465951811017832     0.5334006149978574    0.04751635463094347
                   1000      6.225396156311035      6.866315364837646     0.1279651769772593     0.5492936437434087      0.584300944031009
                   1000      3.592874648402772     -6.244115442028362     0.1281452213960455     0.5757648746885309      14.82321101297576
                   1000      7.696573257446289      6.906554698944092     0.1280062001983488     0.5513887900209947  0.0001329914775979792
                   1000      8.173576354980469      4.263884544372559     0.1281769123642996     0.5503619023767057  0.0004774661586639155
                   1000      2.896527762406887     -3.941903471748229     0.1313111224243764      0.550061260271953      181.2081497768467
                   1000      9.267760276794434      4.008510589599609      0.128190673905073     0.5483860504791395  7.776655231493245e-05
                   1000      3.148663997650146     -5.856830596923828     0.1276635320762211     0.5471057426490202      239.6338768860088
                   1000      2.476788759231567    -0.1085050106048584     0.1275739288918505      0.546818566598389  3.226870961410055e-05
                   1000      2.594358444213867     -8.879467010498047     0.1272212191439624     0.5459856595255127      80.14945441584132
                   1000       5.36927532932166      7.595712450366814     0.1507884210253626     0.4974568258861381       531.029759565532
                   1000      7.315854072570801   -0.03819108009338379      0.127361524953935     0.5449686379514093    0.00023503534482151
                   1000      8.439562592919588      4.714921207496516     0.1501594963655644     0.5064844213470721   0.003552164516294263
                   1000      7.446962456182564     0.8103613264103235     0.1515470808422515     0.4911813681610949  0.0002929606961951827
                   1000      6.683007771677109     -4.877371367637106     0.1506339477544126     0.4748515059895381    0.04547950074351112
                   1000      7.090618574099417    -0.2196218927850547     0.1326716000785515     0.5835989957589938  0.0002821663815232138
                   1000      6.546167482756341     -2.667528549213562     0.1303588355005954     0.5441631583089183   0.000499429897783179
                   1000      7.587731838226318       2.97202730178833     0.1269097644840196     0.5424145409232802  7.497974162939214e-05
                   1000      9.035864289136619       9.52981604130116     0.1510558528531098      0.498732287233391   0.004206824640080126
                   1000      7.552656719654996     -2.250825741662613      0.162412841089682     0.4990955653125826     0.1057932030965323
                   1000      5.817760593027249      6.333308837129674     0.1360766340513623     0.5420970051306674       14.8357361575933
                   1000      3.995164155960083     -1.539402008056641     0.1276283561108267     0.5414861112758723      25.48429820734361
                   1000      6.401000022888184      3.822244167327881     0.1271207229236013      0.540268758495188   0.003995931629207126
                   1000      3.995840549468994     -7.568667888641357     0.1260448024129097     0.5363209374220514      2.286991156215008
                   1000      7.826085777999426    -0.9824376938052037     0.1530657729063003     0.5075856848678801    0.04322394012026956
                   1000      4.602048670667221      -6.90654650321139      0.152413135381549     0.4926486663786158     0.3653898164972885
                   1000      5.384467124938965     0.3891336917877197     0.1261403514211355     0.5350137356827576   0.001949735619928963
                   1000      6.522464592702252      5.647155595394023     0.1424578104423141     0.4997895947750302    0.01369469187781649
                   1000      4.309706687927246      7.404757976531982     0.1255240622992207     0.5339505430113624   0.003922726341050461
                   1000      4.728841781616211    -0.3905560970306396     0.1255045585979838     0.5337566324649526     0.9709087120521619
                   1000      4.888032289053155     -6.858475683077407     0.1443133855218511     0.5143558018081235     0.2485432228335162
                   1000      2.831532955169678     -4.502248764038086     0.1255897811423665     0.5357149809462595      204.2818022379813
                   1000       4.27130124082325     -10.89658009510333     0.1517266105542945      0.490828136614763      12.82179728008484
                   1000       5.34847158393702       5.92044739426809     0.1532649641730642     0.4968020924601689      194.8652112574227
                   1000      4.163480900675057      2.439372144411774      0.155331887008429     0.5135440325488443      201.8453713246522
                   1000      6.022594858776295     -5.612054687032368     0.1516251516675781     0.4768517812496357    0.01217986534901566
                   1000      8.245805740356445      11.11010360717773      0.124394364271401     0.5322204562501481    0.02207995530263414
                   1000      6.605895042419434      8.872171401977539     0.1243904042406158     0.5321228597268715      1.143041795839012
                   1000      8.914948844758388        10.804586427866     0.1467424803935022     0.4977986102583575    0.01575535309905135
                   1000       8.04870858779031      9.913433826385313     0.1469734066729483     0.4892626271338024    0.00731114974523568
                   1000      7.085331131937233      10.28457567389955     0.1244168046930725     0.5419675615498123     0.4467167828335667
                   1000      5.587420463562012     -6.852956295013428     0.1240656223895398     0.5317698744378689   0.009443031073201973
                   1000      6.950307612531661     -1.557973898360259     0.1520416930476129     0.4932475310003133    0.00061938908211229
                   1000      6.298529624938965     -1.704954862594604     0.1234123167177683     0.5297106327127634  5.223339528391851e-05
                   1000      7.728896141052246      3.311463832855225     0.1233568433762512     0.5295626826370669  0.0001246039777899585
                   1000      7.955347061157227      2.127889156341553     0.1233393886240091     0.5294964075558383  0.0006159907284620229
                   1000     -5.785799026489258     -3.380639553070068     0.1235199538140349     0.5278919245936604  3.452296816891769e-05
                   1000    -0.9793672561645508     -3.987665414810181     0.1251282003025196      0.527833818425017  3.408272977882578e-05
                   1000   -0.08425420522689819     -2.351073026657104     0.1256946736193346     0.5277513585955432  3.393442909050571e-05
                   1000     -3.915646076202393     -4.056177616119385     0.1260002416871677     0.5277006930633079  3.389353270703392e-05
                   1000     -23.11509972944964      1.168254484850647      0.150491084496727     0.4804789465455469       1.79795285937467
                   1000     -23.52890766157205     0.5349234076378465     0.1541141852314077     0.5045077888339571     0.9332416033613904
                   1000     -23.07758262077627      2.508074248078408     0.1525926481179563     0.4977862308649953      1.607031677214031
                   1000     -22.98785571019928      5.382566394400019     0.1475731632774425     0.5072161431832904    0.03748213365141743
                   1000     -23.25195306932197        1.4028885399315     0.1504364923002909     0.4921863103056233      1.880387546445476
                   1000     -23.05939685420545      3.027977880310927     0.1454193331640961     0.4951512044504953      1.321374330193657
                   1000     -23.27165887079777       2.03690564932965     0.1471540078436344     0.4994263120578937      1.284304664909889
                   1000     -23.29960997303618     0.5560375877272874     0.1579103081632394     0.5334247422441826      1.193221617025093
                   1000     -22.57968599732735       3.62682166477701     0.1542442890719436     0.4728800094536764    0.00203098907990091
                   1000     -19.91617251132675     -0.489510997175268     0.1545465292536689     0.4999723774218131  0.0002697071982413778
                   1000     -22.69762629020745     0.7890892812818321     0.1512467624106177     0.5135256870123119     0.0390386456857967
                   1000     -23.02054162050769     0.6093284114432806     0.1539391673706916     0.4923477239382339     0.6343254370791882
                   1000     -22.52280078591102      6.566632022067939     0.1509262867954604     0.5700504563380957  0.0006883359257738028
                   1000     -22.35800423136676      7.353056986706903     0.1598715466585769     0.4895607042630409   0.002047642166005141
                   1000     -22.96464079196573      4.604876489044256     0.1557154553915146     0.4949870237779192    0.03686368680178272
                   1000     -22.25848758989092     0.5575153273484182     0.1536588970210973     0.5270051551584498    0.00706875823952966
                   1000     -23.07384751551484      2.004262656807715     0.1493311478803997     0.4805682005158763      1.490008779328308
                   1000     -23.01458061098619      6.216309194033711     0.1502309746991357     0.5126355870660505      0.014204756038371
                   1000     -22.37255747905606  -0.007404587282845262     0.1529580833058276     0.5269937868581487   0.004666606750835895
                   1000     -22.60630454096021      1.783076914766737     0.1478155488361663     0.4787704312050173    0.02235789773084111
                   1000     -20.14175609396388    -0.2410270832540123     0.1525267184589884     0.5461586659651257  0.0002826943183683623
                   1000     -22.09447558168576   0.001407063453725209     0.1606489220353574     0.5256341264016333   0.002971119324411168
                   1000     -21.63149456460178     0.5934192792404945     0.1566287354889566     0.4914777950077428   0.003116171977964178
                   1000     -21.82230926513353  -0.002736622229097318     0.1584583409062607     0.4772553987223525   0.003044084357719844
                   1000     -23.79305396813262      2.311035828480918     0.1534181134053135      0.493796083926996   0.001391403193563519
                   1000     -22.75193207717295      4.472393623031412      0.150737852348344     0.4903496772570271   0.008139874825247018
                   1000      -22.4488939458397      1.211432246212497     0.1466842108681758     0.5065469362597426   0.009302250033381155
                   1000     -20.37626783644313     0.1737060742073591     0.1631768116856536     0.4792026615352364  0.0003941161943767443
                   1000     -22.04578048010145      1.091030628855446      0.149118211412451      0.484495499786417   0.004233230410096455
                   1000     -22.79761302240014      6.984129058951948      0.166284421663867     0.5213811905150314   0.006022997385143232
                   1000     -23.79011364838434     -0.493185945520105     0.1417265958885784     0.4526798314579182   0.002831596016637223
                   1000     -22.32332517734468      10.04235037381078     0.1487889678656764     0.4821522136566815  0.0002207114687195473
                   1000     -22.43475271875321       10.7087366687621      0.168831496405102     0.5189339435644338  0.0008268785894861735
                   1000     -22.16331756600094      7.740317051187836     0.1581226541321781     0.5385007457380478   0.003238628972761574
                   1000     -21.49120455160161    -0.7642293263566563     0.1523207607575409     0.4948290562411493   0.001523418584146603
                   1000     -22.43923697076712      7.960737456881601     0.1603983353588623     0.4801249102031178   0.001542864343360503
                   1000      -21.7741212344726      1.487666016020318     0.1667208704491921     0.4904308466576583   0.001300531333919272
                   1000     -21.34270225424767    -0.1996847818911594      0.172882858370401     0.5183717857420892   0.001594518904500285
                   1000     -21.89166748711913     0.6517909097094349     0.1645718266395494     0.5039438612939078   0.006014862500323447
                   1000     -22.71287853011442      8.187757957147589     0.1562337619928108     0.4906709441943297  0.0002465327682526483
                   1000     -18.33561127954759    -0.7101245212316417     0.1567265410807183      0.488482193402072  0.0001617736194173091
                   1000     -20.84626669773192    -0.2129310141729123     0.1599538349099755     0.5764031679080767    0.00179809847988779
                   1000     -16.61044965965827     -2.594310727431603     0.1449478709923141     0.4807780435412572  7.067360828539508e-05
                   1000     -21.85794856204044      9.307591781485424     0.1487328649876712     0.4773054770005105  0.0003406954759712034
                   1000     -20.61500517628306     -0.707393758809429     0.1691002877123791     0.4854210990866534  0.0009604643324190244
                   1000      -21.1302114021994      -0.57944950368915     0.1622827916211626     0.4740376740829901  0.0009741894183254985
                   1000     -22.47732669337754      5.377447542034356     0.1522955632796271     0.4846038067506297   0.001182330173856822
                   1000     -22.03371951466663      11.06519078054033      0.149107089437954     0.4700797852094616  0.0003121420741065913
                   1000     -20.88364219665527      1.863722801208496     0.1461106269452617     0.4938507186440747  3.120467947351898e-05
                   1000     -18.94606832672797    -0.4033796082914978     0.1531015747885944     0.4737311935132352  0.0002579635933992185
                   1000     -21.57347393854206    -0.1739236831102483     0.1510767440015825     0.5311052108613877   0.002317285780526181
                   1000     -15.07241821289062     -4.193507671356201     0.1459326998943633     0.4924874040836044  3.132124645539031e-05
                   1000     0.7359969615936279     -8.404181480407715      0.146972803320189      0.492497105197473  3.110405624771721e-05
                   1000     -12.37744522094727     -3.862634658813477     0.1496197639814865     0.4925592203646384  3.054494610379453e-05
                   1000     -19.84885521692667     -1.339397445770596     0.1598802525620252       0.49052079245273   0.000359527276396725
                   1000     -22.13126911512779      4.535166402432718     0.1768532966478294     0.4891713009490647  0.0002481052225958515
                   1000     -21.99721535773199      10.17786751566179     0.1503813901404168     0.5077840413601841  0.0005259017946322405
                   1000     -22.42528731048731      8.874644954081345     0.1582246345965417     0.5093962092265408   0.002043728711789987
                   1000     -22.27651733615357      2.629105598164475      0.156851235422552     0.4788498609337196  9.733672900369764e-05
                   1000      -22.7666869645184       1.67565335780142     0.1490617862602863     0.4705261596429926     0.1079454930341303
                   1000     -23.43451366240354      2.197311221618126      0.150618012419131     0.4809841734855207     0.2384953173322846
                   1000     -22.26168241493642    -0.8920306160382647     0.1481855429402051     0.4921080704198253  0.0002083666083531774
                   1000     -22.82034246194858      3.788799034798379     0.1516546769954147     0.4921965517611958    0.05038863118722705
                   1000     -22.74674873202978    0.08714062410347755     0.1509001378860902     0.4645124467644298    0.03082349771123145
                   1000     -22.25846023011066       5.63677868118429     0.1560987171255495      0.491298414561832  0.0005856666312020523
                   1000       -21.514292710891       12.8486703718353     0.1497976899585884     0.4824421617002347  0.0001300044977828258
                   1000     -22.55112386027131      9.584184042912613     0.1485070046255776      0.515502660718981  0.0009557788370475938
                   1000     -23.85419273376465     0.6465425491333008     0.1487395409908902     0.4884245824405873   0.000282124152997144
                   1000     -22.14831413865935      6.282476796868139     0.1552849584531731     0.4772932669021573  0.0008380853512103058
                   1000     -23.04649568234953    -0.4514017795806576     0.1439132419415435     0.4680294601019023   0.007610789498780508
                   1000     -23.88689613342285     -1.355856895446777     0.1484542522006345     0.4874327613274598  3.218235610689495e-05
                   1000     -22.20862582003428      7.033856668152673     0.1470511080595869     0.5086779405858539   0.001206789966472962
                   1000     -22.31420452432759      4.062381163180142     0.1504274672162375     0.4736632964054214  0.0006293665538590443
                   1000     -19.33018426379723     -1.015534549669823     0.1561354092575734     0.5597826940111137  0.0008877695256896752
                   1000     -18.89018210146789     -1.526757024437261     0.1529496814946536     0.4752480014730634  0.0001689957742373764
                   1000     -20.57257000290707     0.3379520201655682     0.1523434271006811     0.5168409053535744  0.0003178073858070585
                   1000     -24.13686671241658       0.63593396604696     0.1447831968141588     0.4877581066804668  0.0001192020068689121
                   1000     -23.13085776807028      4.573815579640418     0.1427682159055958      0.502464927343109    0.02736282523126569
                   1000     -24.04026031494141     -1.062064170837402     0.1475991863936565     0.4835911731020952  3.378609283955199e-05
                   1000     -22.99066986010834       6.72436104515498      0.159385216642864     0.4784608591133123   0.003467226389820335
                   1000     -19.66346158018107    -0.7835228985942021     0.1519396445395476     0.4752490303957077  0.0001434814068144928
                   1000     -22.41780090332031      3.077924728393555     0.1470644577654467     0.4819294904456712  4.537666631092207e-05
                   1000     -16.17344856262207     -2.719542980194092     0.1470382971124607     0.4816923225816571  3.181876930960909e-05
                   1000     -22.69601213670046      2.237573160297608     0.1444744382189377     0.4792135566491989    0.04777172755108087
                   1000     -19.65280043983746    -0.1447660032781611     0.1509708915602176     0.4859819233561707  0.0001605950438447332
                   1000     -21.55927246763657      8.204671973612649     0.1477525819110889      0.473606456841856  7.631241597079634e-05
                   1000     -17.62971496582031    -0.8196144104003906     0.1464469395674731     0.4784056542773078   3.21299966612292e-05
                   1000     -20.06561088562012     -1.584672927856445     0.1464336791445974     0.4782824009022723  3.945466337662785e-05
                   1000     -23.03542709350586     -1.496975898742676     0.1463798937572902     0.4778364672854623  5.766750584408577e-05
                   1000     -20.35749465372012    -0.7847514058418308     0.1536169698842738     0.4939697093370659  0.0009131640951711847
                   1000     -23.42283533505583      1.311671036401314     0.1451766465859679     0.5086095752373739      1.084872399116171
                   1000     -22.89952665073397    -0.1780917989194451     0.1458928924027635     0.4748441682775074   0.002738139538298712
                   1000     -21.11366133295787     0.3975560358384284     0.1640463337963541     0.4784306746868278   0.001104590794541466
                   1000     -21.05972621975836      1.398213266947123     0.1554829648285323     0.4741388520013775  0.0001264480147361178
                   1000     -23.03526882374577      8.001602135701685      0.154198667070413     0.4975951441947489  0.0003954868524806699
                   1000     -22.69803213740449      5.485729085658787     0.1509926748779707      0.503207737233747   0.004996088414475274
                   1000     -22.01322898943215      5.752159684272407     0.1547736654200482     0.4967637347901576  0.0003092115894695706
                   1000     -21.95525160857302      7.166782379625172     0.1558516905715137     0.4680988258703859  0.0002493033883889992
                   1000     -16.90423202514648     -1.201607704162598     0.1457700279838366     0.4745847247969361   3.25453989497325e-05
                   1000     -21.65670853838308      10.34439771526158     0.1447226164016146     0.4868458048746261   0.000174360721868319
                   1000     -23.20083228882604      2.841137687282437     0.1440039533488665     0.4683271849379542     0.1565096733571576
                   1000     -22.39984703063965        2.3375244140625     0.1453627006257858     0.4729280823935881  0.0001236796180864973
                   1000     -20.50347328186035      4.326178073883057     0.1453297029607082     0.4728012141205148  3.276074826766278e-05
                   1000      -22.9389839573852      1.352772275472313     0.1536636796718043     0.4797551761806716     0.2508845419044332
                   1000     -18.45382924753578      -2.14559757573825     0.1457996330559281     0.4705159894368821  7.035122430367466e-05
                   1000     -23.42750248235382      4.778591841506456     0.1468754080187731     0.4937957005581469  0.0001646256417206793
                   1000     -22.85099253420812      5.722897494694555     0.1453518995315376      0.490708445361288   0.001554202794595331
                   1000     -22.28965676950143      9.309794823999454     0.1496667272289641     0.4621272334386685  0.0007758225808670431
                   1000     -22.83865547180176      9.185758590698242     0.1448359655418155     0.4707314998503067  3.773390330351269e-05
                   1000     -21.43359771306939      1.690331341946177     0.1449126273323122     0.5041041366768356   0.000167509002411558
                   1000     -22.10755819478469      12.21700665714685     0.1536885803193615     0.4708700313508137  0.0002490992667337353
                   1000     -21.88296589813742      12.25154298084845     0.1473978770424073     0.4884340767807132  0.0008402058614818822
                   1000     -23.19169286944243    -0.3660109943819529     0.1463910798984648     0.4762827836943712     0.0275199851702829
                   1000      -23.2922306060791      3.798531532287598     0.1445169206227492     0.4700153131759561   0.001612506919433303
                   1000      -17.5892162322998    -0.3138465881347656     0.1446428830939561     0.4700099452397933  3.508198065352001e-05
                   1000     -21.66610106536827     -1.162228894278214     0.1422764600583732      0.474150743971175  0.0002061119422164798
                   1000     -22.79195401593693    -0.5130782008935186     0.1478240609540269     0.4584255686970563   0.006848332220372821
                   1000      -21.9612454669641      8.692961545216596     0.1550078306485621     0.4783252663395082  0.0003857923714924561
                   1000     -22.16999398428378      11.71404935660466      0.163148864666635      0.471367684922024  0.0007135900565007275
                   1000     -20.95890331474541      -1.91554327255879     0.1444673258221374     0.4841640045426543  7.611063356990763e-05
                   1000     -20.67225074768066       1.34879207611084     0.1443927740843937     0.4688157634073242  3.610330557362969e-05
                   1000     -18.53982359601607     -1.311114694843688      0.154135191661483     0.4980569203323863  0.0001344820043994341
                   1000     -24.08106397696448      1.354969627539252     0.1457294621050616     0.4755399882472538  0.0003193400100711133
                   1000     -21.89705657958984     -1.002581596374512     0.1442617516933802     0.4682475323785049   6.22420866345701e-05
                   1000      -7.11985445022583     -5.260038375854492     0.1441305087616072     0.4676831566474347  3.355322621699446e-05
                   1000     -16.77302583818884     -2.254351232759313     0.1426834024383749     0.4986338802675371  7.871822115690253e-05
                   1000     -22.12715230145902      3.405309189061199     0.1444965952617681     0.4706768753178234  0.0003317665136490774
                   1000      -23.5584774017334      6.454443454742432     0.1440952595400841     0.4674542777097317  3.449277378654881e-05
                   1000     -21.73256164549043      9.756984393471244     0.1517698503542789      0.500603819434275  0.0003927611745928523
                   1000     -22.12180137634277     -1.036510467529297     0.1439847636544598     0.4670449291149401  6.563721998233071e-05
                   1000     -17.91296905064337     -1.032772451294467     0.1589946412076902     0.4640314176650134  0.0001246472875685335
                   1000     -21.57053575011727      12.10339464991026     0.1467193316152575     0.4634672209789822   8.27803439001005e-05
                   1000     -22.44642992983291      4.599563740704606     0.1477071784225801     0.4795958576970143   0.001120154637990736
                   1000     -21.71883201599121      8.875795364379883     0.1436464551373196     0.4661372210379672  4.690494829496231e-05
                   1000     -17.45909881591797     -2.303394317626953     0.1436336303262202     0.4660923972719006  3.364128901036777e-05
                   1000     -18.18437194824219    -0.9091043472290039     0.1436222951916291     0.4658968389225383   4.13086933673429e-05
                   1000     -17.03260310335516     -1.811229981158394     0.1522194811358757     0.4573231554323293  8.159060470425151e-05
                   1000     -17.71301078796387     -1.322891235351562     0.1435437637202265     0.4652239061395146  3.640043404683221e-05
                   1000     -18.63057670695164    -0.4286427516668318     0.1620332396322088     0.4817495326244194  0.0003217957839980305
                   1000     -20.96987533569336      5.671243190765381     0.1432268564412512     0.4624710378966009  3.398466392388133e-05
                   1000     -19.13581848144531     0.6851100921630859     0.1431630744356249     0.4622423875173961  3.491384483299643e-05
                   1000      -20.2452392578125     -1.546666145324707     0.1432080552242905     0.4620197756710415   5.46940977710919e-05
                   1000      -21.1091251373291      4.461530208587646     0.1432088090210004     0.4619705710632304  3.411150930515388e-05
                   1000      -22.8259449005127      9.700021743774414     0.1431926276397801     0.4619784940406542  4.298943551843737e-05
                   1000     -20.12809181213379     -1.119231224060059     0.1431721874076983     0.4613456353583147  7.941653047366238e-05
                   1000     -21.89815624397047      4.841662845955602     0.1434040578203383     0.5098676488705766  0.0005231323185731733
                   1000      -22.1078535623051      10.54843224019873     0.1454265458037706     0.4650410777366188  0.0001812366484687767
                   1000     -21.75426654227918      12.75638104660957     0.1426846930583185     0.4972588471292431  8.499389734761351e-05
                   1000     -22.70442035738047      10.04284622260373      0.142326782586839     0.4980449937650638  0.0002809971050237283
                   1000      -22.3810298677477    -0.5583032795301717      0.142347781673743     0.4618152997273895  0.0007383657178499632
                   1000     -23.10661656813131      3.540840007343127     0.1463970015557255     0.4676159099211667     0.3291836424576348
                   1000     -22.34038137124338      6.567072822037327     0.1465856260179579     0.4897544999439155  0.0005351250217440242
                   1000     -23.91856384277344      0.205601692199707     0.1425635584243014     0.4592098235368554   0.001888204951269622
                   1000     -20.41815164194481      1.037062516523903     0.1479183293596519     0.4613046954872885  0.0001779752838696717
                   1000     -18.90894145507805    -0.9837717329731306     0.1425508806657246     0.4551927192519268  0.0001227251602208257
                   1000     -19.49981307983398    -0.6619358062744141     0.1425868713827367     0.4587362982161711  6.703569111262829e-05
                   1000     -17.20943260192871     -1.522648811340332     0.1425858400954249     0.4585736642290607  3.595518293882134e-05
                   1000     -17.73095321655273     -2.559172630310059     0.1426078672501943      0.458521686424844  3.518656066220914e-05
                   1000     -24.32220649719238     0.4934043884277344     0.1426078068961787     0.4584675170473573  4.533899791863036e-05
                   1000     -21.43537803193231     0.7006790108484863     0.1462790784666625     0.4973290628746708  0.0007728931746647653
                   1000     -21.32880973815918    -0.9836397171020508     0.1425176136327353     0.4576908205705821   0.000178101401162747
                   1000      -21.3576717376709      3.038305282592773      0.142519953811246     0.4576497320003567  3.502830054780074e-05
                   1000      -22.7958439904306      6.382216065644305     0.1454101304045922     0.4942796590839667   0.003744734916254336
                   1000     -22.85383987426758      2.461219787597656     0.1424166503848648     0.4573447962563067    0.04763791184194776
                   1000     -22.02219870914394      5.182266041285223     0.1525234475989541     0.4536660424170494  0.0003613530536068642
                   1000     -17.12774658203125    -0.9216547012329102     0.1420925392541275     0.4565001410174978  3.786514491299397e-05
                   1000     -19.30453491210938   -0.07884311676025391     0.1420884609676711     0.4564628320900788  5.585798950170841e-05
                   1000     -17.24652671813965     -2.881294250488281     0.1421206040508689     0.4563360725056503  3.554227558838966e-05
                   1000     -22.34299112035982      11.34762339393573     0.1506002030955613     0.4680584203607446  0.0004614258281592784
                   1000      -22.9083080291748      7.765523433685303     0.1420577391248964     0.4564092338865121  0.0001118330372176395
                   1000     -15.78041458129883     -2.022426128387451     0.1420824937622961     0.4562894076037187  3.476348273735095e-05
                   1000     -23.14294624328613      5.913063049316406     0.1419435166210621     0.4554577761874674  0.0009582181568491069
                   1000     -21.43335723876953     -1.304802894592285     0.1417571928045427     0.4546698794452708  0.0001319973312456205
                   1000     -23.71908950805664      6.981230735778809     0.1415403732657343     0.4539980245984688  3.638749784044025e-05
                   1000     -23.67020038402323      1.841092249220699     0.1435476526063185     0.4869398618015049    0.04022375860342251
                   1000     -17.29784393310547     -1.056570053100586      0.141456337394349     0.4535993587909452  4.060004871859236e-05
                   1000     -19.19060325622559     -1.790555000305176     0.1415354671837009      0.452755215462111  6.213600806614992e-05
                   1000      -22.4498462677002      -1.71530818939209     0.1415536034672113     0.4525153234714402  4.200811425874027e-05
                   1000     -24.17526245117188      1.876931190490723     0.1415393069185065     0.4524116874560448  5.426965434807534e-05
                   1000     -23.54018783569336     -1.856097221374512     0.1416141269125147     0.4519113517482445   4.27745289266137e-05
                   1000     -22.49578094482422     -0.827204704284668     0.1416236745164928     0.4518635745580115  0.0002823572878159996
                   1000     -17.62203598022461     -3.313958168029785     0.1416234668329742     0.4517319733990576  3.642376181345036e-05
                   1000     -21.06924819946289     -2.855608940124512     0.1416214287169792     0.4518090861040315  3.635846113169176e-05
                   1000     -21.68939971923828      4.281258583068848     0.1415410096831291     0.4513608233395259  4.545014123380385e-05
                   1000     -20.79662989783751     0.4785430076409071     0.1570165325471853     0.4506589315895292  0.0007703727925646373
                   1000      -20.9315071105957      1.011251449584961     0.1414699743607263     0.4513152159035347  9.130232619187703e-05
                   1000     -16.09350541851619     -3.571880163042978     0.1426832765352206     0.4749759564266844  7.674455951046577e-05
                   1000     -23.90540504455566      1.966897964477539     0.1416362207527997     0.4512486551987266  0.0009027760359777849
                   1000      -23.0464919783856       9.13357794896231       0.14199671400814     0.4516151110698767  9.151369347089159e-05
                   1000     -20.70813751220703      6.817659854888916     0.1414797267381856     0.4508593566714107  3.533090910777983e-05
                   1000     -21.62522296875228      11.08097928103776     0.1420140630896835     0.4500242280070944  0.0001023534248466045
                   1000     -21.34580993652344      11.74245834350586     0.1413950485729306     0.4506111325570619   3.87412914194693e-05
                   1000     -21.78912734985352      5.620995044708252     0.1413197201778797      0.450393632061229  7.195502310420166e-05
                   1000     -21.98327255249023      7.840865135192871     0.1411877653191196     0.4499844636834225  0.0002385632393950005
                   1000      -22.7438850402832      11.23240089416504     0.1411129038059686     0.4497757187187541  5.239772333714844e-05
                   1000     -21.15251350402832      12.61845588684082     0.1411002984954325     0.4497585742744802  3.659196473977199e-05
                   1000     -21.94575691223145      6.242526054382324     0.1410851920108648     0.4497158298019183  0.0001175002807993689
                   1000     -19.18647333171147    -0.6385188781338926     0.1410949776003104     0.4624450126881136   0.000234945537916109
                   1000     -22.80653001057905      3.295982561323839      0.147852839609903     0.4548701099934503    0.05347660016441484
                   1000     -21.61297988891602      2.636381149291992     0.1411729843974625     0.4496084323513339  4.269538676125565e-05
                   1000     -21.37790298461914       3.63930606842041     0.1412533394361761     0.4493232554900418  3.806210491222321e-05
                   1000      -23.3617057800293    -0.1392889022827148     0.1412698756459733     0.4491938467752463    0.05366706811299481
                   1000     -21.89734268188477      10.74527645111084     0.1412401863803451     0.4491452869213219   0.000105741578830338
                   1000     -22.29516936853769       8.46346074962055     0.1577976547423018      0.455718849020971   0.001147997706596052
                   1000     -23.58427063781472      3.913975504612193     0.1410269134326787     0.4597783798799581  0.0007220878496866607
                   1000      -21.9758243560791      11.66160011291504     0.1409718114946331      0.448547530941258  0.0001314050594498211
                   1000     -21.95725059509277      12.75807189941406     0.1409404340989601     0.4485449375990883  9.888348981187802e-05
                   1000     -21.21265029907227      9.767754554748535     0.1409264136360797     0.4485191365562098  3.589733546543145e-05
                   1000     -21.63770294189453      1.994868278503418     0.1409173559568404     0.4485320282258096  0.0001347598415325555
                   1000     -21.52919151837248      1.280471669867409      0.141652251460925     0.4517524785051966  0.0006097763957659324
                   1000     -22.60668182373047    -0.3208551406860352     0.1408862169559746       0.44785625890252   0.002515568510470372
                   1000     -23.59853172302246      3.306473731994629     0.1408778352986796     0.4475752597321901   0.001671438688191209
                   1000     -24.31765365600586    -0.1089773178100586     0.1408718143267762     0.4475277354029987  4.590443284078807e-05
                   1000     -19.61636734008789     -1.494157791137695     0.1407543743202537     0.4469804729909823  7.787833821712969e-05
                   1000     -22.29298653823462      1.471795165533138     0.1416057913257852      0.474577995329196   0.002594788451912773
                   1000     -23.76000595092773      1.374343872070312     0.1406721636296728     0.4467846527785541    0.01788877934263172
                   1000     -20.41133117675781     -1.376509666442871     0.1406589286346412     0.4465323346759342  0.0001266173159573683
                   1000     -19.95045471191406     0.3966474533081055     0.1406362513682856     0.4463980507067502  5.729188641840878e-05
                   1000     -15.69321441650391     -2.475260734558105     0.1407681479103244     0.4460984826819839  3.847946024082176e-05
                   1000     -10.15851020812988     -7.947052955627441     0.1420296349156532     0.4461677479078023   3.55230001512923e-05
                   1000      7.431295394897461       4.05329418182373     0.1530626219595682     0.4463321966825313  4.859677122778223e-05
                   1000      5.876015186309814      8.118129730224609     0.1598324082962485      0.447833033024826      154.3484863838761
                   1000       4.73784351348877      2.135343074798584     0.1599880726063333     0.4484111818142523      53.35336126826474
                   1000      5.177089214324951       1.91429603099823     0.1599649442435911     0.4485011146992665      2.526770982817747
                   1000      5.431037902832031      3.718130588531494     0.1599226758594409     0.4493798725874875      5.046525549883731
                   1000    -0.2776370048522949     -9.328371047973633     0.1599199762300149      0.449570212289121  3.131025013378486e-05
                   1000     -3.233104705810547     -8.756990432739258     0.1601592805562871     0.4496201996234024  3.126085885038331e-05
                   1000     -8.871463775634766     -7.152270793914795     0.1610136428733243     0.4496658081132972  3.109096773320831e-05
                   1000      4.012554510319202     -9.584558010514517      0.159444911679956     0.4608746502604343      66.52123229585501
                   1000       3.50070112087644     -6.731163883408586     0.1695427358312566     0.4561596170079587      50.53446508718443
                   1000      3.947707414627075     -10.95509052276611     0.1605948225802184     0.4485567017341073      15.83738902603355
                   1000      7.468606901807523   -0.03852441225997523     0.1657739487391926      0.451851093356448   0.001064110364095134
                   1000      8.980480194091797      8.744274139404297     0.1604434392178624     0.4482505546071818   0.002947556094021108
                   1000      5.385684013366699     -5.858382225036621     0.1604264089976521     0.4505069790287058   0.003185567824537536
                   1000      8.026066780090332      4.827028274536133      0.160408294416268     0.4506040350982086  0.0003015169918737307
                   1000      7.072273299862717       3.17968514771239     0.1665812437867403     0.5010437548929939  0.0001148311124204965
                   1000      6.893374509632205      2.611097196952814     0.1608282873831009      0.451211997974383  6.796967888148908e-05
                   1000      5.024037955480714     -8.669648977832862     0.1611435251847728     0.4744375222599308      2.048195576883255
                   1000      6.989999771118164      4.241400718688965     0.1602780489233624     0.4506625830166568  4.745698865856117e-05
                   1000       5.29263973236084      -9.31169605255127     0.1601866559292983     0.4505453640278436     0.3861757713562171
                   1000      4.653837203979492      -8.98296070098877     0.1601634209329022     0.4505999896197668      1.387759788061698
                   1000      6.999335018480389       -5.6938053365846     0.1632205109091605     0.4604106354722416      0.135680222756821
                   1000      5.267850875854492     -7.365634918212891     0.1599487567455852     0.4498059205111973    0.09117721440227362
                   1000      5.206685892615696     -6.934535902002118     0.1602554867136222     0.4500630914546132     0.1523235918078127
                   1000      5.070974349975586     -4.615626335144043     0.1597710143928101     0.4499349357997106  0.0004464793513200378
                   1000      6.271806240081787     -7.226524829864502     0.1593310904654747     0.4495026575304564    0.07282653072265459
                   1000      6.103139400482178     -4.551719665527344     0.1592851962514572     0.4493925957358589   0.001888729195280853
                   1000      8.494311332702637      2.884770154953003     0.1591128594328927      0.449355040344433   0.002467142728980678
                   1000      8.728389548042816      6.135755992476698     0.1622832338582015       0.48807973228126    0.01081228876123317
                   1000      4.277630805969238      4.779830932617188     0.1592655835276139      0.451658517593614      3.183097570767915
                   1000      4.286316871643066      -2.26412558555603     0.1591864103099364     0.4515418586843065       4.58263742181766
                   1000      3.251861333847046     -9.999303817749023     0.1591364975464135     0.4525928005174388      31.18502666711656
                   1000      4.282061576843262     -10.03289604187012     0.1587703555097017     0.4526223345450021      7.398956601259558
                   1000      7.987414919226388      4.207317014028713     0.1596474148388072     0.4540917611748866  0.0009194248767571368
                   1000      7.522029713545058     -3.877691395776117     0.1684383192308045     0.4589492561175336     0.1604550170963229
                   1000      5.286105632781982     -4.119606018066406     0.1587025419480027     0.4523810153074715  0.0001333577388095984
                   1000      5.652102947235107     -1.354409217834473     0.1586922203651144     0.4523374475077431  3.580329568462638e-05
                   1000       7.48105525970459      2.365183591842651     0.1586653696196085     0.4523162921327162  0.0001098126365644741
                   1000      6.383811473846436      0.905325174331665     0.1585942339587706     0.4521530581267771  3.363761635668446e-05
                   1000      7.726621613780151      6.166916721849987     0.1657709728047598     0.4520503920782129  0.0001326018879395513
                   1000      6.594886779785156    0.02772283554077148     0.1585055741521109     0.4521089284390089  5.962825305058394e-05
                   1000      6.451450824737549     -2.179290294647217     0.1584902595226501     0.4520687025946726  0.0001198302562674282
                   1000      7.406854629516602     -3.117248058319092     0.1583433231315343     0.4519133124017847    0.03248830815328984
                   1000      6.712877750396729      2.719102382659912     0.1583162615998187     0.4519156444033562   4.01126117764794e-05
                   1000      7.581247329711914      5.133517742156982     0.1583013700952947     0.4519233481913028    4.5964210749751e-05
                   1000      6.892233848571777     -2.474472522735596     0.1582859709271585     0.4518904272903476   0.001659988387190101
                   1000      4.431376457214355     -6.144132614135742     0.1582780506013713     0.4518998827735302     0.1162079354812069
                   1000      4.782532215118408     -2.611972093582153     0.1581390089714454     0.4516736404245038     0.0432200440277688
                   1000      4.976817607879639    -0.2381343841552734     0.1581111459782506     0.4516027570252631    0.09119990491487324
                   1000      4.157980442047119     -3.367493152618408     0.1580414130366036     0.4513962961625835       5.23047382682168
                   1000      3.815043449401855     -4.661968231201172     0.1573437537862938     0.4517308940629843      12.46533573138015
                   1000      3.193074703216553     -8.752677917480469     0.1573161427183638     0.4517082254394979      124.7358540577688
                   1000      3.498660564422607     -3.023900032043457     0.1570918038314351     0.4520106304939487      180.0124559894942
                   1000       4.44310474395752     -6.667109489440918     0.1570553165369837     0.4519507579893765     0.1781011695103491
                   1000      6.623355865478516      1.988397359848022     0.1570445381954347     0.4518801197233737  3.468898706992976e-05
                   1000      7.900023460388184      1.197829484939575     0.1570723440250635     0.4519642493855374   0.002866976359624308
                   1000       4.63037633895874      -3.24920129776001      0.157065078451334     0.4520013652142586    0.06997193780635065
                   1000      4.478431224822998     -2.834361553192139     0.1570620869601569     0.4519618836954824     0.6220960760715369
                   1000      5.117591857910156    -0.8851563930511475     0.1570547862093982     0.4519292554798344   0.005159489429346554
                   1000      5.259249210357666     -0.207425594329834     0.1570423803043894     0.4518851920441073   0.003065657347410258
                   1000      5.387095928192139      3.241369724273682     0.1571563215100424     0.4527332136515402      2.424223557371201
                   1000      5.586577892303467      1.958729028701782     0.1568796883171886     0.4525919676037095    0.03378147860193395
                   1000       7.34947395324707      13.24202251434326     0.1569281943515995     0.4527946379746479      111.9045042857559
                   1000      3.823096513748169     -9.776268005371094     0.1569039898514472     0.4537510649037307      46.05009348641642
                   1000       5.48294734954834      -11.4022045135498     0.1568907769447718     0.4539774941395267   0.002113234440424366
                   1000      5.026683807373047     -10.92976093292236     0.1568772150260841     0.4540938739726591     0.3243817060764914
