#! FIELDS time deep14.node-0 deep14.node-1 sigma_deep14.node-0 sigma_deep14.node-1 height
#! SET action OPES_METAD_state
#! SET biasfactor       16.03631500507211
#! SET epsilon   3.735419329000485e-08
#! SET kernel_cutoff       5.848558909940468
#! SET compression_threshold                       1
#! SET zed     0.04043313904338618
#! SET sum_weights       1473.834472048961
#! SET sum_weights2       15546.43292808095
#! SET counter  992
#! SET adaptive_counter  500000
#! SET sigma0_deep14.node-0     0.03802726629305236
#! SET av_cv_deep14.node-0      0.4759021958387193
#! SET av_M2_deep14.node-0       103147.4041512569
#! SET sigma0_deep14.node-1      0.3895928612415034
#! SET av_cv_deep14.node-1       0.343001932032064
#! SET av_M2_deep14.node-1       98996.74860377594
                  16000     0.7868930790000763     0.1425318327065441    0.05412999632884357    0.06991842877744973      255.5249216199907
                  16000     0.7506937201160074     0.2188890007077975    0.05542477988370931     0.0620007590274755      395.2893445510007
                  16000     0.9640129189110885     0.3239349155970612    0.06086458245249478    0.08011657836052158     0.6586784370131484
                  16000     0.8750317545133229     0.6619220288563278    0.05261238131078701    0.05398856209148478      73.55970950237061
                  16000     0.8048389337186597     0.5726412151773496    0.05585486381492636    0.07246496319876504      822.0860105612227
                  16000    -0.8394791360617836     0.1406945604351677    0.05424130044253469    0.05767370005866546      333.4401219468963
                  16000    -0.6388440696439281    0.09053438506002985    0.08184763091998686    0.09927026345876709       1.27088814231893
                  16000     0.2000837760680967    -0.2421118388647731    0.05378805686734656    0.05753240177237138  6.107670207819664e-05
                  16000      0.774625492652572    -0.2189417004114945    0.05379886460034674    0.06597079017445982      222.2035238253835
                  16000     0.7517779126141589    -0.7859868548035186    0.05524124835025919    0.06502087832497831      1.298170565808725
                  16000      0.788199050204913     0.9421825873718289    0.05341187870661686    0.06345171484110758      1957.144640103516
                  16000     0.7731841063063603   0.002951095484392438    0.05620146498154046     0.0684693048068062      1756.263456410161
                  16000      0.396551639645809    -0.6305230833835634    0.05462455890939321    0.05778936148824009  0.0004088281282048573
                  16000     0.1723501264736035    -0.4995180373544316    0.05442504842212914    0.06243791600061117  0.0001933113778499003
                  16000     0.7549780899050549    -0.3834827655463451    0.05438663897923763    0.06620444542008926      44.51323543108752
                  16000     0.3906903091710372    -0.5443122319597099    0.05318151675403129    0.06012704124293851  0.0007667984797276912
                  16000     0.4691458633480529    -0.2649290256346306    0.05332085185070293    0.05302440587860623   0.006894857931392331
                  16000      0.753290965513923    -0.5612699681538454    0.05449775472477526    0.06866626261950731      13.73562054189471
                  16000     0.7166792614310752    -0.6899580419945164    0.05084295603046279    0.05170350732482584     0.5526276233954521
                  16000     0.3472193198315778    -0.3721014371386163    0.05582847367003865    0.06961094193916459  0.0003115534113006375
                  16000    0.05539800839414454    -0.4663289114217055    0.05672333852183321    0.06351243737408013  0.0001207146814196143
                  16000     0.6255409717559814    -0.4414943754673004    0.07578899757458718    0.09950724703308256   0.007664740935099578
                  16000      0.152608019895855   0.002454260148468235    0.05122669364038165    0.05678093224471537  0.0001129262914900553
                  16000    -0.1267761649576434    -0.5020007018750446     0.0563608136357621    0.05767015997684116  1.063016526316984e-05
                  16000     0.2524151986885443   -0.04723612742018403    0.05435490031613847    0.06915728662031898  0.0001747643748483095
                  16000   -0.08715887367725372    -0.3938478529453278    0.07043905802186809    0.09067595259668365   2.06107497111852e-06
                  16000    0.06851918481391592   -0.07615860263704324      0.054730391513046     0.0616889910247624  0.0001522413054871911
                  16000     0.4972915270385813    -0.3620760772135335    0.05253278588467931    0.06711238634119664    0.03787803386495601
                  16000     0.7663376192588515     0.3380869282268392    0.05974405561180873    0.06618973864675022      121.3781782853117
                  16000     0.2544712119181206    -0.6300415614281654    0.05630432300441441    0.05848004208226579  0.0001332635255011486
                  16000   -0.07474046390127435    -0.1884678572922731    0.05228741343612228    0.06278067209044068   0.000150991829041653
                  16000     0.1381325591049536     0.5316863951263561    0.05405221858590271    0.05744387553311078   7.75833673009303e-05
                  16000     0.2359582390410832     0.1591221469102281     0.0559673649275805    0.06279874945156121   4.69078717368062e-05
                  16000   -0.01643312349915504      0.824226438999176    0.06133935806280694    0.08056301417288377  3.254095619226402e-07
                  16000    0.06105648650247193     0.3168458989795137    0.05868875330458166    0.05597099107405845  6.645811053681594e-05
                  16000     0.5444471609607106     0.5428799451402011    0.06263608084363853    0.07384734128885645     0.3634800095466572
                  16000     0.2782923263500727       0.24488984100488    0.05345132594482063    0.06786977730513341  4.822804523361985e-05
                  16000     0.1153731349890908      0.117842952140182     0.0519588127044834     0.0619767745326472  2.747269643715095e-05
                  16000     0.5390973511739409     0.3375390265556587    0.05598031429251538    0.06742738251243942     0.0573675014980275
                  16000     0.1008897989709394    -0.2696411174819087    0.05361801166053464    0.05799347597509865  0.0001078882219397719
                  16000     0.9514507651329041    -0.8203806281089783    0.05248002003304122    0.07207189471838359   0.000234741969774113
                  16000     0.3399884519585514     0.1977896684923533    0.04796895947765645    0.06648540970588715  6.009275902899608e-05
                  16000     0.4734469773420473    0.07434937057796252    0.05290682948057115    0.06108929099815965   0.004981411366218642
                  16000      0.268205056036939     0.4104415952908154    0.05387516190908763    0.06248388984978865  0.0001488354038599244
                  16000     0.3211934443504252      0.646250504829737    0.05038173589309057    0.05427300481812206  0.0003748786705287732
                  16000     0.1901579201549532     0.4166259593212498    0.05203337831750856    0.05839473049242833  6.920493981018951e-05
                  16000   -0.02142015832658914     0.2008970896846491    0.05177574935099611    0.06361111703566427  1.792239764239446e-05
                  16000     0.4092387249321586     0.1707850517064901    0.05265567020728541    0.06235767494606089   0.001687233543899696
                  16000     0.1020296849153437     0.6357901746041608    0.05528550575362166    0.05512284120517844  3.856677967343635e-05
                  16000     0.1963623004823186     0.8078567760197182    0.05507960931370597    0.06016368477490287  3.583172788805825e-06
                  16000     0.3909078329676448     0.4480153511415573    0.05276995428256324    0.06089112870070314   0.009374775419965847
                  16000     0.1377871404992975     0.3306750880124024       0.05261352349282    0.05777587992058623   1.93941534328344e-05
                  16000     0.7730430180519671     0.7711647430320387     0.0534204683480248    0.05544622538552743      240.7265523073315
                  16000     0.5264820456504822     0.1661413460969925    0.04883368201322735    0.06704972193227399   0.007516851866188919
                  16000    0.02930424506476945    -0.2663110608628432    0.04913300355405016    0.06214836473174174  1.076527248320968e-05
                  16000   -0.07263318807495629     0.6018713363063606    0.05074066508709794    0.06440976688722727  5.839700682312586e-06
                  16000    -0.2941932983419659     0.1734465713763964    0.04914762040951398    0.06696012147973039   0.006772521303619357
                  16000     0.3121321579341915    0.01606706599165932    0.05408155211870611    0.06306786494637877  0.0002931172596429022
                  16000     0.4316388617581736   -0.05938667594240821    0.05559311303701678    0.05470971033960857   0.001929238549044542
                  16000     0.5643057227134705    -0.1944134533405304     0.0476912239819202     0.0656840982173721    0.03254001609347381
                  16000     0.2942720506633008    -0.5326260601216422    0.05653538916249561    0.05659157201118287  0.0006344040343310569
                  16000   -0.08064844741266058    0.05947914691439209    0.04905818783818537    0.06160924503632538  4.503880666027606e-05
                  16000     0.8207874890078161    -0.5785988755432216    0.04928835594001543    0.05761252972167808      1.581529312121845
                  16000     0.8632041811943054    -0.7841627597808838    0.04710855021232944    0.06480221400868531    0.00911218217992092
                  16000     0.8072991524431605     0.8334606277016822    0.05271070857643582    0.05990495788916676      212.4171550679401
                  16000     0.7910896258422186     0.6837633261548104     0.0539373916909581    0.05929789712956501      353.3491387767529
                  16000     0.8501090694147725     0.1428987440243897    0.04988022123409459    0.05688399353900415      38.04624379169888
                  16000    -0.4926779568195343   -0.07831623405218124    0.04627000693683656    0.06407995280923544    0.02847586118281443
                  16000    -0.6572815467849471    -0.1789223520299207    0.04986686813337305    0.05997807153475968    0.03051927155015523
                  16000    -0.7667902235392083     0.5703407419017248    0.05423852448686955    0.05666754936541993    0.02950500015930345
                  16000    -0.8863533630345788     0.4782715072178678    0.05130138804464218    0.06051296937316914     0.1833791196888463
                  16000    -0.7382997453736847   -0.02207936031351225    0.05101550601629432    0.05837327062278217     0.7545926863371692
                  16000    -0.7985273113967606     0.2243574647475824    0.05040565848180797    0.05927517226958941      11.00690150652148
                  16000    -0.8984994785990701     0.5681729845340784    0.05948648241136417    0.05545930253938211    0.07530794740673125
                  16000    -0.9247639447568254     0.3755274562130273    0.05276427884874609    0.05729501315927991     0.6068556403090613
                  16000    -0.8113594709099184      0.434313633624251    0.05052869113327045    0.05414494107795219     0.2565045282542935
                  16000     0.1961646866667312   -0.05017690077987568    0.05214249875082786    0.05591389900419589  0.0001150428924964639
                  16000     0.3449643264208124    -0.1930691131861549    0.05147520430949525    0.06493281800499837  0.0002089600467708387
                  16000     0.2962646644221863    -0.2410516855327072    0.05157737302051004    0.05972395298113049  2.915433746755841e-05
                  16000     0.3289913855696583     0.3073505067709569    0.05057037343096474    0.06232727487567268  0.0003848004594190035
                  16000     0.8391979336738586    0.03562958911061287     0.0500175371709925    0.06066948374715911      43.59627377685011
                  16000   -0.01515504566428334     0.5746782024781965    0.05082665582754061    0.05547755594278436  6.627015069314141e-06
                  16000    0.07644900366640713     0.5576078173772654    0.05331897647625496    0.06291124085243024  3.431256878040117e-05
                  16000    -0.1206947649131226     0.1525403121379979     0.0511291606571802    0.06029733933790907  5.468998330067381e-05
                  16000    0.05659839423050678     0.4522308771026494    0.05688646517127404    0.05483001233916314  3.446179659883955e-05
                  16000     0.5705637253626558    -0.5930083033254355    0.05043882273431313    0.05989888994088462   0.009005741882021499
                  16000     0.7145678997039795     0.4950867295265198     0.0498859819167085    0.05997484029956591      11.83575181107078
                  16000      0.214756965637207     0.9243290424346924    0.04974632999713085    0.05976923616598828  5.877466633503246e-07
                  16000   -0.02040354420504783      0.113554598665748    0.05145229600246019    0.05486740699025709   1.85566788358496e-05
                  16000     0.2877136602670609     0.5111961548807941    0.05373467096804711    0.05156092657510192   0.000499807727615471
                  16000     0.3437080085277557     0.5790606141090393    0.04932864860683366    0.05918790222884141  0.0008140975100507353
                  16000   -0.01670270531277016   -0.08743673973325715    0.05215866696436678    0.05406648146528539  0.0001601215416212511
                  16000   -0.06274167772897969    -0.2936777034648144    0.05120799045518812    0.05155992342059489  2.365691327558125e-05
                  16000     0.2068459936507575    -0.1484085398546379    0.05757098456393892    0.05814681839811166  8.689320966381238e-05
                  16000    -0.1564079083953763    -0.3256498754777345     0.0501994405027049    0.05819039318238333  1.985858438960307e-05
                  16000     0.2124833653293533    -0.3412155136674687     0.0545843873900998    0.05435223248164685  8.606484249023163e-05
                  16000    0.07433911922280102    -0.5857715042242823    0.05614112607425019     0.0575394033257208  3.832128062406889e-05
                  16000     0.3310201580562638    -0.4799706217034403    0.05072649432399061    0.05232475105541325  0.0005203459672453725
                  16000   -0.01269806322648365    0.01570247533106554    0.05433461834687812    0.05762013068171799  6.183349375826647e-05
                  16000    -0.0508174390972969    -0.5329689291878578    0.05126791700182116    0.05997247137960027  9.244339881392438e-06
                  16000    -0.8067710995674133      0.778605043888092    0.04918615613057156    0.05750117960258067   2.10719194888499e-05
                  16000    -0.6687395808418082     0.5701797673402689    0.05311312584485931    0.05573912182623083   0.003911491892263094
                  16000     0.5073952108056158    -0.1702562206247157    0.05098817298260525    0.05548697272233924    0.01494892208207232
                  16000      0.815921459101103      -0.93809147962297    0.05222801525120816    0.05760810543440906    0.04277272500753861
                  16000      0.767510832234425   -0.09231842151946833    0.05085378993249903    0.05820437663322346        222.67137086002
                  16000    -0.1108103492894208   -0.08007244627524079    0.05100652229581272    0.05571201144301694  0.0001237596544598319
                  16000     0.0585647092848464     -0.345352170368266    0.05101808253199494    0.05512278886901268  6.187462930632128e-05
                  16000     0.6410202383995056    -0.2780729830265045    0.05055653902026033      0.057049305743247     0.5499967704271604
                  16000     0.2493699439676879    -0.4147513885841662    0.05080190662772838    0.05948676671679048  4.925462078227715e-05
                  16000    -0.1024005356369296     0.4817639618074731    0.05055183190512647    0.05338010985332061  4.011815837687448e-06
                  16000     0.7904149277862451    -0.6455276797379081    0.05415889930628952      0.055351178807936      4.313379660519532
                  16000     0.4948726296424866   -0.01231732498854399     0.0487997067414213    0.05674298025657581   0.001057652348531244
                  16000    -0.1734240095016869   -0.02834855971982552    0.05411257254750672    0.05604942627115287  0.0004491245358539453
                  16000     0.4145410060882568    -0.1702872514724731    0.04870650575289513    0.05661629379119681  0.0003821965419197328
                  16000     0.1062024550275988     -0.433164891756995    0.05374873815247708    0.05681553244798365   0.000187962623420126
                  16000    -0.4402085970748095     0.7648234868419863    0.05120631438318116     0.0573571884451389  2.423804560923375e-05
                  16000    -0.3713487186963055     0.7409640778581051    0.05227267911179113    0.05770768626679227   1.23857718711861e-05
                  16000    -0.1495153032189825    -0.2146204481413198    0.05255188348165919    0.05541011774093623  6.757920483407299e-05
                  16000    -0.2004245702089461     -0.279869173968777    0.05219012224373488    0.05403392013165474  5.025568445531326e-05
                  16000    -0.5181971192359924     0.8802039623260498    0.04917553865958195    0.05588409546523644   9.63880389556196e-07
                  16000    -0.5923542337734126     0.7250399768411141    0.05282221064454757    0.05647212434726772  0.0002791250786580879
                  16000     0.4241078794002533     0.5698192119598389    0.04919468193326293    0.05581432659426009    0.01147272806641984
                  16000      0.206955760717392      0.510217547416687    0.04915676076199183    0.05578863400676494  2.341590810572761e-05
                  16000    0.04983550682663918     0.1623821258544922    0.04913989304352242    0.05574733539026751  3.584423310327138e-06
                  16000     0.8379236872099356     0.4729667553645002    0.05118807054503726    0.05450022889298781      79.40265142161482
                  16000   -0.01501778178387172    -0.1859802162963991    0.05192326487533396    0.05633579842149646  5.901503331946091e-05
                  16000    -0.7398399265132293     0.4546511052075768    0.05000318062050205    0.05518222869688599    0.07785715275741627
                  16000      0.879762589931488    -0.2829669713973999    0.04948728621047729    0.05532126263201125      1.754164755450125
                  16000     0.4221360922510494     0.3212399553502069    0.05088974354666836    0.05359307196214592   0.002722720414155463
                  16000    -0.8057063015246415     0.3377829481161026    0.05049567420384578    0.05873736640512917     0.7343446884020248
                  16000     0.2899535298347473    -0.1678040027618408     0.0502574472504242    0.05509204884667274  5.743985325115829e-05
                  16000    -0.2304358373224203   -0.06017087399107302    0.05010357080561389    0.05367585110713414  0.0004195641673470224
                  16000    -0.6564628482346134     0.7818160851374958    0.05222471292522814    0.05630858861305985  0.0001235793907432238
                  16000    -0.5094020962715149      0.761604368686676    0.05019112553629958    0.05491425471029331  1.296171959369325e-05
                  16000    -0.7230598042666428    -0.1019732354507215    0.05039437720752186    0.05283318358512792     0.2443803886926267
                  16000    -0.6131179332733154    -0.0806085392832756    0.05025999102066795    0.05486034103933874    0.04060184110256731
                  16000    -0.5214596927089352    -0.3933012213195448    0.05091537637566061    0.05469366221976892  0.0005152242988793116
                  16000    -0.7302186489105225    -0.4104149341583252    0.05023024395186885    0.05478606313244393  0.0001537078299159469
                  16000    -0.2677162808314794      0.529674134412066    0.05584309718111796    0.05580061908748495  1.531896042766294e-05
                  16000    -0.2498912346100532     0.6829003477100272    0.05345436748078614     0.0546066004076317  1.910973056599655e-06
                  16000    -0.3780877292156219    -0.4242534935474396    0.05013008153335476    0.05489350711079267  1.243284429816078e-05
                  16000    -0.4640724360942841     0.6797439455986023    0.04996852552912216     0.0548504591339789  1.552631429619481e-05
                  16000    -0.5987382866759026     0.6303463700137899    0.05174941765837116    0.05229954464832363   0.001118961568291907
                  16000    -0.6610251627380374     0.4765924232852455    0.05519662017014301    0.05287978440186047   0.009081496563603665
                  16000     -0.765569093729591     0.1546016593885734    0.05516342244863947    0.05602211211123102       25.4886570898639
                  16000    -0.3814571104138818     0.6238263397649102    0.05113702020520928    0.05584325809600482  1.627671580657281e-05
                  16000    -0.5860042366445359      0.406129152870972    0.04996481054956632    0.05436745058876159   0.006980617900327703
                  16000    -0.2672244188519884    -0.2266443142600238    0.05293965217335309    0.05535628279569168  8.725260264455975e-05
                  16000    -0.3183007004500562        0.4686512512695    0.05612319695392869    0.05260105796163043  1.759812724168342e-05
                  16000    -0.5308892934359164     0.5751584967859532    0.04997117348072756    0.05188200936137095  0.0007913323293175864
                  16000    -0.4824956932500739       0.51128900306257    0.05112607919381994    0.05596032742997071  0.0001818314833805053
                  16000    -0.3397902548313141     0.2944042086601257     0.0501826925008078    0.05396209576099045  0.0003057424067819616
                  16000    -0.5769022983097375     0.5512698530036535    0.05282148415116177    0.05205605745802352   0.005214105251152085
                  16000      0.135303720831871    -0.1226983219385147    0.05010040922861415    0.05387131057635596  2.796798676014201e-05
                  16000    -0.4074143557996093     0.4223117707914648    0.05288292803027487    0.05586634247090108  9.658580971734959e-05
                  16000    -0.7446722236280385    -0.2959789963396006    0.05262377834153442    0.05437117074531567    0.00183960444835245
                  16000    -0.8022240452173214    0.01742199427994638    0.05102403852019999    0.05266834808361012      9.180470112292163
                  16000    -0.8799524903297424    -0.1103254184126854    0.04992567955213496    0.05368350423372057    0.03113034200540911
                  16000    -0.5622250505386985    -0.5800485761304622    0.05160590011950097    0.05694850511621805  2.109784008444321e-06
                  16000    -0.1126637831330299    -0.5867709517478943    0.04979626025651201    0.05362281335154901  2.351695866358527e-06
                  16000     0.7374259530879562    -0.8757095984354796    0.05096583961860792     0.0535347292283599     0.4227562738031321
                  16000    -0.3008032441139221    -0.2913080751895905    0.05079630008558703    0.05367451719360578  4.195559301598206e-06
                  16000   -0.01923147994055976    -0.4522332556631874    0.05200447386301239     0.0538045561336195  4.492180621059444e-05
                  16000    -0.2859228406276939    -0.3573756569647534    0.05429971017712106    0.05148211684051524  7.839885684450233e-06
                  16000    -0.2400222420692444    0.05237874016165733    0.05091197428284309    0.05352699959298204  0.0001454121098835059
                  16000    -0.3449356257915497    0.05082069337368011    0.05099283857698496    0.05340848226744882  0.0006401277829268154
                  16000    -0.5727217793464661    -0.2347150146961212    0.05106018737823398    0.05337617903921026   0.001940225739120125
                  16000    -0.2166228741407394    -0.1878277361392975    0.05110184001006667    0.05335142358087296  1.779759214337136e-05
                  16000    0.06194507009402041     -0.202537702537345    0.05521165212517885    0.05199562653092594  4.344065807628691e-05
                  16000     0.8218792676925659     -0.703633725643158    0.05117709748203267    0.05317380982914644     0.1718331586481245
                  16000    -0.3197034597396851   -0.07479649782180786    0.05093976719737096    0.05280173969752322  8.173036758516794e-05
                  16000    -0.5123312473297119      0.239087387919426    0.05102794563885429    0.05266607299736371    0.02513737445382661
                  16000     0.3972347552414326    -0.1029854938074068     0.0534533759103574    0.05079084919217494  0.0008238094769916864
                  16000     0.2362580597400665    0.07137735933065414    0.05085329473461424    0.05258720484523868  3.096996663536211e-05
                  16000    -0.7214326858520508    0.07430700957775116    0.05083286163545344    0.05250911563516147      2.293138045812479
                  16000   -0.01906685320707765    -0.3603559139166263    0.05183147747420701    0.05381646571779415  3.233297225948687e-05
                  16000     -0.653131902217865     -0.535348653793335    0.05087206545199407    0.05243155465689327  2.220431585047479e-06
                  16000    -0.4368175864219666    -0.5809879899024963     0.0508528092904439    0.05235604546114948  7.670559562128619e-07
                  16000    -0.9724010374218495     0.5255903331598794    0.05072213690102627    0.05147437018771198    0.01746797719974867
                  16000     0.8249231691962697    -0.3393372941575824    0.05282441784938926    0.05531032018462408      28.50131767512402
                  16000     0.5183291267568839    -0.5353050195820905    0.05231376543931367    0.05248300854086136   0.004762122631773275
                  16000    -0.5758724735346313     0.4833148775664622    0.05081128039316504    0.05170273707143923    0.00422372836478465
                  16000    -0.6274998784065247    -0.2316943854093552    0.05153300352332254     0.0525273371492305   0.004331588436315676
                  16000    -0.6888708472251892    -0.3312592506408691    0.05153942655330754     0.0524745032485554  0.0003648078894707724
                  16000     0.4720611382057169    -0.5754877100478467    0.05226036473026764    0.05221080766057151   0.003490520737374807
                  16000     0.4058116820074859     0.8965818230850202    0.05102859163581347    0.05593683638437816  2.028963335700613e-06
                  16000     0.2094627767801285     0.6547484397888184    0.05167870966705957    0.05227640685986199  1.115147260558902e-05
                  16000     0.2133920914629374     0.2619415276014647     0.0523486987472782    0.05116186075054955  5.379970772270157e-05
                  16000    -0.1507311463356018      0.697559654712677    0.05164369078350285    0.05231242057893104  8.224630308930886e-07
                  16000    -0.1878770661089298      0.436747087808518    0.05136117526609143    0.05214492649934762   4.79870321982269e-06
                  16000     0.9337571263313293     -0.575314998626709    0.05152890635909015     0.0522223301481994    0.01961498481405122
                  16000    -0.2308619916439056    -0.4338862895965576    0.05164898175626837    0.05219221729912258  1.798313664869161e-06
                  16000    -0.4268688261508942     0.1911582946777344    0.05158751555897981    0.05194047165262088   0.007203097642708528
                  16000    -0.1321555823087692      0.245631530880928    0.05156359199994954    0.05190868745583492  1.222264967536886e-05
                  16000    -0.9223318099975586     0.6332990527153015    0.05152354883209607    0.05183505957575893   0.003769668537169645
                  16000    -0.6027347445487976     0.2984286546707153    0.05146699669777752     0.0518357256795137    0.03144728122396275
                  16000    -0.7726933360099792     0.2763595879077911    0.05143836580525168    0.05180238344987565      2.986514113718377
                  16000    -0.7269752025604248     0.2178815901279449    0.05139494379194341    0.05176828162928609      4.601599583714051
                  16000    -0.3104175039903118     0.6946019920359672    0.05099436231651488    0.05300551871994839  7.626552267951759e-06
                  16000    -0.2435928136110306     0.4237259924411774    0.05128598667857288    0.05166851863486566  6.415365152448343e-06
                  16000    -0.4163983166217804    -0.3280875086784363    0.05176853275876458    0.05160118706735056  1.548594617839889e-05
                  16000     0.1049883440136909     0.0230070948600769    0.05191566423594278    0.05145868318571154  1.913645722393767e-05
                  16000      0.171459360869768     0.1881662296519799    0.05266408761156205    0.05071929327205016  2.962107452406285e-05
                  16000     0.6689444350907454     0.4512250947086763    0.05243585993335261    0.05305944218670518      9.915599778164834
                  16000     0.6850584320990968     0.6630745568754419     0.0513253898992391    0.05152369432641025      13.77215577644973
                  16000     0.8321775020828531     0.7474446774003133    0.05240631304990161    0.05021126228376831      60.37717678743484
                  16000     0.7800257205963135     0.4461642205715179    0.05156362736810965    0.05132836014519092      25.70437544561552
                  16000    -0.7000580430030823      0.625210165977478    0.05146170160155726    0.05114802057815661   0.002781131297703247
                  16000    -0.4351524114608765    -0.3904305398464203    0.05157412160861271    0.05114039882417378  4.267012797038827e-05
                  16000    -0.2606971919425641   -0.01266249638785887    0.05374781791552373    0.05078956108890411  0.0005562676473867547
                  16000    -0.7876448035240173   -0.07231900095939636    0.05160303739873878    0.05105658876157353     0.3473711267708342
                  16000    -0.3346802890300751     0.1323933750391006    0.05170069045066313    0.05110750108270799   0.001527960614575274
                  16000    -0.3076331317424774    -0.1262869387865067    0.05168082237197064    0.05108426248048131  5.441149027603553e-05
                  16000     0.2190236151218414    -0.5433453321456909     0.0515822230551068    0.05092784281309317   9.18646799292385e-05
                  16000     0.3809803128242493    -0.4364307820796967    0.05151651473256959    0.05085120955463553  0.0004762129458443595
                  16000     0.8401610851287842     0.4049639105796814    0.05141885170692412    0.05069815105028171      15.52717254743666
                  16000     0.7435255228092905    -0.4536571823502058    0.05479443468691964    0.05096787627231186      16.74563272427786
                  16000     0.7102653384208679    -0.6271454095840454    0.05099605792601329    0.05035790161140887     0.8222848446728936
                  16000     0.1444903416168192     0.7112033660440901    0.05095921599189819    0.05148474912085997  9.257447228890467e-06
                  16000   -0.04683695733547211     0.2909549474716187    0.05079477393508365    0.05043990773880015  4.526669526206801e-06
                  16000    -0.5744513869285583     0.1522810906171799    0.05038101165754105    0.04994837522680536     0.1462227795866371
                  16000     0.4320983588695526    -0.3710958659648895    0.05039105436621886    0.04992402991714261   0.001982802152905862
                  16000    -0.3618170917034149   -0.02743907645344734    0.05047562579166158    0.04981064843604985   0.000677614176299435
                  16000    -0.3571002781391144     0.8467058539390564     0.0504804591950476    0.04979524545557597  1.921330681576511e-06
                  16000    -0.4428147673606873     0.4758583605289459    0.05047594248963744    0.04980989411031059  0.0001027392800091588
                  16000    -0.1971242874860764    -0.1215034797787666    0.05040442846992395    0.04969274639987514  7.988731561304438e-05
                  16000     0.5577734708786011    -0.3400584161281586    0.05046622887903857    0.04979935241082276    0.02764064116645594
                  16000      0.723138153553009    -0.2728873491287231    0.05028976090733181    0.04966585257268184      12.96434889262052
                  16000     0.4800463318824768     0.4605335891246796    0.05026954817681276    0.04965183635698185    0.02401787158754865
                  16000     0.3546992540359497     0.3833128809928894    0.05024282861271828    0.04962801481426875   0.001239453211942261
                  16000     0.4748004674911499      0.330826073884964    0.05022903527838112    0.04961703550852332   0.006916319171698406
                  16000     0.3756432831287384     0.7040178179740906     0.0501648869667136    0.04956503373866244  0.0003206353217765338
                  16000    -0.1919023841619492    -0.5063385367393494    0.04980190795265558     0.0496260948138831  2.609478123664913e-06
                  16000    -0.1531145721673965     0.5312296748161316     0.0497924462577482    0.04962272423768804  2.227042032259973e-06
                  16000   -0.07186241447925568     0.3464320302009583    0.04976323876149155    0.04961355051799604  2.807966359055201e-06
                  16000     0.3119524419307709     0.1072692573070526    0.04975027823519886    0.04961047052722909  8.857426078430306e-05
                  16000     0.5427259802818298    -0.6449487209320068    0.04980964153548093    0.04959657331203616   0.002714509883382941
                  16000    -0.6459177136421204     0.7264912724494934     0.0496859338039368    0.04941611276359091  0.0001672869957448404
                  16000    -0.8516441583633423     0.3894751667976379    0.04982549916287434     0.0494497239149236     0.1140244405538795
                  16000     -0.820457398891449      0.625666618347168    0.04992015528521267    0.04943194929422087   0.005959627199032131
                  16000    -0.3966209292411804     0.5098075270652771    0.04990157105363544    0.04938773989756559  3.767072323913521e-05
                  16000    -0.7713803052902222     0.6727343201637268    0.04977098610059452    0.04924435865284169   0.001999460787007094
                  16000     0.6514253616333008     0.5664741396903992     0.0499789224278181    0.04894104708764149      2.997339476823913
                  16000      0.693233847618103     0.2688887119293213    0.04994874185679556    0.04873979063062472      19.81099320171497
                  16000     0.7301442623138428     0.8576552271842957    0.04988667223802269    0.04866296198163444      53.05023855627562
