#! FIELDS time deep2.node-0 deep2.node-1 sigma_deep2.node-0 sigma_deep2.node-1 height logweight
#! SET action OPES_METAD_kernels
#! SET biasfactor       12.02723625380408
#! SET epsilon   2.008904905162975e-06
#! SET kernel_cutoff       5.122093479753262
#! SET compression_threshold                       1
                   1510      0.698296070098877      7.872109413146973      4.471825053512731      8.505966939632781  5.979173072774214e-06     -12.02723625380408
                   1511      5.035454273223877      13.13066673278809      3.858292389810377      7.344896506285552     0.7319098237234267    -0.6064400424274088
                   1512      17.27814865112305     -8.662069320678711      3.836794842389924      7.119414555855286  0.0003329415222781814     -8.338653350717479
                   1513      19.00134658813477        -9.778564453125       3.82612975476496      6.916427429926253   0.002280488932013396     -6.446184758665774
                   1514     -6.216922760009766       -6.4819016456604      3.740636538156171      6.697326303074226   0.002329124182628666     -6.479871284412977
                   1515     0.4733333587646484      6.630918502807617      3.382189527401394      6.038477688525744       1.77292462053586   -0.04926675510434453
                   1516      13.61311721801758     -7.843226432800293      3.348001001736088      5.879402249094407   0.008487277977083806     -5.427940891876872
                   1517     0.8370265960693359      9.074588775634766      3.321450751938073      5.752639287251877      5.597018902560299      1.033722037222486
                   1518     -2.546123266220093      -8.69731330871582      3.250134427393192      5.594522978121359    0.08888208477281272      -3.15853273748063
                   1519     -5.342903614044189     -3.496705770492554      3.178076598628582      5.414439222206492     0.3185616924061704     -1.937166137267072
                   1520      19.97075653076172     -10.84494018554688      3.123853809486086      5.290489129663278     0.0073558293573412     -5.745856527529731
                   1521       15.4502124786377     -3.664896965026855      3.117590960672307      5.186134092878857    0.01770600981001321     -4.889374537550015
                   1522     0.8732151985168457      9.672165870666504      2.954427381028445      4.934448994321431      9.076474458324981      1.246659211243788
                   1523      5.512786388397217      15.50401973724365      2.818513867139935      4.734238111255479      2.498011329146419     -0.132046993395388
                   1524     -5.518287658691406    -0.5566780567169189      2.750304921221887      4.615892046207234     0.6215643399378961     -1.572871418601128
                   1525     -3.706186532974243     -4.152054786682129      2.696801038226492       4.49734400673469     0.8739659241879563      -1.27773311758858
                   1526     -4.298254013061523     -7.838814258575439      2.641407920526397      4.382327470957262     0.9902510952055545     -1.199477185826097
                   1527     -4.211079120635986     -7.245079040527344      2.570484177129498      4.251745850340754      1.815302465428632    -0.6508964315964858
                   1528     -1.621604919433594      5.594685554504395      2.466632154341798      4.065109069689786      6.463712085156861     0.5329255760755811
                   1529     -2.829668283462524     -8.944551467895508      2.407605123189958      3.955201186751245      1.809795063822631    -0.7916948849199519
                   1530     -2.625685214996338     -10.07297420501709      2.347110513728444      3.849357131826404      2.475850768354196    -0.5308972565382051
                   1531     -4.077485084533691      1.292264699935913      2.285529214040277       3.74146755503438      3.092300708969051    -0.3635815871123462
                   1532     -7.645985126495361     -3.746273517608643      2.239665784694244      3.663690824993528      1.510115206825981     -1.121588840154835
                   1533     -5.826780319213867     -3.975256681442261      2.178117799678545      3.562273503007536      4.232777002206548    -0.1468541428350601
                   1534     -4.690860271453857     -7.056807994842529      2.114626414917172      3.457680609380217      6.280790498792706     0.1883995323817796
                   1535     -5.248337745666504       1.11321234703064      2.061626463362671      3.370244504585918      4.595178790412187    -0.1750843204396334
                   1536      5.036181449890137      15.32934761047363      2.018440638532038      3.314238267168995      3.452579385179446    -0.4988978315617421
                   1537     -4.728253364562988     -4.003424644470215      1.965423741615215       3.22449640716464      9.004967772851176     0.4056885548313532
                   1538     -3.928860425949097     -7.801436424255371      1.915564885182825       3.14513736834523      11.04394615237896      0.559180047308233
                   1539     -2.938435077667236     -6.475764274597168      1.870492776527265      3.071938312170032      13.62272624986512     0.7216775964181456
                   1540      -4.29213285446167     -2.970459461212158      1.828973173733263      3.005127432405958      15.57221029407001     0.8109901134053693
                   1541     -2.431069850921631     -10.29964923858643      1.789536923465005      2.942551099177494      8.817578083938045     0.1994085520863256
                   1542     -5.607574939727783     -6.189774513244629      1.752558817825623      2.884168812250773      17.60874056810479     0.8501365584533123
                   1543     -4.088947772979736     -5.353811264038086      1.724457190556801      2.839864788008837      24.71456624048131      1.157489069272632
                   1544     -3.360741853713989     -7.944169044494629       1.69203461923981      2.787473066409017      22.18565767612183      1.011940728572873
                   1545     -2.748832225799561     -6.449284553527832      1.661848404914386      2.738581670867274      24.84800385816181      1.089575552630454
                   1546     -3.168344020843506     -6.160558700561523      1.636454266145426      2.697546377149397      30.71887233175006      1.271179181846412
                   1547     -6.220699310302734     0.3965139389038086      1.613501846642202      2.659553076388738      4.788619988654732    -0.6157652602607011
                   1548      16.77322006225586     -8.321451187133789      1.634260224453083      2.644454822521096   0.009465117475025866       -6.8350594120963
                   1549      13.86961460113525     -6.216203689575195      1.659585437998959      2.619326238470965    0.01216020607500275     -6.578673993666431
                   1550      11.95655059814453     -3.358277320861816      1.670618208533001      2.595314952320901    0.00968606357454862     -6.808738047514464
                   1551      11.45297813415527      -4.18403148651123      1.686527562888061      2.572095227051925    0.01321459011464164      -6.49761369612554
                   1552      18.01272964477539     -10.97803115844727       1.69915456233654      2.549962840894141    0.01029238418479776     -6.748713955701515
                   1553      13.11976909637451     -7.376751899719238      1.707433840176552      2.528096973371377    0.01802507219187829     -6.192105687226153
                   1554      10.49693202972412     0.1704068183898926      1.708470096515546      2.506409797629027    0.02060347459899312      -6.06641838509684
                   1555      10.22555541992188     0.1050925254821777      1.706318379674282      2.484747227669514    0.03456534856380702     -5.558967091944249
                   1556      13.30767059326172     -3.908965110778809      1.702784533709566      2.464023080725392    0.03040587449114663     -5.697631661403092
                   1557      19.69962120056152     -10.68854331970215      1.702392326320542      2.444676924840436    0.01099959386852739     -6.722521935085078
                   1558      9.485018730163574    0.05708980560302734      1.698361111833446      2.425155672080413    0.06373690160344496      -4.97600462677712
                   1559      19.81129837036133     -10.34034156799316      1.692002211190637      2.405897583716802    0.01598052593468925     -6.371121306363967
                   1560      7.295336723327637      2.722920656204224      1.684512142929713      2.386636584514162     0.3984331844566513      -3.16742687886907
                   1561      16.21525764465332     -6.363814353942871      1.675397403987804      2.368717522103081    0.03733541022136315     -5.547986491838349
                   1562        13.125244140625     -5.847317695617676      1.667256085730754      2.350362742421273    0.05929780491294994     -5.098006599785634
                   1563      12.04271793365479     -7.181715965270996      1.655971008592077      2.333020319257879     0.0623427633670582     -5.062128923737182
                   1564       17.2402515411377     -4.789053916931152      1.646781368934718      2.315839552374519    0.04389594063501289      -5.42591095174933
                   1565      17.66472625732422     -7.449477672576904      1.638627297782879      2.299349773027161     0.0580979443051806     -5.157712241259586
                   1566      7.955958366394043     -3.587206125259399      1.629847681852751      2.283721630512213    0.07380795943358376     -4.930568228627643
                   1567       4.77648401260376      14.46246719360352      1.617158912176828      2.266298143641054      4.900044263520355    -0.7505096801324087
                   1568    -0.2805838584899902      8.123628616333008      1.606577562234104      2.271037909621734      8.323057040709838    -0.2251997421884742
                   1569      3.257272243499756      13.56987857818604       1.60087128028581      2.264733673114918      6.951478011290381     -0.411612996802146
                   1570   -0.08410334587097168      7.602898120880127      1.588511406871782      2.253637095973942       11.1805566642779    0.05094651450118683
                   1571     -2.777971982955933      3.798088788986206      1.579291088998508      2.240381860440229      7.957965196472711    -0.3007767650361562
                   1572      9.847806930541992     -2.226253032684326      1.573900661169091      2.236117012445203    0.09715904177377659     -4.711680613403076
                   1573      15.31139087677002     -9.906558990478516      1.569569293721423      2.225611369665811    0.07393577923876048     -4.992298010311016
                   1574     0.4268655776977539      8.120206832885742      1.556662358124041      2.202586286229897      16.15306372710507     0.3757135090231955
                   1575      17.09980392456055     -6.637373447418213      1.550983703864225      2.199249633305776     0.1233997434956088      -4.50389313934101
                   1576      19.21496772766113     -10.32837772369385       1.54789433809062       2.19099524577238    0.05441551037394285     -5.328427138960926
                   1577      5.462510585784912      15.10555076599121      1.534915293518427      2.181405352577946      6.662811152678286    -0.5335864840051178
                   1578       5.32225513458252      15.46602439880371      1.521315972565548      2.170513601192164      9.195489795315678    -0.2253198188305547
                   1579      5.166533946990967      15.31733989715576      1.506521708653816      2.154637216575007      12.90073996722921    0.09613802852480585
                   1580     -3.375679731369019     -5.671972751617432      1.516058036949155      2.159773335420549      59.36425776373142      1.631236675549646
                   1581      3.039151668548584      13.49258327484131      1.511406195177138      2.142626856134056      10.95390464023802   -0.06980346433655328
                   1582       14.0881519317627     -8.051523208618164       1.50376092635591      2.132407594738889     0.1333232693683265     -4.488330078106623
                   1583      11.41209316253662      2.843316316604614      1.500787341277221      2.124771529257616     0.0387372163382927      -5.72987282990515
                   1584      5.284748077392578      14.77286720275879      1.485873452516598      2.105670682785426      16.97702246425754     0.3339251265549604
                   1585      8.884295463562012      -2.74829363822937      1.481953064844896      2.097969152995896     0.1221087876115317      -4.60708476368674
                   1586     -1.872796058654785      3.763648271560669      1.474133727936623      2.085305341736487      10.89702838343227     -0.127096564617401
                   1587       1.55435848236084       9.15349006652832      1.469354833562825      2.063251972443014       15.3818374498282     0.2037217113352797
                   1588     -4.162714958190918      2.068698883056641       1.45905773797247      2.049587508599711      10.22271922931008    -0.2185304780872522
                   1589     -4.442255020141602      1.026246666908264      1.453821999126063      2.032734924742292      15.43207309071838     0.1814536050162357
                   1590      3.942524433135986      13.67144966125488       1.44144215042801      2.014659740370699       19.9016284427073     0.4183234863724092
                   1591     -3.521407604217529      -6.84754753112793      1.444741785680533       2.01570804611116       66.6901466149892      1.630385850104932
                   1592     -3.065822124481201     -7.969906330108643      1.442255908368364      2.009048932775701      62.50519828627574      1.560547162079002
                   1593      2.750177383422852      12.96397590637207      1.431051704010287      1.995461715083017      16.20962763940978     0.1963179585609853
                   1594      -5.67005729675293      -1.62753427028656      1.420806764121782      1.980294365715688      15.94543046409486     0.1650701572603226
                   1595     -3.264382123947144      2.103913545608521      1.412763470956655      1.969549995981968      12.10371335462342    -0.1217074195731239
                   1596      15.68124580383301     -6.674305438995361      1.422080692085139      1.966145071854889     0.1551757479329823     -4.473573559018352
                   1597      1.067503452301025      8.725011825561523      1.412307601741794      1.950541148936551       16.3816498296678     0.1709211086280586
                   1598     0.5480037331581116     -0.392717570066452      1.405208428742941      1.945281705441657      2.237685301526987      -1.82753807089161
                   1599      6.382197380065918      3.560577630996704      1.402272265359333      1.938575496005765      0.283720389326608      -3.89829117677108
                   1600      19.63252258300781     -10.50576305389404      1.410398569416215      1.934277265550171    0.05411517774203824     -5.551606991273062
                   1601      8.936887741088867     -9.438418388366699      1.418337066339092       1.93002595657345   0.008985858669586216     -7.343657136037024
                   1602       9.56898307800293     -1.207324028015137      1.416698718166477      1.922519921329899     0.1466293503141914     -4.556453696524754
                   1603      7.502473831176758    -0.7333590984344482      1.414699788773916        1.9147059320096     0.1518616954530544     -4.526876171855073
                   1604       6.73820686340332      2.508582592010498      1.412022051057868        1.9070957335227     0.3400431271721769     -3.726651039357698
                   1605      8.485754013061523      2.555755615234375      1.410055577306047      1.899912954697049     0.2886369697223828     -3.895720845565067
                   1606      8.390146255493164    -0.8726711273193359       1.40720713518485       1.89221925170921     0.2932399367327692     -3.885979272866726
                   1607      18.20433616638184     -6.632499694824219      1.405585981265699      1.885618465504891     0.1544631812846406     -4.531661866912503
                   1608      9.119125366210938     -10.70344638824463      1.401761342831849      1.877852657882046    0.01034738425449194     -7.241735548456293
                   1609      13.53005027770996     -7.588607788085938      1.400312622752465      1.871876914839801     0.2294416687348773     -4.147041806469573
                   1610      5.105154037475586      14.79560470581055      1.388758969916997      1.868007248491337      27.09633895960451     0.6141088692202347
                   1611      5.594804286956787      15.17036628723145      1.376682196999247       1.86433664181378      29.44067795193205     0.6863865261141324
                   1612      1.428862571716309      12.42562580108643      1.366618933848225      1.859973246873887      17.29395711295806     0.1446865059728561
                   1613     -4.892258644104004     -4.631493091583252      1.364450560194587      1.851092721293641      63.48008360166958      1.438681668229112
                   1614     -5.199936866760254     -4.454054832458496        1.3645974332964      1.843448097890669      66.60336496600253      1.482679853061287
                   1615      -5.47142219543457      3.248773574829102      1.363767515177163      1.833938381552707       10.2794668783893    -0.3917072213785864
                   1616    -0.2413210868835449      11.35150909423828      1.356952643358676      1.824346431881233      15.62792636805211    0.01695025433921018
                   1617      5.442032337188721      15.05505847930908      1.346202543175446      1.814176372725202      34.34257743050586     0.7907326853226827
                   1618      4.827262878417969      14.37811279296875      1.334840778399627       1.80449916086626      43.94740090041831      1.023516085553569
                   1619      1.047491550445557      11.34966468811035      1.325013329934288      1.796613687316496      21.95408362726133     0.3177067955334578
                   1620      5.531629085540771      15.57492542266846      1.315522027520632      1.784166822056701      43.93465878499831     0.9973161115405249
                   1621     -6.514154434204102     -4.963501930236816      1.307217916282782      1.771675598065389      40.36997126252086     0.8993406413600599
                   1622     -2.686511754989624      -8.13361644744873      1.301045196529236      1.765393549949888      58.88966079335587      1.268634618824009
                   1623       3.97279167175293      14.13605499267578      1.292979600379347      1.754989205049357      40.64046451989612     0.8856037650641171
                   1624      5.629727363586426      15.68544960021973      1.283358154929327      1.746770093241809       44.8794085917689     0.9726552092474176
                   1625      2.555800914764404      9.874688148498535      1.275675503378171      1.739632354396169      16.25968623536787    -0.0527340444589753
                   1626      19.40759086608887     -12.49312305450439      1.274139778801865      1.736471871027482    0.04011055498470258     -6.060561597583927
                   1627     -2.359771251678467      5.770627498626709      1.271972284517435       1.73146991342523      8.642758195724884    -0.6923113449245031
                   1628      14.40645980834961     -3.480233192443848      1.269511378424977      1.726993586061002    0.09613225836626509     -5.195588670948661
                   1629      7.274357318878174      2.364489316940308      1.268076643383911      1.725103495769116     0.3739167687977787       -3.8395062018099
                   1630      14.64422607421875     -5.881353378295898      1.271099090915318      1.724476815303809      0.229807290881779     -4.324281022751834
                   1631      7.576034069061279      6.976468086242676       1.27127650320551      1.722109805840491     0.1611528068571164     -4.680403063347898
                   1632       5.30711841583252       15.1997241973877      1.263025391738276      1.715735106865658      64.36964487070027       1.29942124216018
                   1633     -4.129229545593262       1.70518171787262      1.256629702013513      1.708742919117125      16.88680584774579   -0.04784863627488695
                   1634     -4.526044845581055    -0.4333364963531494      1.254440877391319      1.699622362514848      25.36339084852804     0.3518303762638053
                   1635      11.68315505981445    -0.9669723510742188      1.251979463584988      1.694560111540202    0.08528850249245312      -5.34813906392888
                   1636      15.25053405761719     -6.029116630554199      1.252883748400235      1.694301002030446     0.2970179189325026      -4.09981714518305
                   1637      13.38274955749512     -6.676668167114258       1.25198942287986      1.691142960003067     0.3354364786972886     -3.980756738121643
                   1638      18.36439323425293     -9.168041229248047      1.249609774044375      1.686259539131308     0.1190195044675003     -5.021696285751797
                   1639      11.16995048522949     -6.359385967254639      1.248828821108166      1.682982429151474     0.1317331373130498      -4.92277594271441
                   1640     -5.583526611328125      3.081626653671265      1.246958050361143      1.674713974774794      14.58105393166538     -0.222500071741183
                   1641     -7.830751419067383     0.6131887435913086      1.248415788922116      1.668090733927692      4.411423827072266     -1.420819918294353
                   1642    0.08424139022827148      8.305039405822754      1.243963100509547      1.659762918425089      25.17335768395033      0.312190807453986
                   1643      4.620207786560059      13.77005767822266      1.242717803101943      1.654440387004061      71.48634326680489      1.351697506093632
                   1644     -3.360777616500854     -6.219263076782227      1.242374021676108      1.650740840813719      96.49190363861821      1.649134872244785
                   1645     -6.831332683563232    0.03673148155212402      1.241130353424833      1.643662575684477      11.70842814837924    -0.4653139904862507
                   1646     -6.140486717224121    -0.6862175464630127      1.237231493842775      1.636730363267008       21.2525129600664     0.1234794365601229
                   1647      2.400842189788818      12.25105857849121      1.231005950812836      1.630176662548491       28.3934131296967     0.4041047615281633
                   1648     -2.803954124450684      2.889441013336182      1.225242406141766      1.626940600044503      16.13743974886467    -0.1675904486562407
                   1649      8.248150825500488      6.492485046386719      1.228248550198144      1.625170311967729      0.129132356658774     -4.994288047551517
                   1650      2.905616521835327      10.00347423553467      1.224046254326864      1.618488334428694        22.307777213892      0.150017434342396
                   1651      3.244383811950684      12.52213287353516      1.217048331706003      1.611140351376988      42.37737574924247     0.7814128802075722
                   1652     -6.308698654174805    -0.7079825401306152      1.213419770435396      1.603442210538186      23.13953894120476     0.1685656296684112
                   1653      4.848423480987549      14.01924133300781      1.208856299575702       1.59789799171641      84.26191391378035      1.453721189783872
                   1654      5.438135147094727      15.59325981140137      1.203386886355161      1.593927541465473      82.97767277118281      1.431340180838819
                   1655      5.436310291290283      15.27873420715332      1.198769232389645      1.590755970617142      100.6268064842096      1.618350938581772
                   1656     -4.768162250518799     -6.279194831848145      1.194421808454079      1.585168431123552      89.20757050803923      1.490746303640992
                   1657      5.311214923858643      15.07201099395752      1.192355430079099      1.583493377812831      114.2345432461095       1.73524534365198
                   1658      0.117828369140625      9.646241188049316      1.186331849594037      1.577288668203039         25.82769756987     0.2394483757736409
                   1659      18.85368919372559     -10.86808967590332      1.185814926301051      1.575614325352084    0.09967763584961044     -5.319310954686583
                   1660      19.86053085327148     -10.03353881835938      1.189706073697565      1.575813713697978      0.107723421194289     -5.238282686157086
                   1661      11.96842384338379     -2.029033184051514      1.192259771667321      1.575778137352172    0.09340650008532538     -5.378767159105074
                   1662     -3.165142297744751      3.516856908798218      1.189494789976573      1.570806840901031      15.95055782769861    -0.2439606252450711
                   1663     0.3542990684509277      10.17060279846191      1.184360245313512      1.565023879332597      29.50740740424256     0.3631726670555075
                   1664     -3.213328838348389      3.056657552719116      1.181141933432322       1.55965747719783      19.34058181645658   -0.06541898175874987
                   1665      3.486171722412109      12.14448356628418       1.17661612216957      1.552087652670925      43.48258700393736     0.7360315854048382
                   1666        1.5818772315979      7.342990875244141       1.17536466172572      1.548873511560031      21.99948813190635    0.05155303929840621
                   1667     -3.586501598358154     -1.404969930648804      1.171283368384453      1.543551078750441       29.5812131011041     0.3407526713496813
                   1668     -5.534886837005615     -4.191037654876709       1.16764050251693      1.535560590362799       57.7397021576676      1.001253086906863
                   1669      1.245332717895508      10.53912353515625      1.163221450754811      1.529706831927658       35.4866859002478     0.5068544568982061
                   1670      4.323120594024658      13.87964248657227      1.157843959399038      1.525161578234235      94.87896301262215      1.482689486215999
                   1671      5.187071323394775      15.31997489929199      1.154121994585281      1.523800450185695      117.2857931687863      1.690588523622826
                   1672      4.564999103546143      6.986753940582275      1.150885440607942      1.521444425161459      2.665327580740299     -2.098053769405054
                   1673      7.305392742156982      2.913431406021118      1.148476847331817      1.518720399307538     0.3598561768165741     -4.104318611439067
                   1674      7.640064239501953      2.294215679168701      1.149686932698522      1.518331270239828      0.420884921869918     -3.946866768143217
                   1675      17.88177108764648     -8.256036758422852      1.150279932534023      1.516976846353472      0.150089937925252     -4.978368305468168
                   1676      16.12473297119141     -6.909690856933594      1.151295948127733      1.516054512439456      0.268947926338317     -4.394810533438154
                   1677      2.015251874923706      6.276817321777344      1.147886703318654      1.511874557197989      15.08910381418645    -0.3733267032135534
                   1678      16.40509223937988       -7.9295973777771       1.14881678052477      1.511173411086892     0.2818005298019418     -4.353509327649358
                   1679      7.089420318603516       1.85876202583313      1.148238366142391      1.509022862322042     0.4955395367088442     -3.790989391064757
                   1680      19.31760215759277     -8.330080032348633      1.147902339233731      1.506842341439725     0.1462578481874146     -5.013004107768259
                   1681      8.664664268493652           -0.353515625      1.146898274341722      1.504729598578429     0.2882378289856614     -4.336867482322281
                   1682      18.04945373535156     -10.02462768554688       1.14489875559469      1.503015310368407     0.1839275347609085     -4.788996421356111
                   1683      6.291594505310059     0.1473281383514404      1.144012267546351      1.500673003945349     0.2843812585582532     -4.355556685221975
                   1684      12.01593399047852     -5.711175918579102      1.142292258489121       1.49761197724966     0.1873991208076324     -4.776178276652167
                   1685       11.5868091583252     -2.846897125244141      1.140122268806251      1.494637223696289     0.1228445949273988     -5.202388647545441
                   1686      8.934682846069336     -7.644285678863525      1.137892633230096      1.491873667495529    0.01899044658021432     -7.073180925426756
                   1687      7.612914085388184      4.472772598266602      1.135686742468877      1.488424489234803     0.4092399296466592      -4.00707046861253
                   1688      20.19087982177734     -12.38229084014893      1.134332703993053      1.485704325014246    0.07730090815143936     -5.676688567146918
                   1689      5.343687057495117       4.72984504699707      1.133166220052644      1.483071477214939     0.6119338056427945     -3.610572721017904
                   1690       6.80467700958252      1.481940984725952      1.131087432799605      1.480124542353892     0.6805591330266203     -3.508107326742228
                   1691      7.604164123535156     -2.088086843490601      1.130071736273391         1.477833975405     0.2714655354521499     -4.429633986017929
                   1692      11.27212238311768      0.141456127166748      1.128278003979593      1.474832618142431     0.1261701179353465     -5.199459552925951
                   1693      14.64318466186523     -3.472920894622803      1.126405645989879      1.472012448560873      0.194539096128576     -4.770032428629899
                   1694      18.41657257080078     -11.14648818969727       1.12481942099347      1.469200756465578     0.2076624209485397     -4.708072932879142
                   1695      3.784104824066162      13.10499382019043      1.121799983027951      1.467527538160129      90.56971038264314      1.366060898643619
                   1696     -5.091021537780762      3.541622161865234      1.123437318227759      1.463567586348113      16.91927954988003    -0.3128486964441026
                   1697      3.466222286224365     -16.30684280395508      1.126683702802931      1.461013838019068  0.0001381770602931941     -12.02713800061148
                   1698      2.607280254364014      11.80998039245605      1.125591390881389      1.454883072972886      55.07723393228314     0.8633980701167829
                   1699     -1.162891268730164      5.144932746887207      1.124522964361726      1.451512044001648      13.46900142353242    -0.5482169264530093
                   1700     -0.424384593963623      10.02536773681641      1.121115168012069      1.448389774889115      33.63886123862396     0.3618858012005119
                   1701     -5.748018264770508     -5.625824928283691      1.117789904672676      1.443326257082725      75.79949952919843      1.167822980234156
                   1702     -1.743286848068237      4.938792705535889      1.116616894763134      1.439431739822254      16.94872671261957    -0.3338278911762402
                   1703     -4.290195941925049     -2.920445919036865      1.113122958286074      1.432833577516486       62.5821534826505     0.9647311996675582
                   1704     -2.960740566253662     -0.652674674987793      1.110761903069155      1.428605563070104       24.1936375729151   0.009262208326706985
                   1705      5.531490325927734      15.16617202758789      1.108537284340996      1.427947804900177      137.5361975222746      1.744594336802589
                   1706     -2.907521486282349     -7.860246658325195      1.104858866246133      1.422514436783102      71.74993687282094      1.086758117741385
                   1707     -2.002041578292847     -8.373090744018555      1.101085665916401      1.418303956852267      49.93187923104217     0.7178455874903754
                   1708       -2.6041100025177     -6.097431182861328      1.096928216172689      1.413729552830482      82.44831396712716      1.212344130692918
                   1709     -4.069982528686523     -7.287932872772217      1.093199247056035      1.409003312977918      103.4915168283473      1.432908219982822
                   1710      2.171980619430542      7.922517776489258      1.090038442593416      1.404709513408518      27.03307604874449    0.08453215165681338
                   1711     0.5837687253952026      2.102106094360352      1.087727154613138      1.405480832509683      2.856572299932854     -2.164480273592472
                   1712      1.111985683441162      11.16787719726562      1.083317587361052      1.401030534009427       44.8399442638573     0.5817630927009021
                   1713      5.478116989135742      15.08623123168945      1.081171062570178      1.399285561140196      150.6239570927826      1.790220447252065
                   1714     -2.622196912765503     0.3964306116104126       1.07841786412938      1.397598171187962      18.45511553645751    -0.3129807022383972
                   1715     -4.274140357971191      0.733100414276123      1.075672038453432      1.392860537336745      26.12229006659816    0.02852166983074234
                   1716     -5.243135452270508     -2.405373811721802      1.072332279475065      1.387306826512486      47.30421776371803     0.6152272747479107
                   1717      -2.67637300491333     -5.830346584320068      1.068394421846741      1.383109799326465      98.64340048675949      1.343430257963735
                   1718     -5.110329151153564     -4.115788459777832      1.064130330007817       1.37890608335094      87.98936996892192        1.2220918801161
                   1719     -1.806554794311523      1.799501538276672      1.061216932349156      1.375789070075691      15.32523591346362    -0.5306278864821256
                   1720      5.853993892669678      7.194846153259277      1.065831699922771      1.374854790935971     0.6959200776848019     -3.618989400804986
                   1721    -0.5407304763793945       6.63652229309082       1.06636575070661      1.371863134065001      21.18655623290474    -0.2047795158736731
                   1722        16.595947265625     -8.624126434326172      1.068055316877465      1.369573582468567     0.3261746603252963     -4.378555798357715
                   1723      11.01082801818848    -0.8927536010742188       1.07011982305307      1.367286649515313     0.1857713333145148     -4.941212394726054
                   1724       5.43407154083252     -10.10930633544922      1.071248904025859      1.365108919648221  0.0004656169343887388     -10.93066040006411
                   1725      4.961455345153809     -3.495033740997314      1.072342551626708      1.363222978751053    0.02537638979976008     -6.932811280106741
                   1726      12.66903877258301     -2.509330749511719      1.071352367523696      1.361000793248363     0.1493366524255099     -5.162982554476818
                   1727      10.32958602905273     -2.260905742645264      1.071218059549066      1.358733841389989     0.2588266567906336     -4.614819575483216
                   1728      12.66105842590332     -1.741405010223389      1.071349866355594      1.356409307776293     0.1731692666731677     -5.018297835547821
                   1729      16.74222946166992     -8.000726699829102      1.072071711973192      1.354711430471647      0.469055697794256      -4.02242483472856
                   1730      13.70880508422852     0.5777902603149414      1.070791775421947      1.352923544404656    0.03575016067154405     -6.599106821178878
                   1731      8.544478416442871     0.5206031799316406      1.069364453448059      1.350380517694285      0.581502995647367     -3.813260731376221
                   1732       11.3379077911377     0.3669366836547852      1.068286520693087      1.347995627931243     0.2021451316013091     -4.872667111697308
                   1733      5.721336364746094     -9.731976509094238      1.066881541064876      1.345817969971393  0.0008840287373630652     -10.30785155449545
                   1734      12.24203205108643     -4.819553852081299      1.065642295333992      1.343668843841049     0.2637507542683074      -4.61234170392122
                   1735     -3.318257331848145      3.402556180953979      1.063382080894892      1.343905892470616      26.61321308186329 -0.0001299816790117423
                   1736     -5.143775463104248     -6.393282890319824      1.062584263017824      1.340502388649771      119.0627455885056      1.494826516765233
                   1737      2.241072654724121      7.199695587158203      1.062847244471966      1.337171604821839      26.91800593085712   0.005730958544501103
                   1738      3.479133605957031      13.48865699768066      1.059023830036109      1.336998136269152      101.0169708284782      1.324490506763189
                   1739      5.583559513092041      15.42837524414062      1.056827853192337      1.339954689298426      164.9844658392601      1.815186455632804
                   1740      5.343660354614258      15.53010177612305      1.056155151004965       1.34110342737987      186.4436606747543      1.937684435200516
                   1741      8.784994125366211     -3.348827362060547      1.054020244424166        1.3415946382802     0.2548696195884405     -4.659105065018577
                   1742      4.506550312042236     -7.284701347351074       1.05411196239256      1.340410584110659  0.0007351750378892129     -10.50829979345926
                   1743      3.698812961578369      3.529779195785522      1.052883861180938      1.339493257553533     0.8330902527817756     -3.477361482661439
                   1744     -4.006218433380127      4.824790000915527      1.050845299429293      1.337280564917964      20.22098557842692    -0.2916185316434266
                   1745      8.820878982543945     -2.811403274536133      1.050391372713788      1.335580529913112     0.4040364910588278     -4.206293695742922
                   1746      3.564444065093994      3.757893562316895      1.048981665608262      1.334805006276578      1.391584635601087     -2.971524303703429
                   1747      9.080751419067383      1.481882810592651      1.048656657888951      1.333436875132134     0.5675687901978369     -3.869696120228492
                   1748            19.21484375     -10.60579681396484      1.048431571155321       1.33294927203083     0.2813407644297604     -4.572071865786116
                   1749      5.053713798522949      4.673218250274658      1.047613672495499      1.331054326190227     0.9158362844244916     -3.394003916486021
                   1750      7.104930400848389      3.827798366546631      1.046407783833702      1.328993368006569      0.787372136318309     -3.547841855050328
                   1751      5.355988025665283     -5.531595230102539      1.045778731329055      1.327626479677446    0.00850276138031752     -8.077782245326475
                   1752     -3.708041667938232      3.162858247756958      1.046540314381332      1.323809745721962      32.60421897106244     0.1718727352325237
                   1753     -5.242841720581055    -0.7611312866210938      1.046284529110738      1.319945372460732      38.39384500684405     0.3321603598373875
                   1754     -5.223386287689209     -5.677318096160889      1.046046561877191      1.316318978967108      139.8369816601307      1.621761898194269
                   1755     -3.311716556549072      3.341293573379517       1.04541784181556       1.31264709086251      36.86229122764023     0.2850790462583826
                   1756      2.299019813537598     -12.96562385559082      1.045734414565409      1.310632821961085    0.00331914165829102     -9.031392044616615
                   1757     -4.429590702056885     -6.684110164642334      1.044577281087103      1.308480729671397      164.9234869034878      1.779388157446257
                   1758   -0.06914710998535156      8.834572792053223      1.042318963529854      1.304796854119678      45.50629171247802          0.48677346375
                   1759     -2.413846492767334      5.488667011260986      1.039878900475637       1.30271229697971      24.67206027902434      -0.12934831847909
                   1760     0.1096930503845215      11.64385414123535      1.036880702035894      1.303187182518886      41.06875886985105     0.3777050348221325
                   1761      1.532166004180908      12.29379081726074      1.033467279885272      1.301729154373529      55.06375339055694     0.6665321091165324
                   1762      4.773388862609863      14.17913818359375      1.032487946780311      1.302098123669138      199.6351674962646      1.953867318048345
                   1763      4.230297088623047      12.70122146606445      1.029292917110537      1.298718509914432       120.151465292018      1.440430755686939
                   1764      5.261596202850342      14.13657093048096      1.030580756313485      1.299731825393934      222.2128595001101       2.05734369163867
                   1765     -5.507431030273438      2.478545427322388       1.02939720804204      1.297236448619267      22.63206890309582    -0.2299950294008802
                   1766      5.064715385437012       14.8397159576416      1.030681407943721      1.299900488268978      256.6317397634239      2.201577499862609
                   1767      3.898386478424072       7.21173095703125      1.028909862310604      1.298897068286179      7.515437575846265       -1.3315978973772
                   1768      4.794486045837402      13.85876655578613       1.03277924797722      1.301695634361132      241.1531565378354      2.142780955128802
                   1769     -5.362737655639648     -4.994946002960205       1.03030259556888      1.298480229959436      133.1582807923808      1.544013072814895
                   1770      17.79490089416504     -8.941255569458008      1.031015403186399      1.297670400659497     0.3889459110912798     -4.291772685560864
                   1771     -2.860080003738403      3.319066524505615      1.031618367494535      1.295632971923294      35.39938127047164     0.2182500017412315
                   1772    -0.7865514755249023      7.644003868103027       1.02921826127132      1.293012255175291      28.35455110241356  -0.008010824602540257
                   1773      2.591224193572998      11.35404777526855      1.026258250814274      1.289318040691694      60.92118052267317     0.7510412586857761
                   1774     -2.957298994064331      2.787355422973633      1.023761462915173      1.285853853017935      37.88172723508075     0.2708028957886631
                   1775      4.681080341339111      14.74717330932617      1.024319259370755      1.287714854290271      269.6569139261531      2.235475436449533
                   1776     -3.458824634552002       -5.1956467628479      1.021771594535696      1.284334028585798      132.2959952922301      1.518247600280752
                   1777      2.148101329803467     -9.852344512939453      1.020293338709515      1.283187989339268    0.05514972503988048     -6.266838244776823
                   1778     -3.922686100006104     0.9370107650756836      1.018400168076358      1.280601398074991       31.8987760953671    0.08955788839266589
                   1779      -4.71583366394043    -0.3950365781784058      1.016635841574247      1.277513781705428      35.50869199713143     0.1926198274124394
                   1780      7.408132553100586     0.1338393688201904      1.016143384062776      1.276173250033044     0.6218783834436199     -3.853702810414576
                   1781      5.375144004821777      15.37703514099121      1.016749828896844      1.277059913006476      267.9673197890113      2.213464125575615
                   1782     -1.422301411628723      5.263246536254883      1.014541843176503      1.274834049624103      20.00708850546165    -0.3852327233123674
                   1783     -1.486997127532959      6.256102561950684      1.012311693847899      1.272547617034999      21.15709535605792    -0.3333397596964038
                   1784     -1.979236125946045      6.296271324157715      1.010012375061204       1.26998383070002      22.69001112249874    -0.2676809559260641
                   1785      15.26592445373535     -3.789941310882568      1.008918032090898      1.268946977641837     0.1811642490075186     -5.099857796640756
                   1786      7.070642948150635     -4.644798755645752      1.009022580539158      1.269037247050117    0.07036274203861047     -6.045423225152917
                   1787    -0.5784682035446167     -2.946088790893555      1.008622580599716      1.269104517680727      6.797357991024679     -1.475141324878434
                   1788     -3.391800880432129      3.166556119918823      1.007269123986577      1.267254503403386      44.58596252802652     0.4029421543683801
                   1789    0.07203507423400879      6.856732368469238      1.005295948938123      1.264363642771839      31.33302346593812    0.04595102841759045
                   1790     -5.828131198883057      1.190904378890991      1.003776095592081      1.261652080800395      26.28502753842909    -0.1333819935234454
                   1791      -5.81171989440918     -3.017157077789307      1.002060437041658      1.258067852809092      66.07057678087595     0.7837864300926547
                   1792     -6.562975883483887    -0.3277163505554199      1.000885227901555      1.255631182422525      23.15453827853375    -0.2678584809393967
                   1793     -6.501009941101074     -1.308549642562866     0.9989141916262836       1.25285416887237      31.53366354694916     0.0368210476159599
                   1794      2.691057205200195     -11.34135437011719     0.9977584799814366      1.252737691666471   0.009549181786538583     -8.066785028072168
                   1795     -4.059601306915283     -6.251857757568359     0.9950852758023887      1.250661210524773      176.4207974212673      1.753045077661575
                   1796      -4.02342414855957     -8.219072341918945     0.9919644463611069       1.24803110310527      116.9404199311341      1.336591256150252
                   1797     -3.316168546676636     -7.224685668945312      0.988928899537837      1.245210941397835      151.9983274047879      1.593469125183877
                   1798     -3.152611255645752         -9.06103515625      0.985951575667141      1.242366337369726      82.02080503323887     0.9712702982770891
                   1799    -0.8400168418884277     -9.611461639404297     0.9840605517638562      1.240784091722037      13.80548355675502    -0.8138309601252409
                   1800      4.916202545166016     -8.396400451660156     0.9826433999667318      1.239638931619657    0.00106630606743023     -10.28481621235466
                   1801     -3.731786251068115      -4.66229772567749     0.9795729724082878      1.236203282579962      149.8177945351869      1.562253624662524
                   1802     -1.712738990783691     -6.075469970703125      0.976743592661013      1.232818671097843      73.86729776190948     0.8494697582562574
                   1803     -6.660636901855469     -0.466212272644043     0.9749628697197639      1.231688577993265      26.64926410526888    -0.1727807954561575
                   1804     -1.625576972961426      4.339641571044922      0.972993364725548      1.229609842903056      28.39463635408214    -0.1130533283676582
                   1805      6.274234771728516     -8.976550102233887     0.9723779135498158      1.231194830868995   0.001582929612711823     -9.907076105497056
                   1806      1.293519973754883      12.02421951293945      0.972367347535937      1.229946817293411      49.16056738129092     0.4354686433932866
                   1807     -2.894861936569214    -0.3554520606994629     0.9705019082274479      1.227683507041284      24.99157325856581    -0.2448466425519885
                   1808       19.4273796081543     -13.00457191467285     0.9733396999824642        1.2274529795197    0.09526304009465887      -5.81176672461642
                   1809      4.535782337188721      13.96757125854492     0.9737235633744468       1.22996056192877       254.149512690835      2.079704503538164
                   1810       5.40866231918335      15.37084770202637     0.9733855427828922      1.233637280573941      277.1452147793384      2.168961023366303
                   1811      5.138623714447021      15.18915843963623     0.9739848071828594      1.237700995314091      318.2922430850105      2.311293516175993
                   1812     0.6704182624816895      8.620565414428711     0.9717718416447794      1.235539969382028      45.11913321571304     0.3536077632823715
                   1813      -3.57977294921875      -6.36799430847168     0.9695245894012106      1.232772663487833      186.3321488666419      1.767274719675761
                   1814     -3.329190731048584      -8.26118278503418     0.9668401870315149      1.231201663410991      128.7911678694151      1.393888332625257
                   1815     -1.632814884185791      -7.17576789855957     0.9644323078610293      1.229812219951872      70.68774321020983     0.7903455558928829
                   1816     -3.930495023727417     -4.843560218811035     0.9618406994205186      1.227805650528406      169.4610496047669      1.660372724699873
                   1817     0.7188105583190918       9.59770393371582     0.9597883778533752      1.226225326779264      51.46947991536548     0.4653146643790643
                   1818     0.5972037315368652      5.177851676940918     0.9584187364173742      1.225669202098715      11.87904102980153     -1.002780427467768
                   1819       11.2546215057373     -8.302288055419922     0.9592696438853436      1.224390028864351    0.07026441396813644     -6.133202594977448
                   1820      6.091519355773926      3.787348747253418     0.9630141500144042      1.223808452569037      0.619389571313089     -3.953312839990564
                   1821     -3.695216655731201     -5.433218479156494     0.9607628319225736      1.221758631149665      208.9921735763351      1.863987935625322
                   1822       19.7336311340332     -9.644218444824219     0.9606496295554932      1.220805039928525     0.2076844852534837     -5.050942761639321
                   1823      16.68326187133789     -7.809788227081299     0.9620821363753477      1.220119171084927     0.4438977820170154     -4.290440376541645
                   1824      6.843868732452393     -8.697821617126465      0.963452028743475      1.219577773094065   0.002690739065446989     -9.395239744157562
                   1825      3.963232040405273     -7.450526714324951     0.9643245549104725      1.218807337602685   0.001512736159014438     -9.970862316293166
                   1826      -1.62837815284729     0.3918952941894531     0.9639474743299504      1.217432921057036      12.46841630356596    -0.9553477400218764
                   1827      4.047243595123291      13.99588680267334     0.9631366364856716      1.215173796997874      232.6009158045453       1.96807879883347
                   1828      -6.43228816986084      1.434974431991577      0.962901453247679      1.213187732536381      19.26909128637383    -0.5246229928502865
                   1829     0.2901549339294434      8.474915504455566     0.9610894996670968      1.211927349862148      49.35904284379566     0.4130726921450699
                   1830     -2.832459926605225      2.079554796218872      0.959755958538296      1.210377120296359      35.98039004221511    0.09425731613258957
                   1831     -6.008184432983398      2.191117763519287     0.9590458956457995      1.208130793061384      21.27788490853963    -0.4336462121189761
                   1832     -4.382586479187012     0.8510682582855225     0.9582203452030997      1.205648248251992      36.70832656864078     0.1087709800415449
                   1833      1.654906272888184      10.19136810302734     0.9569011411461724      1.203316719896082      52.50978902804217     0.4634535967588649
                   1834     -1.458292961120605      5.871503353118896     0.9554181430429397      1.202863108973938      24.55501642578577    -0.2985578775217551
                   1835      -1.13452410697937      7.090602874755859     0.9535939680310014      1.201384376231087      28.29043950855159    -0.1600913453105856
                   1836       5.33345365524292      15.34094619750977     0.9530151143781946      1.201947035224739      314.0801043719846      2.246893821559381
                   1837     -1.516109704971313     -5.879003524780273     0.9510736022079177      1.199658092232361       68.5437129179051     0.7207719578094142
                   1838     0.8394174575805664      11.00160980224609     0.9497039117534173      1.197407262149764      58.10225132266276     0.5521855049406924
                   1839     -1.682245969772339      2.205256462097168     0.9483182328851468       1.19542434607201      24.80126086168174     -0.302241924502415
                   1840      5.535090446472168      15.63372230529785     0.9477358885574282      1.196164323363827      295.8700234527633      2.176788377144104
                   1841     0.7953424453735352      11.70827960968018     0.9458429199798679      1.195008486591665      54.10779330767611     0.4748802491995077
                   1842      1.841060638427734      11.47299003601074     0.9436257133513364      1.193053681643309      63.10809464881491     0.6247670050387025
                   1843       3.17991304397583      13.36775302886963     0.9410073637003886      1.190481495664189      122.6870230068797      1.284617616740178
                   1844      0.321784496307373      12.13579177856445     0.9389917366207936      1.188481687623214      47.30583496467125      0.327789151504398
                   1845      4.469461917877197       14.7901086807251     0.9384037834961764      1.188199867485487      336.4953449309875      2.288876313942074
                   1846       5.34052562713623      15.41963577270508     0.9382922148153737      1.188490206952388      359.2470362162665      2.354427697231241
                   1847    -0.3069157600402832      9.917819976806641     0.9363632373571695      1.186039910599176      52.45427531623304      0.426237494619029
                   1848      11.42359161376953     -6.080913543701172     0.9356044602150739      1.185294376464818     0.1522619383148079     -5.417296774137482
                   1849      4.521178722381592      7.317287921905518     0.9374590647368014      1.187444199763952      2.864048660523606     -2.479115177743822
                   1850      15.68256092071533     -3.929595947265625     0.9381843489308418      1.188176746127295     0.1566560349582052     -5.383664063269454
                   1851      5.823177337646484     -3.398301601409912     0.9383769978727625      1.188741239136749    0.05461947649798788     -6.436645773278505
                   1852      11.39181137084961    -0.5691804885864258     0.9384955827466526      1.188199742473945     0.1859344319448788     -5.211971470205393
                   1853       20.1762752532959     -10.83923149108887     0.9394222882475821      1.188132876953368     0.1654834516145016      -5.32756369194337
                   1854      10.12538528442383      1.691853046417236     0.9390190568402099      1.187972229315436     0.2284457251441638     -5.005700780951076
                   1855      5.485392570495605       1.80055034160614     0.9392600019108631      1.187554424348763     0.3770361344337151     -4.504753604556254
                   1856      17.60868644714355     -8.927316665649414     0.9389864126004756      1.186520523481991     0.4074783557605702     -4.428269135002544
                   1857      3.889723300933838      5.130839347839355     0.9388316106219008      1.185711809705024      2.054387293822928     -2.811370713970489
                   1858       5.82300853729248      2.987630367279053     0.9388328776468284      1.185146470407396     0.6399115066569436     -3.978249303942716
                   1859      2.421630382537842      4.108838558197021     0.9381067114570288      1.184582045928289      2.229506812123348     -2.731293659405662
                   1860       19.5007438659668     -9.701820373535156      0.937959197015764      1.183643876848996     0.2912180766696816     -4.767706504368483
                   1861      15.33172512054443     -4.731241703033447      0.937749194222213      1.183137650133508     0.2490793475826659       -4.9246590793997
                   1862      10.23611450195312     -8.467926025390625     0.9368760178495439       1.18181847433931    0.03608606456704461     -6.858570999640022
                   1863       13.9282054901123     -2.951475143432617     0.9362623391368525      1.180938102602474     0.1709029118984138     -5.304782587361604
                   1864      17.12425231933594     -7.535861968994141     0.9356892872366687      1.179834568946859     0.5366247611736672       -4.1621262772266
                   1865      6.800495624542236     -8.113687515258789     0.9351600296140541        1.1792782327639   0.003588634934858179     -9.170690912148789
                   1866      9.164039611816406     -3.606143951416016     0.9344955480122689      1.178050730806311     0.2365385342373118     -4.984103912368025
                   1867      18.09405517578125     -9.110706329345703     0.9336970382828395      1.177124700999205     0.4920114564824798     -4.253354266790977
                   1868      7.788393497467041     -5.054403305053711      0.932843215266255      1.176217043286864    0.08358484409547756     -6.027680305782575
                   1869      17.28982543945312     -7.718850135803223     0.9321442447342677       1.17508573883098     0.6500157697876044     -3.978257745149743
                   1870      3.717777729034424      5.160114288330078     0.9315081191015679        1.1738916504537      2.939709661538013     -2.470887621586086
                   1871     0.7206122875213623      -7.79247522354126     0.9306297661504009      1.172632203039365      2.181489082115465     -2.771207574072471
                   1872      13.24973011016846     -4.293836116790771     0.9297753208367268      1.171417853479447     0.2553613481868879     -4.918245638879797
                   1873      16.34582901000977     -4.394869804382324     0.9289317888649967      1.170155830396568     0.2136259923106096     -5.098684028141855
                   1874    0.02437818050384521     -1.852167725563049     0.9280833955860752      1.168882040363284      1.775691524984685     -2.982968471634706
                   1875    -0.4440650939941406      9.882695198059082      0.926772881641546      1.166955899891164      62.41784853302475     0.5736305880123403
                   1876     -2.402810573577881     -2.293534517288208     0.9272360637193393      1.167199269503096      31.44410849288733    -0.1113008606484243
                   1877     -4.983444213867188     -6.322446823120117     0.9278920152468009      1.164661477079941      196.5708383276589      1.720040921187981
                   1878     -3.649617195129395     -6.618712425231934     0.9282588687826087      1.162540028656556      252.1270042313619       1.96752310818885
                   1879     -1.870746850967407      4.908821105957031     0.9287598054169743      1.160916619549425      34.02489902575698   -0.03617515900469927
                   1880      4.353244781494141      5.926375865936279     0.9293516602971933      1.160123088124804      2.933204601409352     -2.487218916386388
                   1881      15.53478908538818     -4.158458709716797     0.9288361421084289      1.158941355166666      0.291535573768347     -4.797481713676112
                   1882      11.55325222015381     -1.451986789703369     0.9282606216294456      1.158050198078582     0.2347119445356283     -5.015673797717289
                   1883      7.543710708618164     -3.354705095291138     0.9277883809369606      1.156889200383243      0.238466445127716     -5.001316097658926
                   1884      8.928314208984375     -2.666740417480469     0.9270621384356305      1.155970451461184     0.4148745816005387     -4.449145989325838
                   1885      8.966700553894043     0.9866695404052734     0.9264006500594059      1.155022822962135      0.598330037251955     -4.084513638936701
                   1886      8.161458969116211      0.945002555847168     0.9259224846904857       1.15387605872377      0.810466796580574     -3.782555398927959
                   1887       13.6501579284668     -4.270034790039062     0.9251310134844355      1.153161314253836     0.3133723911622634     -4.734248319904906
                   1888      4.039133071899414     -10.47475719451904     0.9254892989777294      1.152414891752452   0.003403670157465624      -9.25704653129247
                   1889      17.98883819580078      -7.07463550567627     0.9248690396613852      1.151384356730887     0.5427126926852985     -4.186885830409312
                   1890      13.66691017150879     -4.452503681182861      0.924047910361429      1.150392093188381     0.3754215714075337     -4.557166713684053
                   1891         10.70361328125     -1.929491996765137     0.9239549813975737      1.149425819713831     0.3030041365065289     -4.772410718086061
                   1892      13.01352500915527     -3.161570072174072     0.9231589108194047      1.148296686059582     0.2934992426690633     -4.806126906665033
                   1893      2.890814542770386     -2.929907560348511     0.9223982563733338      1.147095610228483    0.05865859747455285     -6.418138630891448
                   1894      2.502782583236694     -3.594270467758179     0.9216313136956527      1.146091966802471    0.08276290822739489     -6.075599929856337
                   1895      19.10326766967773     -10.71715259552002     0.9214126485056844      1.145250352585433     0.3904340020504237      -4.52529286713856
                   1896      11.60737323760986     -5.765297889709473     0.9210099117706205      1.144256611317612     0.2378399439679424     -5.022259135184952
                   1897      8.996414184570312     0.3804616928100586     0.9202575988958854       1.14316492615281      0.795232305569966     -3.816994478211733
                   1898      15.97980499267578      -9.23419189453125     0.9200401684522963      1.142378042240503     0.4347244206095782     -4.421841318212524
                   1899      16.36350250244141     -5.037169933319092     0.9196509131776904      1.141420955397315     0.3591630168709737     -4.614038589261644
                   1900      10.34696769714355      2.836548805236816     0.9194210875674445      1.140855752989072      0.204317624383184     -5.178884428917548
                   1901       11.7299919128418     -4.288357734680176     0.9188943886136615      1.139950734038897     0.2805637437715162     -4.863125863608334
                   1902      6.794056415557861     -5.311483860015869     0.9181093713688162      1.138911908071374    0.05082771755971582     -6.573251363347977
                   1903      14.71309089660645      -2.84433650970459     0.9174754642444415       1.13792128987749     0.2768388464923416     -4.879818493970727
                   1904   -0.04871630668640137      2.077086925506592     0.9169053011603863      1.136821806498355      5.665764975883043     -1.862645178420128
                   1905      6.915804862976074      -5.37583589553833     0.9162566784294133      1.135943828880517     0.0637123110898014     -6.351944829511345
                   1906      9.822107315063477     -2.591650009155273     0.9155152295047935      1.134949150643257      0.433672701808719      -4.43571810066568
                   1907      5.801460266113281      4.130902767181396     0.9149932726051931      1.133885252054386     0.9451029460313941     -3.658222471261613
                   1908      13.41753768920898     -6.797194480895996      0.914249113588685      1.132856954130889     0.3270467891412082     -4.721134000649767
                   1909       2.49383544921875      5.606037139892578     0.9135856493652421      1.131658836660181       9.68695902604545     -1.334485540912215
                   1910      7.056703090667725      8.701244354248047     0.9130811289035285      1.130804694930357     0.1795831477884136     -5.323690500255127
                   1911    0.08193778991699219      8.744827270507812     0.9119126040642866       1.13140762721645      79.23584247101243      0.765107678941608
                   1912      4.350191593170166      14.84488391876221     0.9132616963010066      1.134746777735372      426.6846654011472      2.453149471681103
                   1913      7.785195827484131     -4.935558319091797     0.9129215802220171      1.134868695549847     0.1312527664885934     -5.633791133600503
                   1914      10.76215839385986     -7.011590003967285     0.9121681050990351      1.134143864487334      0.142130179578641     -5.555637298874123
                   1915      4.284020900726318      3.811498641967773     0.9115726680005277      1.133091343337413      1.428694044784185     -3.249446090215678
                   1916      6.622762680053711     -3.315072059631348     0.9108874657131755      1.132062176362264     0.1569494621910895     -5.459698932479291
                   1917      4.583329677581787     -9.898804664611816     0.9102995925261363      1.131560557887211   0.002570309188450226     -9.572685383835228
                   1918      10.57933807373047     -2.928563594818115     0.9096192512476523      1.131030574130134     0.3834355873420349     -4.568756071810485
                   1919      5.571123600006104     -11.56667232513428     0.9091724307295451      1.130154211182761   0.001053759144248258     -10.46683028428887
                   1920      13.58821296691895      -4.44907808303833     0.9085321829824968      1.129317574108236     0.5248318568158724     -4.257561271195213
                   1921       12.2642068862915     -4.844879150390625     0.9081747834914157      1.128589180948109      0.457393250924906     -4.396134335512206
                   1922      15.90245628356934      -12.1966724395752     0.9084870950627928      1.128658391446288    0.03826785547621915     -6.876662447428138
                   1923      6.907119750976562     -2.690851449966431     0.9081006189706656      1.128713176547447     0.2887374536255789     -4.856131856292946
                   1924      4.292043685913086      11.00059700012207     0.9073520330141049      1.127759605916466      50.44708354376947      0.305360679284875
                   1925      1.828378677368164      12.22404384613037     0.9067605168985714      1.127324811021082      82.37856839719672     0.7947233135743397
                   1926      5.219693660736084      15.20441436767578     0.9097988742565971      1.132949239784556        522.58193404189      2.650501744466359
                   1927      3.201730728149414      11.54163932800293     0.9080770244686169      1.133197772308048      85.08586926027307     0.8337059241254002
                   1928      1.283628940582275      11.18253707885742     0.9064880763816859      1.132043644556745      96.18531293804074     0.9535513089302808
                   1929       6.97567081451416       5.93831205368042      0.905803227395915      1.131962125442439     0.4566674559501319     -4.397352981055453
                   1930      8.315332412719727     -1.193684577941895     0.9053400308155884      1.131904886298068     0.7815377694628228     -3.860607025369074
                   1931      12.76634216308594     -1.789796352386475     0.9048673394385728      1.131004106013294     0.2552275042242885     -4.981033559756014
                   1932      3.837126731872559     -2.825150966644287     0.9049528145347232      1.131082534608609    0.02968842709146688     -7.132267772122022
                   1933      9.293171882629395     0.7063965797424316     0.9041761189373581      1.131144043881125     0.8856951707955116      -3.73745650243381
                   1934     0.1829270124435425      1.217030048370361     0.9037850323334395       1.13022415006513      3.707289804313308     -2.307019165200098
                   1935     -4.778769016265869      3.401088237762451     0.9050809040234054       1.12849534217531      33.11160740936589    -0.1175343517000159
                   1936     -6.797410488128662     -3.204988956451416     0.9056907594074977      1.127137656382863      36.80861412011959   -0.01221658442733192
                   1937     -2.840165615081787        3.3796546459198     0.9054926475932132      1.125586031758691      52.43013905825797     0.3399367976963108
                   1938      3.467656135559082      12.53193283081055     0.9035206716500244      1.124410520298599       151.572407196127      1.398293575865584
                   1939      1.618824005126953      11.82316017150879     0.9015628146396133      1.123972538453739      102.9480700929039      1.008895948693644
                   1940      1.552669525146484      10.75177383422852     0.8996202279675338      1.122748830062047      107.7080225886087      1.050848991969859
                   1941      8.023625373840332      10.28580665588379     0.8987420531539168      1.122569810316246     0.2182787727676345     -5.151693437424322
                   1942      3.943509578704834      12.57222843170166     0.8966011307541671      1.120952244201672      194.4493328688485      1.636633488860886
                   1943      4.502074718475342      14.65053844451904      0.898149586521691      1.123568444042139       513.601236103441      2.611965746262984
                   1944      7.008418083190918     -1.945126533508301     0.8979023864104247      1.123463001373381     0.4153043400959214     -4.508594211941042
                   1945      19.05272674560547     -7.425743579864502     0.8980992274762239      1.123902060397083     0.3492538979731638     -4.681196722491753
                   1946      3.794425010681152      1.536556959152222     0.8983502263927876      1.124439024918966     0.2446789462699427     -5.036291860882288
                   1947      3.877574443817139      4.247803211212158     0.8980120980988819      1.124183602209565       2.32735831526731     -2.784353295987226
                   1948      17.35774993896484      -7.81554126739502     0.8974682018366845      1.123918111149324     0.8870048806520506     -3.749833986131855
                   1949      12.36146450042725      2.077288627624512     0.8972374450262934      1.123484149657443    0.05072523390395638     -6.611904316186079
                   1950      6.341651916503906      3.717341184616089     0.8971043108109057      1.122839252637974      1.100446938337813      -3.53557870268029
                   1951      9.652901649475098     0.7389068603515625     0.8976018956550113       1.12275920502746     0.8848325255783098     -3.753168786103884
                   1952      6.722012519836426      5.498366355895996     0.8969766929205182      1.122966031712317     0.7652410356045997     -3.898888885579287
                   1953      5.636486053466797      2.808489561080933     0.8971921515720919      1.122991698258919      1.106423817150014     -3.529928409841145
                   1954      7.354899883270264     -11.93551063537598      0.897180766893684      1.122495035391432   0.002093656854332448     -9.800359543311858
                   1955      8.123590469360352     0.1804046630859375     0.8966520837642176      1.121715651973423      1.374563714241315     -3.314664128126146
                   1956      14.52729606628418     -7.252845764160156     0.8960876040810037       1.12110484484666     0.4098014853913218     -4.526057346087907
                   1957      3.369585990905762     -2.215273380279541     0.8956970389955435      1.120307597676772    0.05533626032794545     -6.529449141005246
                   1958      11.47999572753906     0.0607762336730957     0.8951456179860489      1.119664041333148     0.3237067437070119     -4.764229977016807
                   1959      12.46420097351074     -2.738204002380371     0.8947411885307024      1.118765118194461      0.398456126208717     -4.557725654405845
                   1960       19.5867919921875     -10.65178680419922     0.8947933585789308      1.118127920879085     0.4191218476679915     -4.507672776384382
                   1961      6.780344486236572     -10.67241668701172     0.8942618551027146      1.117498690785874   0.002920714705959341     -9.475163195167385
                   1962    -0.4762643575668335    -0.6300999522209167     0.8936008497656041      1.116840641132895      3.942351162373419     -2.268787447051483
                   1963      20.09405899047852     -4.708482265472412     0.8933670954764321      1.116158638826118    0.01138433159796778     -8.116954485151595
                   1964      8.779130935668945     -2.884555101394653     0.8933116633358469      1.115531062204824     0.6229235779063889     -4.115393103892719
                   1965      18.27243995666504     -9.124861717224121     0.8927255083228069      1.114629053663013     0.7959316403434336     -3.871768937266582
                   1966      11.26871299743652     -2.580520153045654     0.8923318941385947      1.113839924348689     0.4851904910435121     -4.367889897277156
                   1967      15.22214508056641     -4.432034969329834     0.8920518203117912      1.113230686345066     0.5137710217995528     -4.311514829940133
                   1968      1.929359436035156      -8.34312629699707     0.8916667756417899      1.112642420139519     0.2361514769799553     -5.089779366265361
                   1969      9.408350944519043      -4.05144739151001     0.8910788442949029      1.111827047627571     0.3737530252169319     -4.632050271701385
                   1970      18.71756362915039     -9.643372535705566     0.8906032282483018      1.111002362640026      0.788290523844979     -3.887054692927728
                   1971      10.10211563110352    -0.7137079238891602     0.8903413032812961       1.11042892504044     0.9265968558102122     -3.726213239439019
                   1972      2.327181816101074      11.06256294250488     0.8889748407017581      1.109911969746231      119.4453694773341      1.130880971877009
                   1973   -0.03481674194335938      9.637546539306641     0.8880719956904761       1.11044571247856      100.9521944263115     0.9621335998468834
                   1974      1.577828884124756      12.99135398864746     0.8869085883543738      1.111107357728577      91.47827931170805     0.8628728411739832
                   1975      7.373046398162842     -10.18947315216064     0.8864279713851616      1.111654037386145   0.005012711542979594      -8.94905715839309
                   1976      12.84551048278809     -10.89734840393066       0.88600028183524      1.110873999177038    0.03854022919339068     -6.910516084134462
                   1977      11.08789825439453      1.993624210357666     0.8853996358288159       1.11029729719172     0.2583160162246544     -5.009232426616066
                   1978      17.30154037475586      -8.99714469909668     0.8851815728367948      1.109813977211881      1.014397971163828     -3.642047267008004
                   1979      18.82758140563965     -8.877052307128906     0.8848263520812093      1.108940295129673     0.9466412403099832     -3.712366587883846
                   1980      3.618329286575317     -9.009851455688477     0.8843869017485574      1.108164147007281    0.01561370008607023     -7.818334952327811
                   1981      5.116609573364258      15.27731990814209     0.8885103180784948      1.113199777912073      615.8064834190509      2.773389799631149
                   1982     -3.349082469940186      1.395210027694702     0.8886423398740634      1.112407634471098      48.40310920657351     0.2294578192272202
                   1983     -5.657252311706543      3.237332820892334     0.8901897611542936       1.11095530439739      26.35183545094714    -0.3781349121587942
                   1984     -8.579062461853027   -0.06193685531616211     0.8915046045577985      1.109782896561955      4.674976652180497     -2.107028597565958
                   1985     -6.602975368499756     -3.757861614227295     0.8918206733501257      1.108072384121792      57.69520526836472      0.404733284939318
                   1986     0.1159234046936035      8.114297866821289     0.8910905668786722      1.106331618813653      82.93966571360197     0.7652814114553504
                   1987     -4.408439159393311    -0.6751302480697632     0.8905166337555049      1.105046886499784      46.00454495912715     0.1741019661681764
                   1988     -2.896705150604248      1.436108350753784      0.890412587859768      1.103434105400422      51.23991148823673     0.2803031416865087
                   1989     -6.878350257873535     -1.850342035293579     0.8897474089055558       1.10214761315225      31.71684308627824    -0.2012816442282386
                   1990     -1.986093044281006     -9.469112396240234     0.8888601912153565      1.101232357152656      47.69167978605006     0.2047990141647754
                   1991     -2.522496700286865       -10.165846824646      0.887912752135491      1.100383391369899      41.23088615824329    0.05739200642160328
                   1992     -4.300826072692871     -7.016008377075195     0.8861938393252254      1.098671298588077      264.9597159874472      1.914287269695271
                   1993     -3.639790773391724     -7.935324668884277       0.88436290578955      1.096769599494669      223.3559134125265      1.739675384305519
                   1994     -2.810953617095947     -8.488536834716797     0.8825501287614348      1.094764515373608      167.5205547611505      1.448133158874299
                   1995     -5.788292407989502     -4.686727523803711     0.8807659637162732      1.092779960771997       146.639951956227      1.311169314390951
                   1996    -0.1141180992126465      9.994396209716797     0.8793874415481576      1.092750244668371      112.0492464121204      1.040533953501379
                   1997      12.69608402252197     -10.16178417205811     0.8805224119041298       1.09261747565515    0.07519975452082867     -6.264843535613707
                   1998     0.7547670602798462      1.438368797302246     0.8810260778437852      1.092126716220232      2.533033315135883     -2.747696115629598
                   1999       12.4171314239502      -1.38717794418335     0.8814272217319061      1.091465663017177     0.4139536965004919     -4.559265056910362
                   2000       10.1172046661377     -0.121556282043457     0.8817484493346937      1.090785172011831      1.045764989035103     -3.632774522632912
