#! FIELDS time deep21.node-0 deep21.node-1 sigma_deep21.node-0 sigma_deep21.node-1 height
#! SET action OPES_METAD_state
#! SET biasfactor       12.02723625380408
#! SET epsilon   2.008904905162975e-06
#! SET kernel_cutoff       5.122093479753262
#! SET compression_threshold                       1
#! SET zed      0.0761204921277686
#! SET sum_weights        1260.67997987148
#! SET sum_weights2       8347.958156032417
#! SET counter  992
#! SET adaptive_counter  500000
#! SET sigma0_deep21.node-0      0.6608930083767401
#! SET av_cv_deep21.node-0      -26.89923702856847
#! SET av_M2_deep21.node-0       21117002.14570379
#! SET sigma0_deep21.node-1       8.917579706317905
#! SET av_cv_deep21.node-1       6.321240148875025
#! SET av_M2_deep21.node-1       71429668.63986239
                   1000      12.66659001705501      13.19728270076457     0.7656924102276658      2.302379073467022       915.781943469371
                   1000      10.52137832697566      17.74612621037336     0.8317035364113935       1.99943352997763      21.17531781069288
                   1000      7.594661519995439      18.64483311845678     0.7234864357928249      2.109187100096914    0.01755944982925817
                   1000      8.678670591916452     -15.42133849927117     0.7334616147593301      2.240028340293442      75.82646591268626
                   1000      10.57741145945598     -19.23380886182781     0.7542569522465103      2.090777415935812      974.1563617326369
                   1000      9.731376943637967     -10.23653707995674     0.7937520588073385      2.201855705764667      5.477342724799553
                   1000       7.57172970710115     -14.36724051778011     0.7831653139450704      2.017753023519345      12.71864315954622
                   1000      10.66431006131945      8.508181123101222     0.7269211904144807      3.235876804790662      1.692650909019377
                   1000      3.992078211755915       2.84304389941403     0.7565235412996243      2.243098712694888    0.03719408778351681
                   1000      5.870618239733909     -8.930422483148435     0.8691562642327632      1.718394718807178      0.572265521523429
                   1000      6.817698266286762     -12.15577127717448     0.8370945879113328      2.167494131663878      3.649264503608393
                   1000      11.87055147504525     -0.871391143882104     0.7632540378302913      2.072030984762953      130.5480257632367
                   1000      11.02324869592749     -11.93518117391094     0.7959727978262944      1.961097129569353      459.2685751025091
                   1000      11.83124715979489       3.70142479223745     0.8036817267599696      2.464320761384094      214.3891477892569
                   1000      10.93021995075309     -5.421581979802667     0.7689199108597611      1.964154092921357      38.09693026605145
                   1000      10.67320984671974     -16.19259457072877     0.8101972174994616      1.854745131592748      1157.454469913505
                   1000      4.060513341176008      6.921220884256286     0.7545381772557992      1.983296608979018    0.01492476730008591
                   1000       5.47708233461183       12.3565263640445     0.8252397470858948      1.966154131328153    0.00339246146520608
                   1000      5.213657413245503     -6.751421792578792      0.779756138359595      1.832970302716579     0.2459806530121366
                   1000       6.30702428511976      17.99808442464909     0.4729686457815133      2.363905392103529   0.001607156889323264
                   1000      11.68111829237514     -6.118235938650401      0.767004821814987      1.839988223733835      113.0465076108563
                   1000      11.54496751601326      17.40988230318624     0.8122611052010664       1.91255340971076      26.86918467964477
                   1000      11.08913230895996      12.62137126922607     0.5047260715006446      2.603094787886808      1.536389300714807
                   1000      12.53816275925972      15.85791535047597     0.8688356188468896      1.819443682281462      540.8985769757819
                   1000      5.630364894866943      19.14268684387207     0.4878091935460779      2.508605192043806   4.94678833239361e-05
                   1000      6.057977676391602      20.88453102111816     0.4905632322526638      2.495962764966744  8.809806209883718e-05
                   1000      3.962996489551443      16.29639196950292     0.4599052199949548      2.372969952314234  0.0001031614075859249
                   1000      8.559409141540527      17.29010581970215     0.4841444116277384      2.393770304623152   0.004676584505583169
                   1000      2.527220239872654     -7.334377467604509     0.4854726187679554      2.190444826979195  9.835724414158407e-05
                   1000      6.803689002990723      21.59059143066406     0.4819868966636242      2.383564800549003  0.0002960938034415292
                   1000      12.32798079926053      7.608032430929089     0.8235689693281296      2.044535794552829      338.5711658590859
                   1000      8.317458243456908      19.94162941023057     0.7372653877174146      1.611715238912052    0.02807362584153158
                   1000       4.48999906400612     -8.538056349999103     0.7729337869749134      1.802361718097278    0.02729324953798612
                   1000      8.460054481865166     -18.80739657498659     0.7957047686783689      1.653777478922872      5.828601559883506
                   1000      5.827560615697212     -11.51779988523669     0.8320582347054812      1.655666903543177     0.5975532474839189
                   1000      11.30222565991077     -8.238282979762756     0.7687728744849652      1.801012185729386      90.81954516008226
                   1000      11.81148812310956      11.22556082008222     0.7872856838390474      1.910514351445435      166.9954282194827
                   1000      5.719809023109462     -1.498911360021113     0.8112322908156965      1.932636095377552    0.02128212115552649
                   1000      3.164048204540064      1.812192019355464     0.5564596847362961      2.194884778592126   0.006188312493109789
                   1000      8.751387596130371     -11.62996292114258     0.4513405285388302      2.150660409419479      1.074636222897378
                   1000      4.086393832654118     -1.659366610658801     0.7231391086834343      1.766088943401509   0.005480821286049779
                   1000      3.854618310928345     -4.912312507629395     0.4536735864779738      2.137372882548586  0.0007960385719701479
                   1000      10.30380916595459     -2.214245080947876     0.4523878197473966      2.130227950371677     0.7534823339831621
                   1000      6.901046752929688      19.23860740661621      0.451482401116045      2.126716508636801   0.002458860349717526
                   1000      7.581313133239746      16.17119979858398     0.4484012871639375      2.026342948368632   0.002857904038184728
                   1000      9.499720154438483     -17.02738897326917     0.7789129833868819      1.626685297632979      142.4313153915044
                   1000      1.302817821502686      5.951878547668457     0.4445203015393079      2.000699750105249  3.968743313018178e-05
                   1000      3.499428510665894     -9.289052963256836     0.4461267239676912      2.004702584363672   0.000514404159397601
                   1000       6.60853099822998     -1.946872115135193     0.4460647119957563      1.999030777956327   0.003326899353042515
                   1000     -29.68313445764325     -1.389332510326792     0.8658992413526221      1.811262322075789      1.954084072120175
                   1000     -29.81156965315738     -9.908582440237062     0.8434112030739598      1.678741713825848      103.9123664587783
                   1000     -28.90763921966093      3.742428712070059     0.8412833692479377      1.629314752860223    0.05093973744301163
                   1000     -27.26389323028015      19.08666555611022     0.8756525286860083      1.729141283061107   0.008886294505746893
                   1000     -29.40144819203277      5.489872707688194      0.891786251543478      1.663721783707713    0.07621344959183038
                   1000       -26.563708509034      23.41720818307672     0.9395776554888506      1.757644707428755    0.01352611209200314
                   1000     -30.11072257702391      -3.50485183681272     0.8158725104751929      1.822165029233623      4.997477545710487
                   1000     -26.39155841039698      15.92491632948266     0.7943869271660181      1.656677304221661  0.0007833778543093347
                   1000     -27.90089030194957      17.86254547319544     0.8577237708808048      1.635211625599407    0.01390741394903241
                   1000     -29.15230975310902     -7.926060838465708     0.8325436787770583      1.658215367757528      6.972875664867617
                   1000     -26.40898657133034       26.2648754137602     0.9158863203216154      1.726451698491588    0.02245636760624775
                   1000     -29.22611324186211      8.380107990025198      0.860382936270723      1.850532892343672    0.05232794170112164
                   1000     -28.40034635187685      15.29056069024053      0.884217969861509      1.756460581108653    0.03365752233819478
                   1000     -27.81274288131178      11.96343570519728     0.8385572303801609      1.768149784351374    0.01226719099661089
                   1000     -28.82040969220367      11.84953015832225     0.8174988450852643      1.784937772166035    0.02910993702960922
                   1000     -28.70367688946077    -0.6359679034375028     0.8044311687722524      1.509589461189512     0.2563091277809744
                   1000      -27.2150572685164      7.336002687848205     0.8106379585832708      1.641468153858599   0.002366714804361321
                   1000      -26.7097085573035      3.584822357533469      0.791342533041075      1.615520854804778   0.001346374131125323
                   1000     -23.68553924560547     -10.31463527679443     0.7505368008950828      1.827066787151768  2.569867692953668e-05
                   1000     -22.03592681884766     -8.634186744689941     0.7504900707378501      1.823977059583586  2.666042499321124e-05
                   1000     -28.84294556542153      19.14043395874428     0.8280256416394539      1.740362000177327   0.003055677857567461
                   1000     -27.46884597731045      9.420434607496063     0.8159487408325563      1.682906447629009   0.005277619353621885
                   1000     -28.06624416325374      23.52288331709668     0.7903541986509218       1.70601867111508   0.003799320884785953
                   1000     -25.18987990230104      25.35880630590401     0.7939523714910065      1.747419989779913   0.001855937356071164
                   1000     -27.34698867797852      2.042899131774902     0.7218875541161126      1.803497395270673  0.0007158213553496552
                   1000     -3.990528116805408      -10.0529774827885       0.75025931756873      1.645924597347932  6.304173748164024e-05
                   1000     -29.76158163103961     0.9491679865360664     0.8247668173171625      1.683977959335739     0.9042579679684882
                   1000     -1.415444612503052     -11.63266849517822     0.7301554905583562      1.802304043088103  2.680215100701695e-05
                   1000      3.536719560623169      10.32266426086426     0.8974218659965476      1.759932636173273  0.0002977707749784528
                   1000       5.58008455193539       1.66405518012912     0.8720629943615688      1.700168867535196   0.004679295409328029
                   1000     -2.048893213272095     -9.336008071899414     0.8637030894767077      1.723099573175741  2.642058692508376e-05
                   1000      8.135092372584927     -10.35398434223612     0.8118664804842958      1.648757698435979       2.38561039254161
                   1000      5.568359528443841      3.773638976309992     0.8459395931919523      1.575665851676787   0.001899122823746046
                   1000      5.872012716994717      15.69581125422842     0.8321978115038574      1.679848811624833   0.001454447531157463
                   1000      8.238282203674316     -12.96989822387695     0.8289410039905911      1.679841422823504      2.347351706206066
                   1000      9.071903228759766      8.099499702453613     0.8245197679669541      1.674196833168628    0.04528665853743461
                   1000      10.34122276306152      21.03517532348633      0.804860594390798      1.650836558251259     0.2787894310363381
                   1000      6.390369185098023     -5.310365367460668     0.8133760455651071      1.618344809735671     0.0647293281056564
                   1000      9.593435287475586     -5.325520038604736     0.7825812508958929      1.617375766870779     0.5093943931693721
                   1000      5.164400100708008      5.738604545593262     0.7753077741970331       1.60980897787764  0.0005679152054944979
                   1000      12.61592387255086      10.06860251073702     0.8052242960986418      1.614834093977668      68.30284125880287
                   1000     -5.952614784240723     -9.118420600891113     0.7632816457197936      1.590105988323108  2.913748092815714e-05
                   1000    -0.8590998649597168     -17.25982284545898     0.7623962579221046      1.589568880321194  2.911133901820998e-05
                   1000      2.750285148620605      20.98338317871094     0.7552745276116744      1.587894836561593  2.948106905789134e-05
                   1000      5.104234589026534      9.517666670126653     0.7536071977159403      1.662619003923086   0.001340999490069572
                   1000     -22.97161483764648      25.68545341491699     0.8298078404142035      1.586599113288828  2.890696393189938e-05
                   1000      -25.5341968536377     -9.776144981384277     0.8579165285487234      1.592532866107534   3.82228767169889e-05
                   1000     -14.32039260864258       -10.971923828125     0.8633826796023051      1.600665174250053   2.54983449222631e-05
                   1000      -30.2410032758418     -7.496893536061951     0.8314429344378803      1.770386431096244      28.11637630620761
                   1000     -25.15900887837717       14.1110052221802     0.8683146829380508      1.660471575907422  6.781768808089241e-05
                   1000      -19.3570442199707      20.49124336242676     0.8450043686568141      1.602614579459049  2.602122728577724e-05
                   1000     -28.10454783826792     -4.176029419318319      0.807969896734491      1.576229577294624     0.1487398528044642
                   1000     -25.04822581831076     -7.262418375590149     0.8419062449957906      1.612553873691686  7.100734421208363e-05
                   1000      -12.7186783887056     -6.101362941300176     0.8957499826079093      1.652019955887594  5.653146926947517e-05
                   1000     -28.97316660316453     -4.653152049318019     0.8168233210437028      1.545421132754601     0.7627564196663521
                   1000     -27.72740059525604      21.04399493482618     0.8716585817815322      1.683904992316708   0.008237976028174256
                   1000     -8.309434943206325     -2.740972183679716     0.8905669427411477      1.645560916313332  5.680970575549782e-05
                   1000     -27.97195756732421      5.878136311202643     0.8668510906026154      1.835151512796437     0.0181939211049249
                   1000     -28.31092262268066      2.230375289916992     0.8248184056147302      1.604165060064407    0.01630644274272211
                   1000      3.143620904440397     -2.398997110559905     0.8186535643206411      1.615439621359482   0.001078624011478051
                   1000     -23.16662466564564      12.10512048973298     0.8092780546091825      1.510063749671124    6.4242694428425e-05
                   1000     -24.21660232543945      14.65715217590332     0.7937883820527847      1.593916224854323  3.734324410980817e-05
                   1000     -15.02962398529053     -2.961024522781372      0.793309438860728       1.59451284302215  2.793241727340857e-05
                   1000     -26.31825637817383      12.07761573791504     0.7828135135863434      1.591413037998631  0.0005562670334513235
                   1000     -24.25460433959961      22.16753196716309     0.7793136302990876      1.589562400750802  0.0001478698194623508
                   1000      2.791554689407349     -11.77634048461914     0.7844377567704491      1.590450523162465   0.000159449911632264
                   1000      7.753751039446337     -17.51671596122272     0.7781150653888408      1.581633888000886      5.578345646416044
                   1000      6.832552909851074       2.36963939666748      0.842380924223204      1.568311877022764  0.0003345805651089665
                   1000      10.98928070068359    -0.5004878044128418     0.8418242608871901       1.56678779462416      4.316985837223816
                   1000        9.8841766790222      14.08483109977368     0.8124527910021621      1.600470133937131      2.600652619527597
                   1000      10.42791938781738     -7.976724624633789     0.8347692220333697      1.560417319028158      4.569407044269762
                   1000      11.43322000368223     -3.125863405532401     0.8244369894147915      1.556977401039381      34.64476529199087
                   1000      11.48689937591553      6.173712730407715     0.8249325261748452      1.547990562532308      14.45675897115374
                   1000      9.837154388427734     -12.62457942962646     0.8174620782261975      1.541620043450689      9.866549121774066
                   1000      6.396525859832764     -7.242455959320068     0.8043594656572279       1.52680818642354    0.05828079665388532
                   1000      11.51234679131528      1.255316742373468     0.7621326389222149      1.464689529791683      43.26298216377403
                   1000      -3.26316499710083     -5.315556526184082     0.7859087119925906      1.504573474576902  3.008989760237286e-05
                   1000      9.761823399207804     -20.21150230681123     0.8051576575381726      1.519859140934468      49.12621475913241
                   1000      9.144543647766113      1.021782159805298     0.7614538808037589       1.46790764828882    0.09633218957993867
                   1000      11.87153053283691       13.5241756439209     0.7575135158149897      1.464120090977505       37.6851465677587
                   1000        6.7484130859375     -15.49616813659668     0.7566479491248901      1.463735305093429     0.6345353508235645
                   1000     -1.455812215805054      14.50435638427734     0.7446368882164551      1.456424240720051   3.24925184530423e-05
                   1000      5.140562534332275      18.06953430175781       0.74129266144932      1.452027000279526  0.0001164160505096599
                   1000      1.585041642189026     -8.551824569702148     0.7395675765206398       1.45068347078558  3.983151097064108e-05
                   1000      9.576471328735352      17.84416198730469     0.7279313588855842      1.437845716532347     0.8980909491086215
                   1000      5.484311580657959     -16.15682601928711     0.7269558119005758      1.436504632736967    0.05507562582485766
                   1000     -13.94686985015869     -6.321483612060547     0.7273236481644705      1.436454739977972  3.730117742982679e-05
                   1000     -27.43663215637207      25.59671783447266     0.7742235390556838      1.434802612319807   0.001536403262799598
                   1000     -29.53914260864258      10.19918060302734     0.7829366024818415      1.434886950440675   0.004324902916221987
                   1000     -22.93694496154785     -9.515944480895996     0.7850044487647512      1.435928684740214  3.519247534631074e-05
                   1000     -20.29110336303711      14.36559009552002     0.7844366663970687      1.434286902894277  3.132694290984334e-05
                   1000     -26.43349838256836      18.53300476074219     0.7832886953627407       1.43471224884192   0.001212706549301733
                   1000     -30.53221321105957     -5.370617389678955     0.7814512984289007      1.436511474110632      1.130118724718722
