#! FIELDS time tica_cv1_7 tica_cv2_7 sigma_tica_cv1_7 sigma_tica_cv2_7 height
#! SET action OPES_METAD_state
#! SET biasfactor                       4
#! SET epsilon   5.176336619919723e-10
#! SET kernel_cutoff       6.539381215389747
#! SET compression_threshold                       1
#! SET zed     0.06054173279586958
#! SET sum_weights       10688.95769842196
#! SET sum_weights2        59179.5297715162
#! SET counter  4992
#! SET adaptive_counter  2500000
#! SET sigma0_tica_cv1_7   0.0002724551253062514
#! SET av_cv_tica_cv1_7   7.151878865031376e-05
#! SET av_M2_tica_cv1_7       1.481605035007462
#! SET sigma0_tica_cv2_7   0.0004282990703375822
#! SET av_cv_tica_cv2_7   -0.001063358533189633
#! SET av_M2_tica_cv2_7       1.323183889789876
                  45000  0.0001548733816715032  0.0004226847272089974  0.0001586234247443667  0.0001358199680258865      15546.68339049209
                  45000 -0.0009074208649834351 -0.0003716794097210415  0.0001791804417060173  0.0001299018740376631      3.764173034356959
                  45000  0.0004084719654085337   -0.00129312171744919  0.0001675073546280361  0.0001322823378446977      1670.776573420628
                  45000   1.50682727076328e-05  0.0005535370772474816  0.0001577459577966658  0.0001282275408137556      7280.246975082618
                  45000   0.002095633318944786  -0.002484056017651731  0.0001419055849820917  0.0001221511406922635  0.0005061654543284866
                  45000  -0.001006493273659598  3.936546292880848e-05  0.0001643066144573453  0.0001295706655449796      6.565196606068179
                  45000  -0.004991830589975146  0.0001578649658495529  0.0004542535310632097  0.0001610721156692697       79.6347209703173
                  45000  -0.004197662657591285  0.0001543366636391854  0.0004558271226486306   0.000170046279492878      33.97206976321984
                  45000  -0.002329269896539156 -0.0007731489969088405  0.0003865197347231609  0.0001563622368636449    0.04798257001198777
                  45000  -0.002832159659681459 -7.444143419545283e-05  0.0004233829757001775  0.0001692482634899703      4.670961711801557
                  45000  -0.001921527729787666 -0.0004497108051919902  0.0003974596351460739  0.0001435565708102771     0.1658183741216022
                  45000   -0.00159642850451808   -0.00123417641775247  0.0001374739159177588  0.0001221435950253809     0.6531089801011708
                  45000  -0.003398082139650443  1.308007562374457e-05   0.000436617160226439  0.0001589228975796009      15.42762498476977
                  45000  -0.005806138083805984   0.000479904769271433  0.0004395689676016624  0.0001760685594170489      1.597437493561668
                  45000  -0.006182989334656584  0.0008753352839553286  0.0004866159987614026  0.0002044819068654219    0.03060984662178199
                  45000   0.000194365550558272  -0.001580579790694616  0.0001687698247314784  0.0001306658527265926      500.8965829215787
                  45000  -0.003350671887036263  0.0002359070981072664  0.0004278583025609433  0.0001551450071353092      2.848702701831806
                  45000   -0.00546270593051358 -0.0001151520508728755  0.0004907781509832895  0.0001861371572536033     0.6470099760550153
                  45000  -0.005195460225244943  0.0004816871436749932  0.0004280475294496193  0.0001597456439618185      3.077715263774586
                  45000  -0.004691141139820832 -3.780850619706571e-05  0.0004387786355868631  0.0001672092033110462      48.40352012054227
                  45000  -0.004000152937627297 -6.850198369330013e-05  0.0003961744396546503  0.0001602704968156491      10.60029163001366
                  45000  -0.005610625327897681  0.0001511800226897581  0.0004136505244696508  0.0001600387854080057      18.88503061420169
                  45000  -0.003225835498559116 -0.0008476485475154995  0.0004060151894303313  0.0001554068110592584   0.004176293700508418
                  45000   -0.00108376647376063  -0.001091818005872908  0.0001575174966683121  0.0001246831975246973      22.21405942786489
                  45000  -0.003849062627385396    0.00147214317519047  0.0003950204035687334  0.0001472899374668783  7.133927296571281e-07
                  45000  -0.003820657557977756  0.0002706829348622102  0.0003942065753237218  0.0001541721606460984      11.54714341094276
                  45000  -0.002955186651223878 -0.0006833736322529999   0.000378139499776282  0.0001391886575549837    0.01667834250044886
                  45000  0.0001796187985850521  -0.002021097368544393  0.0001442157399245566  0.0001212185292991756       5.65975182371041
                  45000  -0.006306371125140964  0.0004323052348688845  0.0003829175338059752  0.0001407046382647285     0.3963277899398125
                  45000  -0.004109504334704628 -0.0002975287385743562  0.0003837885931951712  0.0001417386547912117      1.116768746918708
                  45000  -0.002332767934996152 -0.0006137569422946588   0.000384574024243948  0.0001421862097938592    0.04591973031646818
                  45000  -0.002858945569364776 -0.0004669507232322159  0.0003840642464020593  0.0001426018934668611     0.1926519370813617
                  45000  -0.001367397147952982 -0.0007634924518012218  0.0001657272279963035  0.0001136611482194185     0.4534788980624106
                  45000  -0.002330737626198635 -0.0004302393396801691  0.0003859112994959705  0.0001432247686106899     0.2221517807569383
                  45000  -0.006609742400859583  0.0003234213613583245  0.0003860645316698845  0.0001429673650952112     0.2387344948272169
                  45000  -0.001620370484970308 -0.0002290219684664578   0.000292742058304839  0.0001289311720080858     0.4024556929353169
                  45000  -0.005775130072256025   0.001162077486642261  0.0003889848944021401  0.0001421604304595638    0.02254749624092128
                  45000  -0.006614356536920944   0.001925633711661844   0.000385944840996378  0.0001443095665946263  1.101202287559514e-06
                  45000 -0.0005711967349580665  -0.000964702385770048  0.0001644914647235622  0.0001356628962693036      206.7403017672628
                  45000  -0.004339816240046943  0.0003282645778363142  0.0003743365293945092  0.0001407870738581385      5.379777924017476
                  45000  -0.005114785884339481    0.00106230901885521  0.0003748657332821974  0.0001406082382722702    0.01224876705365666
                  45000  -0.002175276661207363  0.0005193154920105097  0.0003520467964823425  0.0001363267345057693    0.02857194429668917
                  45000  -0.004941956408895411  -0.000208120203766425  0.0003726598452815311  0.0001384693943201266      4.112185794951942
                  45000  -0.001950700448458471 -3.099167786056227e-05  0.0003560453576163229  0.0001363460203876161      0.326220892234014
                  45000 -0.0009041896525444372  0.0005698058698218154  0.0001612325508566042  0.0001321445792263537       8.13091427795252
                  45000  1.952573209731974e-05  -0.001386789611690788  0.0001663260340369762  0.0001313931143739707      2229.603527481594
                  45000  0.0004899729872344077 -0.0009617182098245533  0.0001597841042725343  0.0001340272502944571      1934.791902550903
                  45000 -0.0003475703190237812  -0.001334095753984304  0.0001704246909804046  0.0001325072765655485      1391.776278556986
                  45000   0.000402279747300166  -0.001717081992010323  0.0001343948374728494  0.0001233738393334927      112.1245297271786
                  45000  0.0005320609666684589 -0.0004964646736491719  0.0001483858429509535  0.0001424704654240931      1685.273222673088
                  45000 -0.0005424025843597386  -0.002222880899915678  0.0001152118857708757  0.0001056002331242359    0.04625909125351969
                  45000  0.0004099569377269453  -0.000743156163177424  0.0001546137713717979  0.0001344568786197903      1496.703264257521
                  45000 -2.648567086502576e-05  -0.001197829682386769  0.0001603717277023538  0.0001349704206343452      1991.847579732763
                  45000  0.0004955179758939946 -0.0002268199141117498  0.0001643620949315677  0.0001360864928254332      1764.472645638624
                  45000 -0.0002514997864751497  -0.001700573352745983  0.0001456051803635752  0.0001257841335189759      160.8506672670831
                  45000  0.0002796776268546947  4.261417247419293e-06  0.0001595909715718817  0.0001378284631510774      2992.231891487937
                  45000   0.001503368646533895  -0.002125003611967332  0.0001308475135999893  0.0001217658474867437    0.05574083894217268
                  45000  0.0007887049325607359  -0.002625041922735638  0.0001242296383594395    0.00011249482239683   0.008934763957607495
                  45000  -0.000565549189071204   0.001039554207263076  0.0001681509847167227   0.000135228791476147      23.88696850069982
                  45000  -0.001692498812003785   0.001553937238368349  0.0001354833267680665  0.0001278441691541752   0.004692607878070468
                  45000  -0.001713222003236127   0.002097285009508136   0.000152039331537435  0.0001266753375767302  0.0001066934881818702
                  45000 -0.0009964760526935356  0.0007293589134007583  0.0001837821478480444  0.0001343808365449105      2.340930883105305
                  45000  -0.001444592779559015   0.001334169125931003  0.0001563775174647425  0.0001307728977893606    0.01630195588075936
                  45000  -0.001119416219081135  -0.001435396902730629   0.000152564697163831   0.000134759697755861      20.66256001883704
                  45000   0.000125667220884997  -0.000719417927404471  0.0001460739295941057  0.0001382845078356654      991.2845541770462
                  45000 -0.0001780661263737745  -0.001859743768822907  0.0001282968977550857  0.0001227979135032637      16.85920664158112
                  45000  0.0006716556642743512  -0.002137683539891415  0.0001604973865178983  0.0001367727235166571      1.223938792712125
                  45000  -0.001975392453676424  -0.001362962717000952  0.0001623415498576112  0.0001389253337211383     0.0776544147519632
                  45000  0.0009589885484419885  -0.002927180412147759  0.0001830741637302662  0.0001282877297857345  8.347826770444329e-05
                  45000   0.001371343135750805  -0.001816747046383271  0.0001566908883068746  0.0001440149157089079     0.7672536918988198
                  45000  -0.002242749679790295   0.002067249069583858  0.0002434337545528817  0.0001569056006283563   1.08049851064123e-05
                  45000  9.780883604939056e-05 -0.0001723621044834506  0.0001569684304103999  0.0001416846415202393        539.54582359302
                  45000   0.001550061599563479  -0.002847250038687387   0.000157359925816458  0.0001319892936895616  0.0002555892919311908
                  45000   0.001676980326676467  -0.002366989010221025  0.0001920867613714561  0.0001228152127367248    0.01070276159797573
                  45000 -0.0006779043160651833  -0.001367755325769289  0.0001544476450236585  0.0001315266110368647      256.3775095359419
                  45000 -0.0007553615900783112  -0.001148626084640375  0.0001581617264972873  0.0001307287471054817      151.6118412453662
                  45000 -9.563511408261136e-05 -0.0009632019363311768  0.0001472872315505745  0.0001330915490516776      932.8905144901357
                  45000  0.0009455953688892842  -0.002445227938641629  0.0001922483018106129  0.0001356116495033941    0.02236627038829173
                  45000  5.405056698999173e-05  0.0001853302553533791  0.0001514119498110574  0.0001403253218626955      2957.509245994564
                  45000   -0.00296131976284848   0.001531902638907772  0.0001358358852735538  0.0001291963369514562  2.032907798832221e-05
                  45000  0.0002829455823320644  0.0002487845499528637  0.0001514661016505328  0.0001326797331634591      4985.750045356315
                  45000 -0.0003106683295444238  0.0007580086260625139  0.0001457784470881099   0.000131781100114528      450.9602254769492
                  45000 -0.0001021920340634085  0.0007053054020095731  0.0001494951043925787  0.0001230899675339845       1250.83330735877
                  45000  0.0006536909812559163  -0.001362121619416697  0.0001469326123910232  0.0001249413556903193      467.9412097578859
                  45000   0.002689199591720463  -0.002702235406203313  0.0001692608935947554  0.0001273724546934022  8.789085093995406e-06
                  45000  0.0007559848720427825  -0.001161647679146757  0.0001489944568119055  0.0001305771114664983      532.0579840012372
                  45000  -0.001119447750451657    -0.0017471642623201  0.0001580638174195079  0.0001324372218077841      3.192155027090972
                  45000  0.0009184167741541236  -0.001818268778552642  0.0001362368215670846  0.0001348483018553507      5.799569461012682
                  45000 -5.335159642717064e-05  0.0003631770441481441  0.0001465207771179056  0.0001285639295524239      4008.825937656789
                  45000  -0.000347806018984057 -0.0004764054343648241  0.0001421829701307487  0.0001233655491168878      30.85934230430112
                  45000  -0.000645120473522558  0.0001705852603256067  0.0001610394515683268  0.0001304414873349336       29.9339696302493
                  45000  -0.001387666049525976   0.002010728323058943  0.0001546998601528905  0.0001255255716747026  0.0001655923020886473
                  45000  -0.000847430631790662    0.00119738621196207  0.0001632820297711545   0.000136615255664105      1.892411122661891
                  45000  -0.001124017895773261   0.001498429835415323  0.0001312834452313094  0.0001396014415082136     0.1263370269843571
                  45000 -0.0002017044229562244  0.0005620588561224671  0.0001402132770292662  0.0001258375454529073      1476.994771936837
                  45000    -0.0025653582347419   0.002608958609393805  0.0002273899532652114  0.0001532530124874544  5.107899936858811e-07
                  45000 -0.0001564439277411154 -0.0002045141526661274  0.0001484601971538542  0.0001279169977992158      67.02870623316747
                  45000  -0.002309663937755062   0.001141930690444863  0.0001234329103708609  0.0001187759907907726   0.000646381357541849
                  45000 -0.0004674393929689045 -5.186737457202564e-05  0.0001549740961008128  0.0001374295430084865       52.3989096538124
                  45000  -0.001441791874445721  8.482253052511763e-05  0.0001708933556422257  0.0001207177048596394     0.4260924614830625
                  45000  -0.001143513568003323   -0.00213246552825317  0.0002028643403609509  0.0001484245819970126    0.01354398723919652
                  45000 -0.0008958853200132865 -0.0007464207235493715   0.000141817821460019   0.000119728289440154      13.18189304514583
                  45000  0.0007857277344315604 -0.0005278484551145973  0.0001402293798900219  0.0001311831451156731       693.358396099463
                  45000 -0.0004579149189210743 -0.0007735346267854186  0.0001386993941683195  0.0001273736551806725      114.6349656529726
                  45000  -0.001099080454151263 -0.0006366117195518066  0.0001560393255839955  0.0001294409495686499      1.998219842490472
                  45000  -0.001137865208872537 -0.0008833143270304149   0.000154270395958857  0.0001240097397176682      7.434225859146466
                  45000  0.0001423899350254996  -0.001000728677668421  0.0001416547255037319  0.0001313526844140314      1541.418226608095
                  45000  0.0006746359075623334 -0.0007254371685656201  0.0001466766759678137  0.0001292185368751472      1367.261930511517
                  45000  -0.002326329952398902   0.001912176798843633  0.0002074227097553047  0.0001410424187498045  7.463638446035076e-05
                  45000   -0.00231389816576388   0.001434150439599314  0.0001312931232045868  0.0001207174020467849  0.0004573936946266155
                  45000  -0.001911984644982263   0.001162983748738856  0.0001343879262413201  0.0001201364961143896   0.005713649893444844
                  45000  0.0002683752825444527 -0.0003866452198219372  0.0001473147520330115  0.0001301810099349585      807.7711835202613
                  45000  0.0003405891334912962  -0.001130643330911827  0.0001457313476962676  0.0001312964570249319      1276.093658406714
                  45000  0.0005073293303519798  2.547483668482645e-05  0.0001344896656400189  0.0001250123212435061      1169.533946729606
                  45000   -0.00176751702213047   0.001010777503777503  0.0001606757918063976  0.0001513805177398231    0.01467346045863029
                  45000  -0.001467559776733105  0.0007232871003955856  0.0001524589306649777  0.0001312373843679389     0.2206734440483175
                  45000 -0.0009036318959700488   0.000257943740874664  0.0001504384960618271  0.0001273904252536158      10.89408694566264
                  45000 -0.0003292259800068216  0.0003623558848997252  0.0001398859729522485  0.0001282878689551626      433.4746309158056
                  45000 -0.0004806472481819848    0.00118794918640548  0.0001309985454924426    0.00011991954592565       2.05182672572289
                  45000 -0.0006308462361927637  -0.001616204072153964  0.0001423835483854083  0.0001351711053988911      131.5243517534607
                  45000 -0.0002503670851614386  -0.001143682785017583  0.0001380442795861209  0.0001307762181842865      885.5927788971644
                  45000 -0.0001925679449309901  -0.001494348952155133  0.0001422647911197978  0.0001308754280188352       620.865157765802
                  45000  -0.001535639792443721 -0.0009427517010939718  0.0001406315700721972  0.0001245916876335909      1.168939512265885
                  45000  0.0009620338797489381  -0.001305337278714368  0.0001513197064773511  0.0001303351587137632      99.45996181893794
                  45000  0.0001440415347991684  -0.001763938597985475  0.0001423314889725558  0.0001200782793615606      76.71723505135664
                  45000  -0.001325145815789712  -0.001443664459373277  0.0001307735188678716  0.0001194865679687686      6.705737952660926
                  45000  0.0005067868607457666  -0.001503349213761661  0.0001439721816025594  0.0001231240463227889      392.0240688475577
                  45000   0.001773723708125125  -0.001213148642145755  0.0001524356269630403  0.0001163779977997588    0.02717485072446498
                  45000  -0.001317948127283298   0.001532885811872124  0.0001399480797276658  0.0001314102147532942    0.03086151576426411
                  45000 -0.0007834202683391369 -1.607159737051135e-05  0.0001496944381953095  0.0001263804075185169      9.428350020341771
                  45000  -0.001583383491685953  -0.001504664819569779  0.0001455223531659287  0.0001256519185931289     0.6161204933432108
                  45000   0.001166395077586442  -0.002120028629792093  0.0001448362861595709  0.0001170940476687724     0.4182744748461237
                  45000 -0.0001444934896756044 -0.0007236493976927854  0.0001479035728202413  0.0001296996363825066      181.4132674232396
                  45000   0.001133670436299891  -0.001903049079030218  0.0001440271622962632  0.0001253602730134279     0.6318758387269922
                  45000 -0.0008364391174881472  0.0009337478096102438  0.0001393365788924364  0.0001226055185196523      6.312024007911615
                  45000 -0.0007850775977033498  -0.001739309359728377   0.000150847361540638  0.0001230133304871872      11.21374758467655
                  45000   0.001114502182719317  -0.000964719178415503  0.0001344429398809607  0.0001252730006904395      24.49820525556163
                  45000   0.002174051868177923  -0.002755138861783649  0.0001681853101553304    0.00013065114661811   0.000191958645688188
                  45000   0.001500645295086145  -0.001546067114808956  0.0001528773793582281  0.0001336877400369953     0.8709977786064129
                  45000 -0.0007132881371379445  0.0004436401843949435  0.0001441395764327214  0.0001253978574813487      40.61840048525355
                  45000  -0.001531462429226056    0.00171800014930238   0.000136505316664735  0.0001181567173931702   0.002378016227477748
                  45000  0.0007761836048342831 -0.0009472474785754999   0.000143079949092858  0.0001212405888068712      519.2407837987321
                  45000   0.001088028818703834 -0.0003944261789594781  0.0001403434002341678  0.0001236489691330932      7.018988081459499
                  45000  -0.001659278815967901  0.0004245076082496123  0.0001331717713668344  0.0001221379053311739     0.2275225282390999
                  45000  -0.002058377103413642    0.00245822512363148  0.0001686565156687483  0.0001360776496738099  5.101208942875502e-06
                  45000 -0.0005600867997390463 -0.0003362394243350843  0.0001524185032704137  0.0001268362197281638      16.09588657137692
                  45000  -0.001049364425966629   0.001089875574325877  0.0001414820628503471  0.0001315686933373614     0.7799077891217544
                  45000   0.001794675795565937  -0.001040371934507697  0.0001666090242169241  0.0001317026418103203   0.009859672751718248
                  45000 -0.0001430285746425489  1.552170693254229e-05  0.0001512778018249374  0.0001250731864865588      311.4618351624378
                  45000   0.002643066654082012  -0.002131418119228337  0.0001654588519043132  0.0001344047499787051  1.144277970774445e-06
                  45000 -0.0006936967410593887  0.0007398671586561902  0.0001397920111089852  0.0001266048391419617      15.98802566295603
                  45000 -0.0006702483163609756 -0.0004912456986092725  0.0001400584904846416  0.0001272329851136124      5.165192953990551
                  45000    0.00243990817391166   -0.00197345330561109  0.0001182176189263143  0.0001216746195347116  0.0002918143551438909
                  45000   0.001123729116733475 -0.0007070658221681164  0.0001356682014122423   0.000123704381187993      16.04203703383778
                  45000  -0.002475935612232665   0.001699142415245082  0.0001367950125885664  0.0001169986877805217  0.0001546498382568257
                  45000 -0.0003565645588168558 -0.0009716324359721299  0.0001282858506305876  0.0001201310491231274      316.7252617773487
                  45000   0.002415497473137946  -0.001407608039686621  0.0001567779183585283  0.0001306316571247122  2.603091075463366e-05
                  45000   0.001212519026483097  -0.001097888500801645  0.0001324421986421469  0.0001225876207096122      10.90306718527462
                  45000  0.0008415310333723207   -0.00152007856980776  0.0001376608046290877  0.0001273752707845176      36.97376065897257
                  45000  0.0006442686721104126  -0.001701607238511103  0.0001449721788571072  0.0001210681869551235      43.35713950499039
                  45000  0.0009357238789559755  -0.000838045307958317  0.0001397285180037821   0.000117186384126964      77.18019716538559
                  45000    0.00186762889634373  -0.002167661041493792  0.0001265650049780008  0.0001096139017216339   0.009699480303194698
                  45000  -0.002320151320068711  0.0009661063003947598  0.0001523006781203746  0.0001288037438425889  0.0002195498879113536
                  45000 -0.0003899336632835508  -0.001554747765441604  0.0001259481986765272  0.0001236947026255523      269.0110702135746
                  45000  -8.74424028887581e-05 -0.0003703333442416117  0.0001414492818645528  0.0001262102837866457      80.69330988221334
                  45000  -0.002175479815887409   0.002327036043978239  0.0001504099431547215  0.0001279505239732038  1.833439582777602e-05
                  45000  -0.001373183477354074   0.001162029761076568  0.0001337293942851464  0.0001251022261777809    0.08149183022485132
                  45000  -0.001477879158994413  0.0009402590797510614  0.0001416376517236113  0.0001275803785784516     0.1088922140648348
                  45000   0.002298776186159114  -0.001868642761216547  0.0001470984420909601  0.0001352051197584857  0.0003105120026711635
                  45000   0.001775157535004032  -0.001991470664454048  0.0001341151500025242  0.0001294854644271758    0.02672515940861463
                  45000 -0.0008199128759270425  -0.001571604930249566  0.0001350547717618742  0.0001195533718315367      41.04489884083549
                  45000  -0.001163433617169441  0.0009414711157871601  0.0001272262916006008  0.0001165825072388576     0.8638910734356908
                  45000  -9.78003084781096e-05 -0.0005553002343626637  0.0001385930903416827  0.0001213398382913062      125.3074631755783
                  45000   0.002833899801007604   -0.00304799369651385  0.0001498188911546586  0.0001283971278777178  9.673626596096287e-07
                  45000 -0.0004966283909497614   0.000818993147797009  0.0001321980781040731  0.0001230149911146531      66.23959973802285
                  45000  -0.002135313666589625   0.001815518948338333  0.0001452396915283233  0.0001226274734372043   0.000250062365239455
                  45000  -0.001912513865509779 -0.0008601222278108369  0.0001320709293028227  0.0001216868090476528    0.03357005374589178
                  45000  0.0006238216335702985  0.0002172950664500976   0.000124747172932892  0.0001205636466445222      91.62134740684726
                  45000 -0.0004944934661361661  -0.001167260635900399  0.0001339821047130802  0.0001205765680314618      327.2120716682397
                  45000  0.0002755401870418172  -0.001887584859840815  0.0001394367233037178  0.0001165848436116497      8.558256490483767
                  45000 -0.0004924292213194226  0.0005146444889542241  0.0001392277659500225  0.0001250587597392084      91.02681157886219
                  45000  -0.001535420453073125 -6.434849339443248e-05  0.0001266892217517671  0.0001210320593265037     0.1900317476326157
                  45000   0.001227847938350571  -0.001634251792072149  0.0001285482725124233  0.0001203445916778556      1.595210239417871
                  45000  0.0001668219321245777  0.0006322603009834507  0.0001250563061580753  0.0001217034546713344      851.7462367364833
                  45000  -0.001108126439560054   0.001269731605267924  0.0001351861164285614   0.000118763508725254     0.1242497300954832
                  45000  -0.002215190400766863  0.0008043184174782134  0.0001446013659589164  0.0001255633815751893   0.001580816509247457
                  45000  -0.001739891659787328  0.0002656006936773633  0.0001352087832384873  0.0001283400071095901    0.09714050753752371
                  45000  0.0006344440846644993 -0.0001181445080391343  0.0001302478803106929   0.000121767204749184      364.3816797927126
                  45000 -0.0005344124278312305  -0.002028806467071738  0.0001212343780295212  0.0001183603927619763     0.6966755410593718
                  45000  -0.002046785729293365   0.001032130848474211   0.000144433703885272  0.0001257326750947342   0.001648345813065915
                  45000 -0.0006794324658083358 -0.0007657001737193152  0.0001276594622819863   0.000125485078645232      30.52059874688237
                  45000   -0.00197816906441097  -0.001035382851753715  0.0001395792996229614  0.0001173428915001006    0.03961892266147342
                  45000  0.0001158283125465006  -0.002576210553114284  0.0001427197684622028  0.0001248648093861267  0.0005691482138100444
                  45000  0.0003521231485571759  0.0003796460806223033  0.0001287998651752351  0.0001189781638932593      723.9397491856207
                  45000  -0.001280147824142099  0.0002330653157941064  0.0001485984164601665  0.0001258839836646012     0.8180959550970193
                  45000  -0.002573937372347529   0.001415643026888719  0.0001351505269131897  0.0001219938337878187  0.0002671990154731205
                  45000  -0.001821770997343843   0.001460517254586875  0.0001315660086399786  0.0001239795644339966   0.002991511275767577
                  45000  -0.001384957540471112  0.0004268673314102376  0.0001343977659533594  0.0001229181364742279     0.3963786147937977
                  45000  0.0008129838762435045 -0.0002477523259088464    0.00013216251512109  0.0001233428175783883      131.4022105494372
                  45000  -0.001448216712581374  -0.001334709680348777  0.0001335533880721096  0.0001155737097019784       1.86133076208317
                  45000   0.001384097200483379  -0.003353736718421546   0.000138781440997225   0.000121749549350429  4.212605882217023e-06
                  45000  -0.002571612395993944    0.00192305649109802   0.000138775513817431  0.0001221754906483208  7.060998958701192e-05
                  45000  -0.001153803906227319  0.0004728838769027337  0.0001287544215911376   0.000119282158812793     0.7236396743789657
                  45000  0.0008167926897718542  4.680210916225823e-05  0.0001358369976852765  0.0001181334260770452      10.20294890290196
                  45000   0.001797898774930628  -0.002572370238615571  0.0001305346226539362  0.0001153715507128342   0.002701336432635078
                  45000 -4.491506732480715e-05  -0.001630833063358699  0.0001272416636677886  0.0001267830366760902      336.6831856458803
                  45000  0.0001150677151861676    -0.0021666881005967  0.0001368973622864015  0.0001210405199097124     0.1309214100608581
                  45000   0.002506270261128331  -0.003228009049886103  0.0001368544389263493  0.0001210530147491854  1.238376226624694e-06
                  45000 -0.0001331560010663217   -0.00264552480418696  0.0001338379276539392  0.0001198242345977099  0.0002632782095106479
                  45000   0.001511034551278352  -0.002504867498047451  0.0001324485632007213  0.0001156498439541028     0.0053911863824923
                  45000  0.0003734022338340973  -0.002543729883679523  0.0001335505060602754  0.0001251122815161158   0.002993782105124877
                  45000  -0.001304809272240391  -0.001227791876638303  0.0001311843565753185  0.0001170332126969569      4.308092497653223
                  45000 -0.0001730044772247908  0.0002110976632718957  0.0001318011201821326  0.0001263924477747131      526.5694624957686
                  45000  -0.001220265102780396 -0.0003206945572129127  0.0001227204793426157  0.0001158599563291507     0.4343125526781847
                  45000    0.00216163695243286  -0.003131848229874372  0.0001281635038118905  0.0001171794724799798  2.187208481957934e-05
                  45000   0.003001955112539365  -0.002724289078366458  0.0001353072514058596   0.000120874321649892  2.016383528293087e-06
                  45000  0.0003372061100370881 -0.0005964389920980939  0.0001328857854994481  0.0001209804772806936      422.7910834046101
                  45000  -0.001816201347285679  -0.001178321457594075  0.0001285371017016964  0.0001161418567104928     0.1263128097217426
                  45000 -0.0008183381199156247 -0.0001609101779586207  0.0001364948913808955  0.0001217743424602281      6.143216256696107
                  45000 -0.0009136927646883432   0.001443482194803791  0.0001386445346205169  0.0001270301248987909     0.2382821785382519
                  45000   0.002083238007127287  -0.001449797165738512  0.0001352505440749022  0.0001207940512873779   0.001038306555465513
                  45000   0.001178192796157567  -0.001461126803258719   0.000135201309000591  0.0001241549863129279      8.460030792461376
                  45000   0.000469488159737936  0.0002688133131395039  0.0001236026025589904  0.0001309388200736125      585.4365608811537
                  45000  -0.003141985374151351   0.001930100011560182  0.0001216749238668971   0.000110058815996082  4.737912450123632e-06
                  45000   -0.00171657093133936  -0.001075339659889755  0.0001256069263839227  0.0001161945917557898     0.2056490141755829
                  45000  -0.001377421300081897  -0.001085952979271408  0.0001435159774126433  0.0001148847957078599      2.038293204482708
                  45000  0.0004209848506846417  -0.002190907976225245  0.0001308372743412369   0.000118215952745852     0.3067166722460902
                  45000   0.001203162448708601  -0.001309361104198794  0.0001213159885146662   0.000121503601472941      9.869480454977747
                  45000   0.001265971256090304   -0.00250300744745222  0.0001308865618554802  0.0001179279689266042   0.002083778215746691
                  45000 -0.0003568052139709012   0.000148551107596682  0.0001315003225096583   0.000125472969347658      171.7051416965204
                  45000   0.001017394051180744 -0.0002142261332518278   0.000125871972483425  0.0001180745430159206      6.242782658276015
                  45000  -0.001145955168809376  0.0003444186716138076  0.0001299932729213097  0.0001212967958225982      1.446102106858706
                  45000    0.00252277729730655  -0.002564632378328421  0.0001315368119986605  0.0001112295391719363  7.304339528390681e-05
                  45000   -0.00186528572484872  0.0006819611011721846  0.0001230380883639124  0.0001156125370814834    0.02111107912782525
                  45000  -0.002199555034021692  -0.001363361830008119  0.0001296072131033223  0.0001178727641983237    0.00525984224191165
                  45000 -0.0009270112645089724   -0.00128114923032981  0.0001277800695281745  0.0001193785408754169      46.78150137180691
                  45000   0.001602336713162977   -0.00131406818955832  0.0001229496546675101  0.0001122768254733473      0.104431399157659
                  45000  -0.001814495402259424  -0.001948707768456085  0.0001291949827973407   0.000117589396370495  0.0008990568404453054
                  45000  0.0006678323995841838 -0.0003517560147034105  0.0001278188838892696  0.0001165292594599373      442.8330605062235
                  45000  -0.003418432270805873  -0.001629261351173054  0.0001290125981441835  0.0001173550142038943  8.836107472467551e-07
                  45000   0.001682912166392205  -0.003238860617779119  0.0001290290117723331  0.0001173793766347496  1.298400318437077e-05
                  45000   0.001166303971273545   -0.00226469549161257  0.0001250889237717245  0.0001107984056635768     0.0305377664493507
                  45000  2.829076264802222e-05  -0.001939929154096942  0.0001280196649998604  0.0001158106216437115      9.516707042641798
                  45000 -0.0008488257410722448  -0.002065476735953187  0.0001241343867891063  0.0001101025292083964     0.1111646544440034
                  45000  -0.003195708670229063    0.00148545638181613  0.0001272245171489706  0.0001164016636689424  5.308566185224453e-06
                  45000     0.0021494651994725   -0.00159198067309111  0.0001271712991182095  0.0001162584003016815    0.00109027941495634
                  45000  0.0002873930796406248  -0.001421655921826924  0.0001270429988448216  0.0001145424010414746      453.5048578724428
                  45000   0.001025307932060914  -0.001492719393945426  0.0001252337385271308  0.0001189160419020362      18.18469358519022
                  45000   0.001329079809186138 -0.0005953172640487269  0.0001244095599375264  0.0001163246612529531      0.482472639842095
                  45000   0.002473820003133179  -0.001581941644677996  0.0001265752350040322  0.0001160052240955517  5.554367879820052e-05
                  45000  -0.003695593683781678   0.002699301081513793  0.0001267057612092952  0.0001161416172065791  8.605537851356374e-07
                  45000  -0.001434446324112777  0.0003099253724993897  0.0001268970000023498  0.0001159050662344826      0.264351896878995
                  45000 -0.0009957822202867734  0.0004108499315243191  0.0001280176611409179  0.0001162679575327302      1.778527285649369
                  45000  -0.003059816553586855   0.001185459414342167   0.000126401791282719  0.0001160439460716382  3.779001829659188e-06
                  45000 -1.017812058397721e-05 -0.0008186534732621203  0.0001267159750836233  0.0001168202081886306      336.2991233793493
                  45000  0.0001862486769926081  -0.001238808794847445  0.0001214803434742743  0.0001230084713883827      567.3789163855174
                  45000    0.00102016221722994 -0.0005520485587408485  0.0001289922361195937  0.0001169281261859305      27.77952150640406
                  45000  -0.001216382502034863  -0.001576141843270093  0.0001281742837972294  0.0001171872613206581      5.512057026217669
                  45000  -0.001740595573499331  -0.001659003868912394  0.0001258207948375739  0.0001196632366095153    0.06779493568931096
                  45000  -0.001655817191359456  -0.001371381027321933  0.0001163188957704991   0.000108401859725654     0.2049825519251286
                  45000  0.0009228094270107566 -0.0006562192441193354  0.0001228993135393505  0.0001229792590213234      101.0149613049326
                  45000  0.0005712511958396727  -0.001110906035660918  0.0001260515921725156  0.0001162123792312835      358.6029632463376
                  45000  -0.001101457787800589   -0.00122019143976528  0.0001195135661578658  0.0001150010169748752      13.01361918117534
                  45000  -0.001357163651130822 -1.647793785731974e-05  0.0001192024599226638  0.0001130025844270886     0.3237718293469804
                  45000  -0.001863704247561745   0.000815426968383205  0.0001233613570544676   0.000109063490846003    0.01625943400858656
                  45000 -0.0003280929134815396   0.001079177234213879  0.0001286469342413019  0.0001204206954392106      4.666122706258819
                  45000  -0.000182218463098965  0.0008951300769027828  0.0001221043102029116  0.0001152535686598915      51.44900140277634
                  45000  -0.002027721017829097   0.001910146014920607  0.0001233433212482391  0.0001138027190649979  0.0001527018969780664
                  45000  -0.001176806013755091 -0.0001791757314272013  0.0001233237684323718  0.0001138567070126499     0.1436607907071405
                  45000 -0.0003071284422870228  -0.000649496016070282   0.000121754801766639  0.0001125624608166691      24.82893083690921
                  45000   0.000615945119669636   -0.00198321403805191  0.0001239854852927244  0.0001125362605624647      1.113894937695508
                  45000  -0.002053000267656846   0.001654874990614238   0.000122939839863972  0.0001137356340877305  0.0002378713488432845
                  45000  -0.001752942371805413 -0.0009151183099811673  0.0001229450680249083  0.0001137616644003176    0.04036168905384725
                  45000   0.001707216799561396 -0.0007851211088822635  0.0001217582647598558  0.0001146820598724971   0.004594611404813754
                  45000 -0.0005271865678567608  0.0003268410020333185  0.0001284207635082619   0.000120671989063019      22.08024580975846
                  45000  0.0003068374215788424 -0.0008966096153262153  0.0001208270645764561  0.0001153846031379254      925.8335642766369
                  45000 -0.0001141998268508203  -0.002069389433927347  0.0001210810856122258   0.000109257397675311      1.194738568152638
                  45000   0.001398613732858433  -0.001376283947969944  0.0001251692793055574  0.0001097734355086326     0.7821553740065824
                  45000   0.001075069675214784  -0.002614900297802575  0.0001188834271989998  0.0001095409356337398   0.005467663255538697
                  45000  -0.001698708608595747 -0.0007160581323497275  0.0001221438569679956  0.0001135949043083409    0.03033911195138067
                  45000   0.001951240809862102  -0.001869512192877497  0.0001160698528665844  0.0001094327364196196   0.006162100313489713
                  45000  0.0001562461914502624  -0.002443426104736774   0.000122168711555133  0.0001136095665845842   0.006633491531726766
                  45000 -0.0007353861317655849   0.001401002296968584  0.0001216475023999255  0.0001133896279311785    0.08712981485414066
                  45000  -0.001301450243887129   0.001757625759915323  0.0001215988832676519  0.0001134010550195488   0.003167219641514559
                  45000  0.0003793516176315286  -0.002038959313220991   0.000124337375368922  0.0001136594450828814      2.689045510929697
                  45000  -0.001522803046534503  -0.001811969737470237  0.0001221597063010343  0.0001106351631753635     0.0657007275721241
                  45000  -0.001584016539769183 -0.0005937584574344654   0.000124051168352513  0.0001256201948792446     0.1052241242078369
                  45000  0.0007678348381157797  -0.001962291348326141  0.0001151644813259424  0.0001100789097036567      1.345146090272472
                  45000 -0.0005121787869532834 -0.0006036587694959073  0.0001216076984787962  0.0001086175160955579      5.901789225623545
                  45000   0.001846892141306139 -0.0003004809545501644  0.0001198947032134349  0.0001123916355220402  1.769778579490257e-05
                  45000  -0.001183238370606215  8.358273175473991e-05  0.0001199990151199108  0.0001167232064252427     0.8134271517879984
                  45000   0.002932064602841744  -0.003773560760023244  0.0001198289496841885   0.000112294775324345  9.411055822401473e-07
                  45000  -0.002615495277769051   0.001049015516137171  0.0001196793171303075  0.0001121136960835233  5.038270013879376e-05
                  45000  0.0001715204612316414 -0.0005724772582558809  0.0001192828242522362  0.0001143301071853139      181.6539934872667
                  45000  -0.001903669682062803  0.0002454612770680916  0.0001193196848748811   0.000111924465196842    0.02653839375543502
                  45000   0.002976132149281162  -0.003291131272638647   0.000119162467341197  0.0001118419575434396  1.245598376909567e-06
                  45000   0.001399399801220143  -0.001101562989589359  0.0001177781744085505  0.0001207692862103694     0.8914157349788789
                  45000  -0.001761940266021346  -0.001472124656749676  0.0001190064110832291   0.000111624433256144    0.04376126801702098
                  45000   -0.00140596806188178 -0.0004874642972081338  0.0001160882074892406  0.0001179767186419116     0.0995242304992857
                  45000   0.001694820475366806  -0.002084998905500838  0.0001183605438347393  0.0001112973828841556    0.01760572527365614
                  45000   -0.00192051303122844  -0.002020854831019317  0.0001187768417410595  0.0001117635594579951  0.0004279856611493032
                  45000  -0.002537809946952921  -0.001662335782225687  0.0001230710734998595  0.0001127030171548637  6.714214178930423e-05
                  45000  -0.001282703578869993  -0.001879122364404071  0.0001190528394609404  0.0001117813706114945    0.09647289343122749
                  45000 -0.0006970764003595971  -0.001894615826650232  0.0001210347141702955  0.0001145341831962621      1.157980109150907
                  45000 -0.0008330640543194551  -0.001005744010039675  0.0001229932945569362   0.000115826961221609      21.09597561487922
                  45000  -0.002715894014925928  0.0008812144668204672   0.000118723382840411  0.0001114744782703638  0.0003117246167349682
                  45000 -0.0003101216085783928 -0.0008428545789241811  0.0001223631853836529   0.000110242618290401      71.80377748477687
                  45000 -0.0008968002390946729  -0.001885369565808547  0.0001180588028514066  0.0001108754707086924     0.3803194379660405
                  45000 -0.0003802350762284171   -0.00180221656732525  0.0001253289423223605  0.0001115723406965265      18.16139731288186
                  45000   0.001485302196129712  0.0001809466093224392  0.0001178165065286017  0.0001107560608431507  0.0001192598397954445
                  45000   0.001239843903132858 -0.0009032471060659333   0.000117556696639819  0.0001105820766147494     0.9355714539686339
                  45000  -0.001652829291377176   0.001272836447410864  0.0001175558824033159  0.0001106145593152103    0.00414608059084199
                  45000   -0.00132654774648844 -0.0001768847402752653  0.0001175484304997248  0.0001106882007881996    0.08316277560566798
                  45000   0.001314361442188642 -0.0007653428163428205  0.0001154775287938041  0.0001213118311440627      0.882448456398594
                  45000  0.0009568033027076806  -0.002022528543509046  0.0001147028500647118  0.0001146628734111626     0.6300401017276157
                  45000   0.001121747545575503  -0.002986119567147602  0.0001171662143433654  0.0001105162293466908   6.82205914919479e-05
                  45000   0.001091742554601458  -0.001740868237947539   0.000125468629852647  0.0001111422424217104      1.432632038836259
                  45000 -0.0005026085178022039  -0.001458950906524054  0.0001162491274187611  0.0001132407828758591      72.79113240066516
                  45000  9.006648638529225e-05 -0.0004178563048300644  0.0001250418345373641  0.0001174681653254129      76.97617961356117
                  45000  0.0004921716804872559  -0.002334993248608456  0.0001167360319163966     0.0001099079458028    0.04198260188541564
                  45000   -0.00150064223415143  0.0005087375579910661  0.0001162248397212768   0.000109587470434115    0.04675747286708008
                  45000  -0.001031484436484198     0.0018017656172165  0.0001160497999667693  0.0001097021904777998   0.003448450275454465
                  45000  -0.002728888277720113  -0.001458971597289417  0.0001160089805803003  0.0001097009459692955  1.331519223003774e-05
                  45000  -0.002710843907380524  -0.001263000358100646  0.0001161163523152974  0.0001097255920479863  0.0001734310246655533
                  45000  -0.002162455485739304  -0.001057285310406433  0.0001159560114217095  0.0001088955798613022    0.01181309747401541
                  45000  0.0007369960833225484  -0.002404923250890173  0.0001149345742754183  0.0001163661562576822    0.04530806226994338
                  45000   0.002307878637271683  -0.002072338136949473  0.0001158576062471761   0.000109479837376569  0.0001442917655091529
                  45000   0.001552606253685178   -0.00118355650911246  0.0001162905606174468  0.0001095148469938525     0.1312172446180385
                  45000  -0.001641753773768722   0.001160229646816649  0.0001154626364884707  0.0001088436830939191   0.006669597776905901
                  45000   0.002218494536517066  -0.001715062967235757  0.0001153539579426322  0.0001087565842429753  0.0003088090104543884
                  45000 -0.0009547624047295346 -0.0009471314358947584  0.0001255964462638499  0.0001100267021534561      9.382920875397097
                  45000  -0.002250239057288501  -0.001161412094035276   0.000114885090268985  0.0001082610809123601   0.003474906524819568
                  45000    0.00179019009012627  -0.001862198946386028  0.0001145443764993067  0.0001081686183014071    0.01008650943932172
                  45000  -0.001262592036066628  0.0008371940128995685  0.0001144703359562205   0.000108168965725563    0.08607338994777812
                  45000 -5.557792139931984e-05  -0.001812561603527511  0.0001144803404487152     0.0001081896115212      4.600181961386209
                  45000 -0.0002862190864549783 -8.610505008628586e-05  0.0001162874177781935  0.0001074900266513875      10.90692740019064
                  45000   0.001277029767709772  -0.002024607003082398   0.000113816190634471   0.000107808234459956    0.05279081227950528
                  45000 -0.0003703980655382378  0.0009097621308089295  0.0001120135045585331  0.0001059791315563897      12.65578899502323
                  45000  0.0006013996067798799  -0.001835847856243724  0.0001135671742048142  0.0001075672601170703      1.441517328344798
                  45000  -0.002412836185793845  -0.001459621815198792  0.0001206946577946461  0.0001069779066308612   0.001634482395671545
                  45000  -0.001610638424082468   0.001842931649140106  0.0001129950947698008  0.0001066665726090564  0.0006951342692611134
                  45000   0.001358948478183196 -0.0009176550109627518   0.000118848269577096   0.000105728529049641     0.7685191868423329
                  45000   0.001027906597464441  4.323254350370178e-05  0.0001128817596777728  0.0001066135706421524     0.4624932177232373
                  45000  0.0009344823990718877 -0.0003612871706111381  0.0001127743676018051  0.0001065259875381447      6.032850821362774
                  45000  0.0009497566034669449  -0.001121201770614624   0.000122019245301847   0.000109145104071527      38.81538908341555
                  45000   0.001614707522586901  -0.001025284084410147  0.0001121905299289744  0.0001059044461689061    0.03470920031773874
                  45000  -0.003554744038363317    0.00262633975637301  0.0001118989254141625  0.0001057258706758229  1.926614525488675e-06
                  45000   0.001165386348310705  -0.000564420394978295  0.0001117898195277313  0.0001057028688617246      1.601822982569977
                  45000   0.001666858751754174   -0.00175363015572185  0.0001117036481483939  0.0001055731316296411    0.03095851708962928
                  45000   0.001691478695685771  -0.001621914059804857  0.0001116504148649117  0.0001054799723847453    0.04121124829848134
                  45000  0.0008315287668830804 -7.264953289989881e-05  0.0001111011497527086  0.0001050585476008192      6.399722915815934
                  45000  0.0002191845149582169  -0.002338136252918093  0.0001109918705021503  0.0001048913314429314     0.0318579205485342
                  45000 -0.0009881223372170049  -0.001563197921407333   0.000110705006703506  0.0001044477304007068       1.68555856733857
                  45000 -0.0006089741911184511   0.001313168556805913   0.000110413577878574  0.0001042514157691344     0.2457436940228384
                  45000 -0.0002941578374143694 -0.0003061942007657785  0.0001117291686284021  0.0001054065152773938      5.500756467555735
                  45000  -0.000934911852496396 -7.857824189680191e-05  0.0001104255316554744  0.0001041971607151292     0.6088420687041456
                  45000 -4.809934339678299e-05 -0.0001129731893939086  0.0001103331152122946  0.0001041949870831449      14.78508973839656
                  45000  0.0007245259639011988  -0.002741591564472909  0.0001101230405156277  0.0001041725943592091   0.001847102893009046
                  45000  0.0003878674116093868    -0.0015810155379238  0.0001100523322157566  0.0001041280156656158      13.45960509017872
                  45000   0.001994306256919138  -0.001670908009689022  0.0001100612936119451  0.0001041150004237644   0.001805927744572531
                  45000   0.002785332709661362  -0.002825492612884657  0.0001099789556922524  0.0001038887602041114  1.033066643257514e-05
                  45000  -0.001768602896903876   0.002249520006464541   0.000109917442481484  0.0001038733838194811  5.009188642309945e-05
                  45000   0.003287509229518033  -0.002663180241715013  0.0001099085308273285  0.0001038625686785739  1.607412368189867e-06
                  45000  -0.001326163702600377   0.000547798461836374  0.0001098540544262061  0.0001037777439183424    0.09605108448754858
                  45000 -0.0003337437754779271  2.379120701804772e-05  0.0001098630320408837  0.0001038089560730964      8.183713739475651
                  45000  -0.002581492201403423  -0.001172901627915567  0.0001094919000241892  0.0001034168972444184  0.0007280835315432371
                  45000  0.0009476528048532334  -0.001629958057335942  0.0001094694475693828  0.0001033862106323191      1.484492959169113
                  45000  0.0004059431361581899  0.0005101251796760249  0.0001093524438699977  0.0001033527881602787      48.52805977807104
                  45000 -0.0004839928752533222  -0.001871468750933624  0.0001092126815906809  0.0001033279998255197      1.592701628448269
                  45000  -0.001868927760561174 -0.0006357959590018911  0.0001091736327961561  0.0001032359965934287    0.02261096417354774
                  45000 -0.0001714255276032139  -0.002213706191997475   0.000109090948998167  0.0001030985438265882    0.08291862024693117
