#! FIELDS time deep9.node-0 deep9.node-1 sigma_deep9.node-0 sigma_deep9.node-1 height
#! SET action OPES_METAD_state
#! SET biasfactor       12.02723625380408
#! SET epsilon   2.008904905162975e-06
#! SET kernel_cutoff       5.122093479753262
#! SET compression_threshold                       1
#! SET zed      0.1509735794541597
#! SET sum_weights       802.9692653498921
#! SET sum_weights2       6170.763122007291
#! SET counter  992
#! SET adaptive_counter  500000
#! SET sigma0_deep9.node-0       2.292942691778965
#! SET av_cv_deep9.node-0       13.22475069446081
#! SET av_M2_deep9.node-0       18019680.69099354
#! SET sigma0_deep9.node-1       8.947957469868626
#! SET av_cv_deep9.node-1     -0.9393267038269891
#! SET av_M2_deep9.node-1       46760874.10484701
                  11000    -0.3707572731273461      16.51054548631682      1.146880040750195      1.957033868664742      3543.079411914877
                  11000     -5.433414172109463    -0.4407969744939129      1.272696057986874      2.301607686136541      323.6537443276397
                  11000     -2.416863503192596      -13.0701131680473      1.265221856662767      2.220891918148065      15.12504621110829
                  11000       15.8488512452328     -21.18503317242018        1.0930372195495      1.978101314292887    0.01511043333429155
                  11000      7.315553347113712      7.756928545351714      1.108574233493245      1.953764999625257      3.170880984639798
                  11000      12.57828810404653      2.587995141121791     0.9394115422548991      1.620096754602768     0.8297963225564637
                  11000      16.29387430032092     -4.875076397837151      1.264018757016224      2.152490333993116   0.005763631249731695
                  11000      10.05919613708127      6.960056626211828       1.08216341651711      1.763656762651858      5.155511108012382
                  11000     -6.207464616264796     -8.006804879867992      1.139818567699388      2.137698419296075      1173.072737250774
                  11000     -3.495508223652342      6.385246730207833      1.236648757666061      2.579445955195229      105.8897705208053
                  11000     -5.021533927471852      4.432905834239436      1.189248594573923      2.266844700859165      289.9310344812802
                  11000     -1.324259140200348     -3.840190832768432      1.332278649901435      3.222463587968603     0.6678309601404777
                  11000      3.622938810684797     -16.84776824960387       1.05511792785555      1.913107984345384    0.07809007549116881
                  11000      10.30810515041077      -5.63841068640583     0.8702509021774061       1.59469281009729     0.1004526178051886
                  11000      15.95066479112774     -13.74801073012337      1.300253209600294      2.330281808969019    0.01546065967673388
                  11000      12.64692165198515     -22.27968942723407      1.212082168770501      2.098522693539491   0.006660809719151594
                  11000      10.42250579153319     -21.34872771813141       1.18533375635234      2.215148443656866   0.001951678402715865
                  11000      1.562918722387974     -15.69800677444134      1.202670139648192      1.983501188531959     0.3159048236141906
                  11000      6.891165783301346     -18.83213933036875      1.345363930027062      2.522436600388733   0.003984851335784882
                  11000      5.576491414920067      9.998444931654394      1.211153454255543      2.040819236426092      10.15954570056974
                  11000      9.287687089025404     -5.738413038087843     0.8987504320408716      1.451205401832406    0.01104865002886858
                  11000      12.36068695936102      -8.97291911262962     0.9110717861828447      1.512933895458872     0.1479165417021249
                  11000     -3.562889569845508      13.96459983476281      1.089877720726025      1.811598536974254      23.02068672084429
                  11000      1.027936335061079      15.40473769986475      1.178956168243182      2.182682915443113      124.9419443366778
                  11000     -1.873606184427944      14.88718380091913      1.216373472317655      2.114199317320357      361.3249348263255
                  11000      11.42448098476208     -16.74981244313095      0.915477070077812      1.593875208596085    0.01350744619570539
                  11000     -5.543499491543407      7.800692125902739      1.177162639253945      1.834204744075537      117.6586987529351
                  11000     -5.082330581058577      9.988869863463082      1.194485156734014       2.23214175357577       63.7292817867482
                  11000      -5.15472947392048     -9.692539689276941       1.13089468008739      1.980595977776907      175.0135232215104
                  11000     -6.434841716391277      5.574365010197311      1.149408634365384      2.050644605582753      99.13677226053386
                  11000     -6.110616216455572     -5.463110858851901      1.076623692350084      1.852645591705032      565.9385894491105
                  11000      11.94917323269989     -4.575328600725595     0.9153772503218793      1.417064080795329     0.1510581917508153
                  11000      14.69687630788636    -0.1810433607904921     0.9648836965047864      1.549168282799198     0.2863687265251759
                  11000      8.334790626869154      9.633711785269512      1.129399927067107      1.856430090016806      3.450959914482207
                  11000      13.63699444315865      -1.62991670383506      0.899415225773347       1.61102800490576    0.09855439987672596
                  11000      17.68587914746082     -19.31813946301149      1.075038196016838      2.056666653386884   0.004960421394179803
                  11000      9.002582109533423     -2.488139894581447     0.8673940635274577      1.499211300277219    0.01600283785272592
                  11000      15.29596470690673      7.974473873604685     0.9732222947503628      1.423024985855234      51.68924947158094
                  11000      9.606328790632741      3.069588624043965     0.9074987665235832      1.437599913010014     0.5649670880199444
                  11000        16.608303740132     -17.37590779322566      1.142535569068726        2.1312816091635    0.01728610891612342
                  11000      3.747667789459229      9.809528350830078      1.168496189695636      2.222605522981269     0.4909333665196536
                  11000     -4.041322771247265     -6.277082196762486      1.141055056611881      1.910269098222811      29.60856876097814
                  11000      19.64584732055664     -8.110746383666992      1.184922334025036      2.136438069932861  0.0001624047427363073
                  11000      14.61909107821546     -17.66753737098235      1.158597883472798      1.990941896040653   0.002527166461361438
                  11000      9.173009872436523     -21.06702995300293      1.184073195320971       2.13974964114397  0.0005539578540104471
                  11000      2.184011459350586      16.24059295654297       1.17869283867152      2.130964821032754      23.41004762050202
                  11000      6.444712873298291    -0.4857491035510633      1.054483294148457      1.935996871575545   0.006429234923705568
                  11000      6.099629058418424     -5.089129479244296     0.8865006836323553      1.423823509760022   0.001276802923421763
                  11000      11.31496944889678      3.193199829869588     0.9111218706188257       1.58750258176667     0.5420310085768218
                  11000      13.40742384037863      -7.48617900103612     0.9710792298000788      2.031013949323947    0.05069284953017653
                  11000      17.71203103860018      -1.50317334865613      1.099495145471407      2.094442910355357   0.003217158446522391
                  11000       12.6416078208381     -13.36049056673101     0.9854414963223194       1.62347812102779    0.04435039246627265
                  11000      12.71697017208393     0.6077573218198379     0.8847041777811213       1.45971942579952     0.2901511033755457
                  11000      18.70512676862913      6.302454696986236     0.9098795438484025      1.409671369941663      169.8488909909794
                  11000      19.00921706566607     -18.51971874605062      1.061369642773963      1.885151066966902   0.001844717725475749
                  11000      3.882932856290661      12.59610338805876      1.151909510965566      1.915849934228134      12.59720858698008
                  11000      5.940560340881348      5.463582038879395      1.114273315339406      2.041406512852959     0.2484645493666074
                  11000     -3.803512508565275      11.69324599345977      1.098022418222975      2.000196784035615      123.4588192410704
                  11000     -7.447686511037204     -8.634805112526291      1.042538545953671      1.756315088734187      141.9493636821209
                  11000     -6.603261891134785      2.110167823034589      1.040283100711641      1.744247827623788      90.80845890037031
                  11000      11.62023630952049     0.1392638828682015      1.004336133870403      1.467512613827182     0.1555819768914246
                  11000      7.071955133041119     -8.350237105883229     0.9116734141449072      1.606850190194373  0.0005784314740570353
                  11000      14.05525766639263      2.874565101996554     0.8533616214769049      1.428317573549648     0.7840080107769583
                  11000      18.31131371624139     -6.338568771783097      1.082444819594079      1.878065579831846   0.002943525724175277
                  11000      12.89000032268302      6.814992766522987     0.8889912647083821        1.4900646544091      8.304651181142003
                  11000       14.8170192018922     -8.848841470032024      1.122870013898407       1.93350260248082    0.01012450322908922
                  11000      3.527235269546509     -4.112101554870605      1.062543550230689      1.840744264153711  0.0007511031955666199
                  11000      16.59335565951673     -1.393555784234009     0.9527480045968888      1.560486968165032   0.008139344821423155
                  11000    -0.8465229027697321     -11.33137821528545      1.044274200635372      1.722163819846125      1.229099136890594
                  11000      16.40616889340715      5.620071764107968     0.8503357592307307      1.426866065626432      16.52792909573916
                  11000     -4.786091439751101      1.719485658929879      1.101978877119062      1.700873536719172      118.7798183220957
                  11000      2.320921208788905      4.490738196968007       1.03248278048074      1.733128674358251    0.01594273247442868
                  11000     -1.745364793836252      7.132479987907689      1.037457814243983      1.876166319991004      17.43120313113302
                  11000       11.8366760235104     -1.481413931830876     0.9253468959192037      1.446521454573666     0.2849097072372374
                  11000      14.47901506013087     -11.67881943439417      1.092515742895886      1.694866047934176   0.009901106355506209
                  11000    -0.4230408707888219      12.54124492318988      1.086451495292757      1.717419007616023      81.58028814848879
                  11000    -0.4722574752693086     -15.00591432761267      1.134800041150481      1.746076286480249     0.7124310022684109
                  11000      4.839567061038631     -8.431754546053941     0.9533711828148786      1.611522195533369    0.00111558100544004
                  11000     -9.137803200541555     -1.416210571512633       1.05647046347852      1.741932842808734      1.466176115369526
                  11000      16.74931563536871         3.067174229836     0.9023219439430877      1.393970595102155     0.1370713438666482
                  11000      1.892417592005725      12.68859546790125      1.048225808178197      1.754769543234523      28.28589835123262
                  11000     -2.843560752872689      9.841315920151029      1.028099495984578      1.788275606348603      26.90406314620991
                  11000      2.130842685699463     -2.291807174682617      1.047125145910084      1.741637921801274   0.005748513317000479
                  11000       3.62639307975769      1.171500563621521      1.037107113517603      1.710074515882834   0.001563094873987994
                  11000      8.718884451621559      1.975595310762702     0.8535750708706774      1.350814797849169     0.1912788587774793
                  11000      8.392606631515848     0.5280050753275721     0.8414373046069966      1.457185644640481    0.09559372293216835
                  11000      2.226475995059928     -4.352194240874632      1.027277590100597      1.692709062587907     0.0120187975846039
                  11000      3.034270048141479     -7.881321430206299      1.026169937010915      1.686073988100629  0.0009817390604629503
                  11000      5.010390281677246     -10.63097095489502      1.013346788638869      1.675604329061366  0.0002018202974377197
                  11000      3.191281795501709     -14.82238388061523      1.007401530303993      1.668961665868794    0.01621858743819573
                  11000     -6.805832862854004      14.41259956359863      1.005464200340888      1.660711399957985     0.5805020659386548
                  11000      4.930842399597168     -18.85918426513672      1.005098701101167      1.662194180702483   0.003861499651784991
                  11000      6.478957929594268     -15.88991298991643     0.8848714005538129      1.431404205035993   0.003809899832516371
                  11000     -4.834115144522978     -2.958762536972144      1.052341942156514      1.626045989562938      48.55759117429785
                  11000      16.90944714248267     -8.128840617056042      1.031943651240791      1.766958075227617   0.003890068314895332
                  11000      7.918942548372002     -14.48980645986059      1.038984925243387      1.383515974241075   0.008077945338489434
                  11000       2.29721999168396     -6.294503688812256     0.9978139853206746       1.63622241519498   0.004184146819870334
                  11000       3.17739200592041      2.802719116210938      0.997078386535569      1.634881352867915   0.003636914414775895
                  11000      -3.64787745475769      2.697123289108276     0.9961351274097079      1.623973382268772      21.58939157663088
                  11000     0.3993319571018219     -1.346238613128662     0.9951336109257239      1.624823836857438    0.03896116438178351
                  11000     -7.432303905487061     -1.819136619567871     0.9937679313798793      1.619595761297703       10.5609925788418
                  11000     -1.893946886062622       2.64558744430542     0.9929175350332258      1.613860585367477      3.688003264874626
                  11000     -8.218446731567383    -0.1641592979431152      0.997134664107153      1.610010252929264      4.245721670347287
                  11000      8.795062138587095      4.360327365679063     0.9070724619831861      1.482878941216244       1.02914290194216
                  11000       12.0454097378271      8.151695249742412     0.9275057454202207      1.379900622204746      6.962056788966896
                  11000      19.62243270874023     -20.80571365356445     0.9972745576093355      1.603679514349096  0.0003491974924086314
                  11000       1.07550573348999     -8.419796943664551     0.9953436458716932      1.602322693310179    0.02402547682797808
                  11000       1.61752724647522      6.753703117370605     0.9940355625331234      1.598347706798543    0.05843899873875563
                  11000      4.921117305755615      13.79254913330078     0.9932267319529913      1.598814462185493      1.061027049420928
                  11000      9.539996563113466    -0.6208491903285062     0.8890362135773883      1.378482973307035    0.04329075901410856
                  11000      13.70172214508057     -16.39414596557617     0.9920088034961437      1.597595239742368   0.001324620415140154
                  11000     -2.270325183868408      11.69038581848145     0.9913183589110544      1.597433404491881      20.00397517838092
                  11000      9.876127267722971     -9.864731759202712     0.8951338757220482      1.468377182319658    0.00723390402408491
                  11000       7.22179858912676      12.79304345459548      1.050693689845024      1.681491136529454      1.003760892671981
                  11000      4.030856132507324     -11.74628925323486     0.9880754323055156      1.567457808239867    0.00209006967970859
                  11000      18.08246231079102     -11.75327682495117      0.985860051695972      1.567951856257496  0.0008410944353563007
                  11000     0.5559139251708984      5.772668361663818     0.9889146229235932      1.557161801410545     0.2351528731727899
                  11000     -3.765351533889771     0.9227764010429382     0.9889884512002317      1.554784595380392      23.51755445624547
                  11000      19.80929605062134      6.048323416130857     0.8818425098019644      1.506865123824467      135.0311129977821
                  11000      19.78693768177658      3.817961911573805     0.8581179148667611      1.434480772071577      37.55941612042058
                  11000      21.58989387539559      3.832709258761479     0.8023239837541858      1.287623195411135      4.162299693047275
                  11000      17.39749219985486      6.727544052394167     0.9643053158330528      1.483099833215549      196.0982281425989
                  11000      21.12137408974333      1.362441751936911      0.860169761721562      1.419140297496813     0.3283612196519317
                  11000       21.1668442526823      5.409264513685552     0.8659092763852879      1.331174162005949      38.59133749517466
                  11000       14.1186054006617      8.026981628440748     0.9419435337441702      1.412124561374043      24.83285189759017
                  11000       10.3385870845305       -16.661012713334     0.8899714739056195      1.425858456553817     0.1068530807949125
                  11000      7.843179225921631     -16.75446891784668     0.8953131775315576      1.379236272070759  0.0009577875859237016
                  11000      9.553040177908292     -13.18635265077976     0.8804398676371699      1.472126749128461    0.02572142148110343
                  11000      13.52957867631428      4.995331396072729     0.9373307120843529      1.423720975910403      1.459650441777815
                  11000      10.40896037315603     -12.60928026010017     0.8444311664427766      1.388308921585632    0.07529563596196776
                  11000      6.417890548706055     -9.855524063110352     0.8792056683237683      1.369841237037929  0.0002220378122893667
                  11000      8.310694680450279     -9.185113843055955     0.8417782898043181      1.359615727328747   0.001922586543755976
                  11000      8.905692524660774     -15.68407836346426     0.8801249708455443      1.332758500491584    0.01969185971060446
                  11000       13.4395637512207      10.37851715087891     0.8729269644520216      1.365801628437425    0.06921147934568889
                  11000      7.194424145622013     -12.93080524760832     0.8956879680215676       1.36304712159438   0.002759833673570353
                  11000       18.0594539642334      1.817198753356934     0.8719945630563894       1.36473348126666     0.1545386836954818
                  11000      11.10417366027832      10.20334243774414     0.8712619707790182      1.363794701816833      0.140933410423432
                  11000      15.40093231201172      1.804000616073608     0.8695856765637069      1.361295375270146    0.06175091362582163
                  11000      5.232865517512442     -12.68300922493334     0.8454616471431441      1.427100224690742   0.004651324281783777
                  11000      7.974864894061565      -5.97415773526004     0.8340829454803811      1.401635308151178    0.01052377974374577
                  11000      15.46716776406589      6.351016111393594     0.8234788228974033      1.306580925095616       13.2006747325952
                  11000      15.03492760988017     -4.014856200068706     0.9058643665452987      1.353947739564341    0.03639511522075674
                  11000      9.154969215393066     -18.01974296569824     0.8577170628514532      1.350565739546282   0.002230753796908951
                  11000      12.38407039642334       10.9088134765625     0.8534394118469019      1.346109336575032     0.1363272067504551
                  11000       14.4980411529541      10.53363609313965      0.848033160805501      1.337322211923035      0.810047591424423
                  11000      20.63115456053339    -0.6774755843197486     0.8429135407601107      1.398895105700162    0.03942351142928327
                  11000      10.80178489328368      5.068019245856162      0.867949477566896       1.34929801907405       1.11693731973481
                  11000      15.56407451629639      10.14201354980469     0.8405574205320057      1.328114960220557      1.988796141253546
                  11000      11.83715320149503     -12.23043781099989     0.8299057795770681      1.399521075509522    0.02253803930500925
                  11000      10.86231132003002      -10.5354355955727     0.8917752281218436      1.378309850853317    0.06083039351939516
                  11000      11.72171429769247     -7.600016389665034     0.8317767176790883      1.389177777495608     0.1563858173505726
                  11000      10.50640784853704     -14.89018065188396     0.8426349317510856      1.297865522698255    0.04189355760939135
                  11000      7.949497699737549     -3.521053791046143     0.8230872997941701      1.310975451594582   0.003272678614936637
                  11000      12.29126644134521     -17.78559494018555     0.8195968616118514      1.306770703541996   0.004481793604416931
                  11000      6.960572719573975     -5.467441082000732     0.8171721179195884      1.304355740909507   0.001561346077786544
                  11000      9.733905792236328     -11.47992515563965     0.8080165761010881      1.293457495145411    0.01529136381875018
                  11000      12.85571495608066     -3.262841956951968     0.8793231804882217      1.306849663326318    0.09767451084976404
                  11000      8.260213851928711      5.830754280090332     0.8052486340048047      1.290709552308514     0.7829571425974653
                  11000      10.40515899658203     0.7354998588562012     0.8018637095864203      1.287619918398204     0.1052607882140658
                  11000       13.9773006439209     -5.091711521148682     0.8015294465681072      1.287233663091878    0.02276497013267569
                  11000      12.51980304718018      4.810704231262207     0.7987608802271065      1.286060044678234      1.190191943881223
                  11000      19.07916641235352      4.912074089050293     0.7973102518789088       1.28438466978157      33.49487843381362
