#! FIELDS time deep5.node-0 deep5.node-1 sigma_deep5.node-0 sigma_deep5.node-1 height
#! SET action OPES_METAD_state
#! SET biasfactor       14.03177562943809
#! SET epsilon   2.744460475666789e-07
#! SET kernel_cutoff        5.49700120853936
#! SET compression_threshold                       1
#! SET zed      0.1739434714068997
#! SET sum_weights       5508.466430692443
#! SET sum_weights2       52185.33887405993
#! SET counter  4992
#! SET adaptive_counter  500000
#! SET sigma0_deep5.node-0      0.1755472622820432
#! SET av_cv_deep5.node-0     0.02561756863247105
#! SET av_M2_deep5.node-0       83611.65943656868
#! SET sigma0_deep5.node-1      0.3260184893019698
#! SET av_cv_deep5.node-1     -0.3188167580554768
#! SET av_M2_deep5.node-1       87460.56423018831
                   1000     0.5612898096263836     0.4026273467141755    0.04944277887014636    0.05566711220579753      870.4502230484384
                   1000    -0.5215150305373565    -0.1753713852270159    0.05533887818881304    0.06013264345325892        38.647562849285
                   1000    -0.6464190727469902    -0.2941930397612635    0.05063424693235719    0.05627159684418345      297.3941771800705
                   1000     0.6560893662869964    -0.3744761856052182    0.04690622527464932     0.0541936230025055      668.2832022805292
                   1000     0.2435967839347747    -0.6679077327020195    0.04584713662225167    0.05653104604081109      2259.636590146225
                   1000     0.6772495834573971     0.3292683816479909    0.04654311369664663    0.05134307737464531      271.7157619911934
                   1000     0.1434714715795166     0.7660211643040263    0.05125090617627191     0.0530548208007634      3401.337920391089
                   1000     0.4432227399700203    -0.6630738504908842    0.04682055395974243    0.05233166652840428      1602.948548541722
                   1000     0.1415721868949127    -0.8231185888465364    0.04850954857383243    0.04903121483488006      7315.938927875135
                   1000     0.5994633261738721    -0.1534866737628595    0.04873735763340431    0.05410367599026657      935.5012015905015
                   1000    -0.3305853382856834    -0.5342487919386016    0.04772660587388243    0.05737102118921274      133.3280033550683
                   1000     0.3553464423689885     0.1569422105780218    0.04725757118247361    0.05370582125288131      47.04597942124274
                   1000      0.551393755217782     0.1541762571322598    0.04649856407690699    0.05733682707115792      483.6601539778955
                   1000     0.3645532313386252    -0.4412278180427922      0.056980780450992    0.07194765344816488      276.9338561255486
                   1000     0.3148345902855012     0.4012936939396312    0.04947273112177464    0.06172387013561346      406.3511124725234
                   1000     0.2432826955664496    -0.7534064603357626    0.04659283500804175    0.05237519774631473       21228.6423768262
                   1000   -0.08624503495580339   -0.03189101502257038    0.04596279447287685    0.05880142503189481      29.07498097708773
                   1000       0.32550534313282     0.7259231089182367    0.04536812961709662    0.05341306626782268      5145.890859168258
                   1000     0.4999190063682912    -0.3951390198813044    0.05100864087763705    0.05889185110490401      703.1858416745704
                   1000   -0.05527788478998688     0.2473623388133563    0.05233732641445805    0.05862565885475926      25.06827124996322
                   1000     0.7482417805676104     0.1795084348311429    0.04630018260161556     0.0548659979941227      160.3645402079107
                   1000    -0.2628659483853257    -0.4172802154174807    0.04661519907253395    0.05509735163627601      61.93841504538751
                   1000    -0.4815387011199266    -0.5035163273641183    0.04886702285050831    0.05538786011981276       105.346649906337
                   1000     0.7668714402128592    -0.5654480461959286    0.05133195029047805    0.05515471132505728      12.21476709976442
                   1000     0.7757696961443501   -0.06189498788945276    0.04768242202049783    0.05587078101456745      247.4950482488875
                   1000    -0.7902926179179687    -0.1798043689418677     0.0479567624015789    0.05735593531505727      30.32584617202213
                   1000    -0.1316055407071524    -0.6932659001137872     0.0490891438605767    0.05275802529153859      323.1500921412849
                   1000    -0.4972530983151831    -0.5990727782274256    0.05200892211518076    0.06013317086664003      41.16940510154235
                   1000    -0.6785956304076797    0.01320872399178642    0.04897228596069798     0.0657548241635262      16.40350723367846
                   1000    -0.1107059131827233    -0.3786569039001825    0.05055896889653003    0.05578660908092463      90.72402926111693
                   1000      0.242867377528054     0.7731303059346057      0.050164186197269    0.05293905101648742      20706.26510465828
                   1000     0.5773955658899166     0.6334559886242134    0.04486337352674621    0.05250360530902781      6.169251779483597
                   1000    -0.2079468379098249     0.3301213037736401    0.04712944913002565    0.05297374401581806      42.94739490122026
                   1000    -0.2480913584584145     0.5104297185420777    0.04540281489865695    0.05519007335338659      14.86092660689017
                   1000    -0.1955482688955455     0.1950537461232633    0.04717512608167761    0.05846714582095027       21.1520945767406
                   1000     0.5066482415607277    -0.5758994348854862    0.04781602909544957    0.05728531815322083       610.583340705708
                   1000    -0.4876763337163862     0.4929896371617952    0.04445559805787869    0.04932437205694084      2.139880916112209
                   1000     0.1494880444216896      0.289513695580964    0.04444206090920533    0.05025611260778278      66.15135069056157
                   1000    -0.4291541762913406     -0.062102191985298    0.05070392034964612    0.05962916470942013      18.21506237542432
                   1000   -0.09606097324412682     0.4580253641998053    0.04662610029366171    0.05014300900223855      92.12531874992615
                   1000    -0.6632005904660953     0.5909098438346477    0.04416215203668036    0.04804533428347886    0.08407192784311587
                   1000   -0.05895156493560387     0.3314548256171385    0.04591400954930451    0.05447255616538584      60.35728389478979
                   1000     0.2687663206925575     0.6767139322139341    0.04966944635975576    0.05602016705962801      6606.816436374938
                   1000      0.398718369064742     0.3587794163970304    0.04552757649815878    0.05556511424373844      436.4266548449693
                   1000     0.6501623317759029     0.0877297352918134    0.04541553342658965    0.05903826071608733      483.7086543137881
                   1000     0.6743980757186161    -0.2665014685502766    0.04767206604264974    0.05551693696600888      523.5359595809739
                   1000  0.0008922354441871789     0.4909321561723867    0.04798556033286745    0.05458614589584666      122.5218884495304
                   1000    -0.1986383783448742    -0.7424638695330663    0.04669890554664603    0.05593675808460279      105.0154269777847
                   1000     0.3028781256916809    -0.6911451836275349      0.046891315219899    0.05297781892307821      4870.327084223886
                   1000     0.4716175301922633   -0.04783329520190518     0.0441899287152208    0.04769677033378936      161.3700330081961
                   1000    -0.5528879874686206     -0.366531655766598    0.04751015942763465    0.05482372920002269       111.331718721547
                   1000     0.8116622928899133    -0.4552899195899065    0.04662212456768481    0.04846002127605025      15.09729618816206
                   1000     0.5048443625208462    0.07499199323913251    0.04710896198495427    0.05330699735613159      389.2999365854498
                   1000     0.4005812735384178     0.5896695070061637    0.04592093874782083    0.05283607849651945      1501.259186168513
                   1000     0.5672289579239657     0.2724710972839155    0.04726317525352588    0.05633208704126926      562.8442097828454
                   1000     0.3119294296670959     0.5858254729509885    0.04458702610742501    0.04919118875640741      4658.332003629241
                   1000     0.4854863702531673     0.2082546726349837    0.04561817756150011    0.04796742952458363       310.188808032376
                   1000     0.7851296203627404    -0.2305241779185343    0.04850757273462707    0.05472758502210538      52.74673963492867
                   1000     0.1587668076474144   -0.07378156683768555      0.045950873658024    0.04884833109578019      26.41619046169172
                   1000     0.1527662535638076   0.001941634727202402    0.04437889407877071    0.04443513354031323      10.79511460795499
                   1000    0.07449252193974479    -0.1786922351064599    0.04641534039683114    0.04824292614347992      19.43154412777801
                   1000     0.1246721723980193    0.08460032382599364    0.04588790219792634    0.05189899060408445      19.70683025771966
                   1000     0.3632749992272157   -0.08295679816244833    0.04727074036243602    0.05300443523665324      51.26467688052109
                   1000   -0.03930879551567482    -0.2958811096253551    0.04725671478994867    0.05380617503951958      34.12274716752532
                   1000       0.33858338175536    -0.7333618777382245    0.04407791290057474    0.05000535455750576      3453.297225011867
                   1000   0.002061519287534269    -0.5723644218687602    0.04375907002234498    0.05215449327006681      335.0042106937074
                   1000    -0.2208468013795616   -0.04513644109433065     0.0446624714788414    0.05063385997993629      9.928890945735393
                   1000    -0.4040238766356657     0.1816763445830464    0.05051326576258221     0.0516567991301946      12.17379981512084
                   1000    -0.4264575158343754     0.2971936987312029    0.04513963203415052    0.05120254126106479      17.53285374449582
                   1000    -0.3301635594220009     0.3710869501903006    0.04810573285032484    0.05327240215369843      40.79530171735251
                   1000    -0.6892883982831953     0.5017349732796437      0.044063005695971    0.04842518511107497     0.1401491948245592
                   1000    -0.2158096238934724     0.4173495785168882    0.04917139670734128    0.04795217530278731      58.04550390489889
                   1000    -0.4007505359807276     0.3761201941301489    0.04424648799491595    0.04995038363764387      13.26860979772127
                   1000     0.2459081667747027    -0.1246874590586408    0.04535129065889828    0.04775711373588013      11.82344234846433
                   1000     -0.159114878515546   -0.01536948285763779    0.04809332326879175    0.05534873047143725      12.82838767129132
                   1000  -0.009308526109545219    -0.1634768059204985    0.04665698640718968    0.05056430282399998      21.27825612362364
                   1000     0.1594924405524172    -0.1436673795635346    0.04632283982363131    0.04949136838296643      17.50529825214435
                   1000    -0.6066071424882432     0.1792581793892592     0.0483652374029104    0.05319317295986555      6.160874494897381
                   1000    -0.8906682816580124   -0.06069692577169754     0.0470862036567566    0.05430884864191173      2.152295436434103
                   1000    -0.7727445630855161   -0.02442854061145648    0.04560097026410698    0.05557091608844558      10.29439387573297
                   1000    -0.1586318339408674    -0.4558672999761267    0.04366058498278892    0.04660918665388406      100.8888548422881
                   1000    -0.5474558870358771     0.2560569520793711    0.04286419927520963    0.05011216297634101      8.423242045691481
                   1000     0.2064076078750226     -0.279825817908968    0.04354233296027769    0.04826701748198698      18.35364434647556
                   1000     0.4177761665577479    -0.2478589709941895    0.04644308107472614    0.05411784108622076      89.13600741334027
                   1000     0.1028158478500784     0.2161757316559249    0.04601293470346034    0.05239479349182818      31.43488912122761
                   1000     0.4766508630404372     0.5472176201251471    0.04593220263138963    0.05603685449126047      546.7237846532848
                   1000     0.6671642859253161     0.2362058516133251    0.04935301231558534    0.05000583732146335      457.4061252004431
                   1000   -0.07696865903950237    -0.7832603583944583    0.04702524426467436    0.05920582247873427      321.8153322791472
                   1000     0.4512567486886574     0.4113660451990935    0.04761014106269728    0.05338257372653033      546.5662438917669
                   1000     0.7617371508091744    -0.3576343814080594    0.04609151536032999    0.05391047538252253      217.0731368072521
                   1000       0.54750929766474    -0.2387239611527249    0.04619652842629444    0.05056967764417693      147.6154675275586
                   1000     0.9538800013071685    -0.3205418544302265    0.04694527525736742     0.0558109497310192     0.2349806659818342
                   1000     0.6807049425363764   -0.05193625128992722    0.04580415808999583    0.04932413603685291      437.3769927838182
                   1000    -0.3011432975490743     0.1971342717468861    0.04334132406303676    0.04766160445334419      18.19179045492087
                   1000    -0.3212594751509658    -0.2303841553151756     0.0443923339717129     0.0492469462352062      12.14630919714672
                   1000    -0.3936155198568939    -0.4419362114250218    0.04554728289927109    0.04957402784735568      193.8620423908851
                   1000  -0.001569482970138961    -0.7785491234367438    0.04448615622894636    0.04608383859229576      879.3664653605875
                   1000   -0.07715616227917306    -0.4424063290682385    0.04791675526886387    0.05072199558243161      77.68950207572659
                   1000    -0.3355386863642411    -0.6752272644833773    0.04500486664116825    0.05073764590619531      42.26263555198251
                   1000     -0.420309537505297    -0.6278189406208766    0.04396126527638233    0.05460964712907893      34.97135042164932
                   1000    0.04006234697660908    -0.8344984916486931    0.04592331821055484    0.05244733858350572      741.5143449537705
                   1000     0.7107631713588443    -0.4201968506305586    0.04553467274986205     0.0533697021703206      452.3528100181321
                   1000    -0.6048579520305781     0.6281297873947754    0.04228063673224167    0.04590019922089534     0.1772797653549585
                   1000     0.4791023779152577     0.2701917079024753    0.04688352221765085    0.05140659364553099      221.1290854067029
                   1000     0.4502585917272579     0.7268148818523418    0.04609715682423392    0.06163433683636843      68.11796406263525
                   1000     0.3938798408979223     0.7448339014817715    0.04740251368409962    0.06001756706900826      86.06499705243314
                   1000     0.6761279490605536    -0.1435036194239652    0.04490776274096842    0.05194980548665287      798.3320926073475
                   1000     -0.216124037317723    0.03859346143207968    0.04914144376526446    0.04958400724660954      5.852633203615454
                   1000    0.04457652679916072    -0.7009244349725343    0.04727904480085229    0.05325901138566139      984.9685234440666
                   1000     0.1759062704331113    -0.7554584969884831    0.04587748496081122    0.05089478083842639      8587.625310292839
                   1000   -0.03039871762401687   -0.06439334651612669    0.04551732325416535    0.04751443763039628      11.35140859120584
                   1000     0.2200102766814127    -0.4741718530428501    0.04563323649490608    0.05338599978865986      131.6205828638691
                   1000     0.6936231882859452     0.6054783070208148    0.04442779232861208    0.05503160314964932     0.3992278290021993
                   1000     0.8113961477291922   -0.01247159475195904     0.0452030600135938    0.04746657004705383      60.30023030011732
                   1000     -0.150558350009481     0.3625765250727637    0.04566866741557963    0.05375834164323822      40.39210864203827
                   1000   -0.02218748056659283     0.6203253648754338    0.04720485260346904    0.05139714484001386      41.62450140066636
                   1000    -0.1452602576844291     0.8524801318970298    0.04153993197593639      0.047071585334873    0.08689296095207602
                   1000    0.03694275160967311    -0.3964180183805494    0.04414746685863627    0.05200694885452253      27.98435315421735
                   1000   -0.07839918892035516     0.1192732514089984    0.04587529537542243    0.05112322917736776      17.71667551812679
                   1000       0.45240270445382    -0.1545881783584351    0.04427170880539089     0.0510517234741061      185.0933848594964
                   1000    -0.5246368700173382     0.4045326899926931    0.04256880073070762    0.04980889199058339      2.930377553646088
                   1000     0.2950843648701603    0.07130420046242195    0.05107226699561486    0.04972603639348829      21.58329970579373
                   1000    -0.2190944412632799    -0.3451324830578438    0.04912308800429067    0.05138942633099177      44.60972883323094
                   1000    -0.2695192558841128    -0.5618662436345921    0.04274792289656663    0.04639742078197568       104.695834536466
                   1000    -0.5445094425095646     0.6228625642727262     0.0401528151796939    0.04749861727428478     0.1945891978260684
                   1000     0.6124660669671428   -0.06269641236996652    0.04558105774741471    0.05356236552671297      912.8361187660901
                   1000     0.7220987774552506     0.1199497673029718    0.04140062899391892    0.05007638556788618      148.2998608622693
                   1000     0.8747828619493351    -0.2278297373669075    0.04565844842220233     0.0481573595019724      8.314606741742251
                   1000     0.1623871240049126     0.6817768586853706    0.04357278317423569    0.04980776017986158      1651.383341516897
                   1000    -0.3748469428680251    -0.3063533140915157    0.04614122849706302    0.05223153469829608       25.4668347038669
                   1000     0.1160874769915225     0.4017227434181624    0.04816896002886619    0.05204929264116685      137.7796665939626
                   1000    -0.5469638351142141    -0.5358405883458593    0.04469259157247178     0.0492738078083272      40.07249454531581
                   1000    -0.7800073518743726     -0.293857632483409    0.04960590137265319    0.04897241039462176      15.25654940664294
                   1000    -0.3332411411353998     0.0548477862858294    0.04812160731129699    0.05204972220658875      6.068691108768745
                   1000     0.4109320655050797     0.4910028018251649    0.04420451596500143    0.04899279302447766      1007.534393039101
                   1000     0.5570100624866965    -0.4720789996892328    0.04944415617553095    0.05057732918221229      520.6997237747062
                   1000    0.04196785241935342    0.06566713038425942    0.04600797244865879    0.04835308091727748      30.20447027736017
                   1000     0.2402472385275931    -0.1990300454270679    0.04400003905487764    0.04829014401942462      17.48874132257954
                   1000    -0.5342246287463888     0.0819645538908229    0.04830022697282318    0.04668036667682466       9.88183817381606
                   1000    -0.5476050373466772     0.4726812456912101    0.04349181240825469    0.04630795387354059      1.313036564236258
                   1000    -0.1811714927048222     0.5188431984900178    0.04468837243111519     0.0496200012698123      41.45927283447936
                   1000    -0.4137303489581638     0.6636845754731262    0.04295544885629515    0.04759520344592817     0.6668231353619427
                   1000      0.297941780204466    -0.1946670784641803    0.04507923411080569    0.05246974508186316      30.75022176346952
                   1000    -0.7244579687079454     0.3270120355946671    0.04477150659871761    0.04776849927480992     0.2641123008730481
                   1000     -0.239267690388558     0.6935752037612279    0.04343782873441721     0.0466112476557646      2.531738709085521
                   1000   -0.06257525743110973     0.6816828270085031    0.04450115922413517    0.05087261730044346      24.53595598923492
                   1000       0.15040207745148    -0.2661820471585489    0.04165852907225323    0.04430451337593993      8.121301517446573
                   1000    -0.5009685580757417     0.6827630904849668    0.04541590892220361    0.04697895917931164    0.08903909001616145
                   1000     0.2136669276926775     0.2292023249436366    0.04513248898738593    0.05187087788818398      32.97444137462278
                   1000     0.1072481954647835    -0.6000850910653248    0.04902478488100018    0.04984007328242378      505.9380159922155
                   1000    -0.1369807819582924    -0.5183618569302595     0.0459037396822727    0.04918245328826382      161.8304153284479
                   1000      -0.26992233311398    -0.6231098597241577    0.04554022950204308     0.0486688822781581      129.8540752306486
                   1000     0.2271735087756806    -0.0464297379726856    0.04484565359118722    0.05025211105726372      13.71816047424351
                   1000   0.007915749733286456     0.3652730247870146    0.04648096390150999    0.05177065780118593      128.9057039159731
                   1000     0.4170409719253803     0.1112639927956805    0.04724525628114253    0.04947765558845918      167.9747721986723
                   1000     0.5382773767786558     0.4928516174994627    0.04589820503713903    0.04669685896037403       241.145386001199
                   1000     0.5410658019974401     -0.640243560634435    0.04653582539048145    0.05083906626841241      153.0955421482115
                   1000      0.153075329974832       0.55017347815877    0.04648985788753152    0.05317589464173281      914.7877160645029
                   1000   -0.09696015388494683    -0.2078841508486462    0.04724491729502372    0.05155626009595182      22.08010634200076
                   1000     0.0645586495398455     0.5502634523797993    0.04597079582659004    0.05470578996977057      166.2655380629137
                   1000       0.54246443302794   -0.07305243873404012     0.0432551564322696    0.04684622825544585      530.6495771951542
                   1000    -0.3281073148010913     0.2516902888219131    0.04517729494431981    0.04770106855650909      9.492155326373586
                   1000     -0.322572176464157     0.6362102107028728    0.04562407172575605    0.05086239638858418      2.376748820415072
                   1000    -0.4196824748903223     0.5971378837943935    0.04721050784326899    0.04978155018619632      1.239860773238925
                   1000    -0.6255849752232161     0.5426108908684946     0.0446017822702241    0.05189014864245527     0.1442963659621939
                   1000    -0.5030413999766354      0.756727534660483    0.04453557030453981     0.0445717388797712    0.01346991635383848
                   1000     0.2353857039050393     0.5193609800208624    0.04541234744018157    0.05051531663254067      1374.200022535152
                   1000     0.8836843624099491    -0.5662246995669542    0.04680345851613252    0.05587179046695816      0.310925753942719
                   1000     0.5300712875868194   0.007559140743189035    0.04516839502918427    0.04654729660910305      408.8463039774493
                   1000    0.04292057209562528     0.7527783210139793     0.0450806324865357    0.04760396530811901      226.3809384585705
                   1000    -0.2028967169420788    -0.6062354672258545    0.04681729280254446    0.05285450483207343      89.37118325083539
                   1000     0.1158212746498987    -0.6656218371144733    0.04540267776756952    0.04874891458895129      793.9668292804579
                   1000    -0.1449055878467666     0.6728721364775144    0.04304977547175383    0.04846501074820187      14.40019430980334
                   1000    -0.2715902288327696    -0.1165345972778415     0.0471057184981028     0.0473064530234563      16.23573644054854
                   1000     0.4749783846181417     -0.838322973462847    0.04643917110638193    0.05043430163724225      19.57214351811948
                   1000     0.8853678925745682    -0.1377455180904477    0.04908888357594499     0.0494856803902058      8.920429957920494
                   1000     0.3522570921093745     0.5171081068793993    0.04441460068331064    0.05237448233533208      659.4789744578854
                   1000    -0.8052061100251562     0.5311191348732451    0.04327808826464058    0.04986353175224696   0.001694210945244584
                   1000    -0.3588528801447936    -0.1190727117109174     0.0446412907058709    0.05142124863629711      11.40895635591979
                   1000     0.4004984137076438     -0.187155153900499    0.04343243976926985    0.04638131774410385       37.9356761274833
                   1000    0.06403934726325763    -0.2438097344389989    0.04686643454500079    0.04716594826529782      12.86527354301274
                   1000    -0.2994303879513301    -0.3278708426286462    0.04530443347238269     0.0497387807048769      38.17698759090253
                   1000    -0.1306389821438473     0.6008296627520405    0.04429205294854795    0.04885813323333309      23.21502700940971
                   1000     0.1471942611566246     -0.427656210043537    0.04457393944734523    0.04935799201245356      67.08529520512118
                   1000     0.1302882144844188    -0.9414739127204044    0.04631177560387911    0.05474922762420713      79.96328415388967
                   1000    -0.4128072728801153    -0.2336667547121533    0.04516178543213077    0.04837828610709131      9.003325100526245
                   1000    -0.8035885632491354    0.06292516803116371    0.04411380157947926    0.04892768672158601       1.59935287380619
                   1000    0.02467463172182539     0.8067918403692214    0.04281340775699671    0.04546647951902105      240.8804404916761
                   1000    0.03114937684159868      0.260076015686218    0.04583105533235796    0.04866156859224207      29.16576449346841
                   1000     0.2731517984668217      0.324029649381506    0.04746411436279781    0.05264492260395059      143.5804204392442
                   1000    -0.4139979096584096     0.5159262963265141    0.04401539039343008    0.04974831325120135      1.338894292011455
                   1000    -0.3531557720234594      0.708001042918893    0.04433623641005181    0.04623642103481587     0.5543922892609531
                   1000     -0.357941226032149   -0.03011377241402124    0.04351869471749322    0.04763773166039562      5.101315587829202
                   1000    -0.5093405345797083   -0.08929022626896074    0.04659370148579698    0.05122244162719986      18.11199714615944
                   1000    -0.5988031108809347   -0.03167068920990546    0.04688787397669692    0.05225928377033018      8.678867539843989
                   1000    -0.7096392420357058    -0.1144406715901225     0.0453383511861041    0.05003906216337051      30.88788734677178
                   1000     0.5092184088986134    -0.1795496189640953    0.04486172534021945    0.04582942585444865      135.5292565438211
                   1000     0.4000285613850929  -0.001711976631136595    0.04671265280304428    0.04985473777059492      48.29903450047671
                   1000    -0.6836635895151955     -0.395168152011432    0.04338652669721317    0.04877353517235727       82.7585544321464
                   1000     0.0970086469101421    -0.5107084661629792    0.04450445765933522    0.04656457815617878      77.29949776514559
                   1000     -0.530693589494891     0.1768091510831024     0.0451223641842725    0.04803694998301285      13.92429013553734
                   1000    0.08050742501676993     0.3064774837781306    0.04601844108442332    0.04663548917526093      104.4453841112992
                   1000    -0.4772696804421357     0.2527118101135285    0.04510746585681898    0.04859141199627374      16.20633716176562
                   1000     0.3850865919049814    -0.5683129193819404    0.04603640715404188    0.05053033448002201      531.6289289642526
                   1000     0.1013678456609703     0.6911040010265964    0.04451624418467356    0.05064460323695103      615.3448189102644
                   1000    -0.6134653540344911    -0.4815061750326964      0.044650847242839    0.04996742106808038      32.63799059741947
                   1000     0.3504418608351956     0.2918910981024206     0.0451525438214168    0.04865032250624955      236.0486216625675
                   1000    -0.5452728916338562     0.3547586969905637    0.04258331674699659    0.04677076247880983      3.229534344816952
                   1000     0.6226612692936138     0.3062865886601637    0.04266643449276689    0.05011555990614278      316.1782302140811
                   1000     0.4969214284547983      0.460625066261468    0.04285488535015073    0.04937566348829365      240.5906569222051
                   1000    -0.2385332058937341    -0.2211966274264576    0.04625605128560611    0.05259670665555388      30.48269269989374
                   1000     0.0165787637095803     0.1681413494863699    0.04274041451408808    0.04690528479823597      17.33581447806432
                   1000     0.3635487858044135    -0.6531945489675123     0.0430580006130731    0.05239490931414745      2057.869476980964
                   1000     0.6235685643854341    -0.6411069079212537    0.04550013950329618    0.04661234528727205      25.16023461643723
                   1000    -0.5733015025806371    -0.4562772355910296    0.04274663082069587    0.04773192140520555      61.90062834237234
                   1000    0.06311001074685336   -0.09956625272112572    0.04634370758469484    0.04742423524763133      18.21173189092238
                   1000     0.7721643644769487    -0.6617127387243528    0.04405877820329732     0.0488544735218233     0.7346581901190304
                   1000    -0.5398578473202471   0.005161643390847779    0.04439320645089367    0.04676806513672817      14.37851467547157
                   1000      0.980506956577301   -0.06010839715600014    0.04563536862385785    0.05425938251151447    0.05950773900407921
                   1000     -0.431963923713662     0.4303531702526736    0.04485028686595437    0.04579326939193731       5.70077464555108
                   1000    -0.1400241140782617     0.2766821702419388     0.0444058063258191    0.04875627528204599      34.57152486802214
                   1000     0.2825429067338189   0.008792252608978179    0.04740907884800598    0.04711201053544176      15.55698859382689
                   1000   -0.05955372931922114     0.5632852660534806    0.04390718107673621    0.05033097881795177      51.72960618239632
                   1000    -0.1989650076862616    -0.1401554646597973    0.04402126371410931    0.04649905680468933      15.17466324213661
                   1000    -0.2857490258843422    -0.4794054761199141    0.04017200644472717    0.04549712385548916      40.23937779716814
                   1000    -0.6314471524556956     0.3081009518933492    0.04413092187767158    0.04616093756480127      1.650489243468994
                   1000    -0.7074075678847399    -0.2267516049079601    0.04843314215888299    0.04801897687031192      42.74137952376877
                   1000    -0.4904118243161626    0.02518028548434327    0.04322397682534483    0.04653399605535828      8.759306639136817
                   1000    -0.6269533718853557    -0.1243060022088599    0.04378524091849751    0.04632650236190249      11.44147887018046
                   1000    -0.9475775126180674    -0.1672603941461579    0.04239241999504022    0.04757472173992031     0.1960587625808959
                   1000    -0.9072153492388183    0.04670693018605578     0.0435041994222213    0.04741917974805106     0.1384697204720969
                   1000     0.7904176456237522     0.1436806342501678    0.04428989407203454    0.04362616135468144      46.20046221864645
                   1000     0.7582809418015797    -0.1610666510499366    0.04489864321855539    0.05095750431570074       178.717548804219
                   1000     0.2342817599193159     0.1494493388314416    0.04748141262046163    0.04892734838979873      18.56700312493098
                   1000     0.2895646002311438     0.2304187360879969    0.04400441178514498    0.04821524996511437      65.51071000406117
                   1000     0.1925076726169901    0.04036060670137729      0.043480755341891    0.04780721156767434       17.0265626116854
                   1000    0.05163992325602869  -0.008200668096238092    0.04534837576253301    0.04698672763410709      14.93611856322945
                   1000    -0.5641256622705145     0.5783154535761004    0.04349572613891359    0.04482611513667701     0.3310109731239418
                   1000     0.2665686080816022    -0.3519994532002632    0.04882659231878402     0.0505675616566841      36.33959226568216
                   1000     0.2260260110023923     0.8536508624209748     0.0497375640379989    0.04638114661902804      1362.586858534282
                   1000     0.1597822421246622    -0.5224743473483601    0.04253880216461474    0.04929207637254291      130.7614197584415
                   1000    -0.7346377968788147    -0.5252858400344849    0.04529143975917791    0.05242145626158992     0.4815559056457864
                   1000    -0.1474759967982471    -0.7553094670191052    0.04437356790775916    0.04945700982402364      150.1955674475836
                   1000    -0.4652113310773724    -0.3892795123363648     0.0474134288305639    0.04774922179232199      90.93539241136371
                   1000     0.3092733927506702    -0.8995097988829346    0.04522858413781712    0.05005546926281022      179.5149102240026
                   1000    -0.2188052940204593    -0.5244543489608658     0.0439634824098472    0.04505222935978696      129.6320984094745
                   1000   -0.05658763682813259    -0.5777917576913857    0.04369571955964116     0.0478266006233248      99.25937761641779
                   1000    -0.6123120165886108    0.09654739740411679    0.04312338940440011    0.04653866458407285      6.372079565413316
                   1000     0.5846355647298996    0.07506726376482963     0.0427947091063957    0.04621389275107738      554.6349291490945
                   1000    -0.4075255057312459    -0.5292670953509687    0.04236525154125135    0.04880792794371874      49.92987189728535
                   1000   -0.01489720582956977    -0.9125052475948466    0.04284091748744632    0.04497275918650485      47.87770199759576
                   1000    -0.8162255232258894     0.4757095099768517    0.04469205857929114    0.04915384474449423   0.002749671716006772
                   1000    -0.1565340654515933     -0.277437872558813    0.04201917298759093      0.049464196593388      20.75647884779763
                   1000     0.7593311990612983    -0.4967164032924459    0.04402745033891568     0.0462613266632524       24.1841734015715
                   1000     0.1050257612849572    -0.3704971558431509    0.04490291879642108    0.04852035848494735      32.54652558999447
                   1000   -0.09957742805469895     0.7704241328242531    0.04902748235208822    0.05196044890030152      2.578880367072496
                   1000      0.312077362158187    -0.2895664088300943    0.04475710704514673    0.04509216511831395      59.63226026468519
                   1000   -0.02520035627256243    -0.3822140963871769    0.04445793120782703    0.05374620405046832      59.19442337023192
                   1000    -0.6427251271711868     0.6614082919836066    0.04051203014381725    0.04372052285902148    0.02785715605944189
                   1000    -0.7105169277740412     0.5647291432213842      0.040233858805866    0.04393761604971338    0.02143049773122646
                   1000     0.7066114578241407    -0.6485806997691509    0.04243541826705276    0.05073504987245985      3.421883476605037
                   1000    -0.3699692152675936    -0.6127692501841302    0.04405594208676455    0.05066884260687281      19.05289877519684
                   1000    -0.1961424310026753     0.9245954273266376    0.04139941716956262    0.04743319559887036   0.004112093125616265
                   1000     0.3465969651413891    -0.8386404024126072     0.0446075608173986    0.04916952993841991      288.1457676894116
                   1000     0.4822157507396763    -0.4983230379224217    0.04360667008601173    0.04536198840757709      340.1803131821927
                   1000     0.8951428701136734     0.1151021776953151      0.044683382218429    0.04937528834169474      1.588857344056753
                   1000    -0.4399812391656994     0.1107917728053144    0.04420328270092525    0.04579818966861384      3.339323397294491
                   1000    -0.6278626924807724    -0.3785608140998046    0.04514290997559552    0.04818331406100403      96.59855298312394
                   1000     0.5234898615503475    -0.7970748861464845    0.04279533599844414    0.04336317207018648      6.793901241830735
                   1000    -0.2126512493067836    -0.8262650004731631    0.04153888635883317    0.04590064231357954      9.470208553035434
                   1000     0.5940972617125729     0.5613726849473017    0.04659634409376128    0.04828116681448959      20.47820119849223
                   1000     -0.118065213890968    -0.1469460031035825    0.04419321077785099    0.04655445742094312      21.18615835924873
                   1000    -0.3283159434038435    -0.4464557000021104    0.04210414443811818    0.04641069062389121      78.12041824943188
                   1000    -0.2725562312120893  -0.005010248874216148    0.04309345799904028    0.04749064564413235      5.298782612108493
                   1000     0.3140623386371902    -0.5604623134463874    0.04785446082202265    0.04674567240855186      346.6739800165457
                   1000     0.5849373913581684    -0.4044141512576079    0.04203469791018679     0.0485295008297789      287.5667045921452
                   1000    -0.2880561296178767     0.5820841502376094    0.04306270694576913    0.05003613109614357      2.369960326482087
                   1000    -0.7426333068173721     0.4692632502083867    0.04593730750109002    0.04785058423911456    0.01712568444454221
                   1000    0.07740855108960838     0.1463165639564099    0.04490958121452109    0.04761612025185653      14.66828865426055
                   1000     0.3944065150763653    -0.7100946728892962    0.04109465662359108    0.04556886823361302       1047.76029641387
                   1000    -0.1616830468408669     0.7455666007803543    0.04548940498118403    0.04714673986784919      3.853484554575149
                   1000    -0.3500964855623515     0.5102751071124115     0.0448992561098957    0.05029669957285014      7.759901686471468
                   1000     0.7629430933437237     0.3075128956400303    0.04197300233096359    0.04366898928811612       41.2192446265591
                   1000    -0.4897417595704846     0.3332721625271732    0.04443163175164905    0.04679076704864791      11.57500033418872
                   1000     0.4520734351432403    0.03714934101224241     0.0423443763406135    0.04458664992490106      75.68888229256967
                   1000    -0.6935832825286803      0.276226476485375    0.04480613763540466    0.04422040568062453     0.8979537057405518
                   1000     0.9160203436448366   -0.07659854605487403    0.04176563788144549    0.05362748651635069      2.839391890974409
                   1000     0.4453389387370931     0.6483208427238807    0.04527813771664365    0.05099172570890757      71.11928311598408
                   1000      0.792123751522533     0.0812851111297247    0.04617992069447828    0.04810401518121526      90.52151698414553
                   1000    -0.9658539872327456     0.0101123172644401    0.04412092193777577    0.04798039607570679      0.128797797728439
                   1000     0.5982086277038487     0.4680934276780388    0.04299160951018247     0.0446169045275749      122.4167322255363
                   1000     0.1864717921222185     0.3682016557028412    0.04349720377020195    0.04658794011306164      66.62998105782562
                   1000     0.2112629300690056    -0.8102137585929741    0.03964250968249156    0.04558678655677309      5181.049064598738
                   1000    -0.2477353610354517     0.2758269111345678    0.04500287766906477    0.04633608036669227      29.50941750493406
                   1000     0.3897671487512002    -0.3668988750523124    0.04401439457205533    0.04594572331459951      82.72636043076599
                   1000      0.293400671907908    -0.7604309934232628    0.04113884903665075    0.04499281179363987      3356.172799625701
                   1000     0.4915099427732639     0.6079051298304722    0.03986803350558407    0.04257199802961961       97.2238080322043
                   1000    -0.7856365671606196    -0.1073901710266394    0.04430361487846574    0.04777675368461592      3.675502729705201
                   1000   -0.02841631403283236    0.01454020412285152    0.04066132322687743    0.04787499702471137      4.228111249676499
                   1000     0.1793398282033802     0.4362806558063939    0.04762445686993139     0.0474786208289203      144.8106652131399
                   1000  -0.003933033803398231    -0.6544731417316212    0.04504886342937216    0.04994910412707741      307.9268228053033
                   1000    -0.6162576836108606     0.2540328686928869    0.04185124379094322    0.04479931139750007      2.204005517811164
                   1000    -0.6194288619895385     0.3887928301189579    0.04435221420803271    0.05078738662521481    0.09417817680382945
                   1000    -0.3521736486069243     0.1282735888393607    0.04337371125843173    0.04684303686635554      3.656880885255151
                   1000     0.1001954182526674    -0.7572939751275356    0.04625012392755954    0.04696214311456812       3046.46318871379
                   1000    -0.3627586635125308    -0.7464493442330485    0.04383473326433374    0.04748045329795234      8.521264769755652
                   1000    0.02522336242239145    -0.2957720467854925    0.04347280301696271    0.04843435778043222      16.90261500096668
                   1000     0.3052645514631385   -0.06236409410378475     0.0429736194910658    0.04963787091526026      34.44241349222008
                   1000    -0.1481813242749966    0.05601581017645095    0.04358602713776961     0.0441361753683388      17.68352397201699
                   1000    -0.1547015512562377     0.4588609057098954    0.04179554239335839    0.04628561724743233       17.4021188349145
                   1000    -0.4927637286555441     0.5782393766300779    0.04287990026654225    0.04618705494767111     0.6723793131025492
                   1000    -0.2627727586152904      0.119493377730364    0.04599023471066321    0.04729651513525319      6.294735959257554
                   1000     0.1782155087214265    -0.2190509367923112    0.04181835733165833    0.04378326893029607       8.03058108887933
                   1000    0.07238636395729055      0.456573036074237    0.04404293784760684    0.04515377231805207      111.5350015511308
                   1000     0.8861387372016907    -0.6338148713111877    0.04373827867689519    0.04750368943067328    0.04517292244077385
                   1000     0.1843986162149909    -0.6655809049004385    0.04072985572350151     0.0428763342084576      639.6294287763312
                   1000     0.3752915881639196     0.6600017443460331    0.04293328887898223    0.04498033803520551      796.6071013061209
                   1000     0.3995666303268995     0.2234136110548418    0.04535436348337101    0.04568071237359764      83.19833827320454
                   1000     0.6353864034168376    -0.4490210996373771    0.04323875994131688    0.04595020440635812      372.4337029006059
                   1000     0.6109766668586281    -0.7680644213976201     0.0427887860881754    0.04646435008035129      1.357939968824136
                   1000    -0.5371810390354831    -0.2626503334213887    0.04294940217417871      0.046210439583989      27.22488549146202
                   1000     0.8579081779500944   -0.06179557156353081    0.04223003984736268    0.04577937176272827      23.54289996159299
                   1000    -0.6651979034019216   -0.08036906941227863    0.04143200425459247    0.04407209416542204      8.345101068793218
                   1000    -0.6211913831205288    -0.2074647615389869    0.04064989529927947    0.04585560067656069      12.75572060938937
                   1000     0.6098379363171983    0.02428447230377726     0.0422456346966831    0.04741555402385605      327.2780920025586
                   1000    -0.8013151005372788     0.1974861152507019    0.04356283438021556    0.04713951971826125      0.103574238822362
                   1000   0.005986312254184854    -0.4574867009381565    0.04178217689480176    0.04462830634326322      41.85039855904542
                   1000    -0.5901138028593926     0.4333125284533011    0.04339259044882496    0.04183500116552469     0.2877786658158747
                   1000     0.2632764361164407    -0.8870059445100128    0.04293352853120479    0.04837635189300603       285.834977431603
                   1000     0.7890413018757265     0.3839759088907203    0.04357018180765453    0.04766235270419398      3.593957191683454
                   1000     0.4498639716870746    -0.3207001055268116    0.04098296294650607    0.04583521532872716      37.23317767417488
                   1000   -0.09751474834834094     -0.882979498309583    0.04355336225345954     0.0462011841588826      17.46684815828738
                   1000    -0.8556241303089922    -0.1712965615654085    0.04465249576385905    0.04622899326869278      2.901281441274746
                   1000    -0.3509900054382808    -0.3905472285362776    0.04247409190331021    0.04523831126913548       42.4077995686196
                   1000    0.08117341250181198     0.9951527714729309    0.04334421836053011    0.04555859422736357    0.07025173957534755
                   1000    -0.2803659124690532     -0.751284125673455    0.04130931336133176     0.0434840688193999      10.59253036256017
                   1000    0.09400291965535219     -0.444405166505296    0.04329245545121649    0.04175712486287371      24.26674317464009
                   1000     0.6104035128948211    -0.5272017439522898    0.04439340117182693    0.04403663029092702      72.31480917345117
                   1000     0.1233077080506593      0.853503686189333    0.04122667377343692     0.0432839632752065      233.5005052994206
                   1000     0.5077286285485982    -0.7077340713372541    0.04358871093046194    0.04415922315611921      93.07985884259949
                   1000    0.04195360094308853      1.040763735771179    0.04271178583483725    0.04539923115881773   0.005849553192976582
                   1000     0.1973537396836694    -0.3494608538220739    0.04434490224157749    0.04609331996779736      26.92171565496512
                   1000     0.9752869937168003    -0.1232741502867719    0.04127197420254419    0.04145330817635205     0.2323867445916875
                   1000     0.7395988013835881    0.02199148635010889    0.04361028658307064     0.0440924641153978      110.2273053737713
                   1000     0.4779423974380054      -0.27288350849896    0.04296441720949568    0.04531378135316128      38.62720783599873
                   1000      0.693326558653495    -0.4922372466434288    0.04420094073972407    0.04277855401797646      110.5976622112947
                   1000     0.2365271057029749     0.6168332973648613    0.04418485665973716    0.04574168653826956      3583.835664965512
                   1000  -0.008181462114822452     0.6864654102287965    0.03942089190706433    0.04398530856114941       61.2485568107129
                   1000     0.6469743517951096    -0.5900876722341547    0.04558841974034932    0.04397561981348492      30.92545397089772
                   1000    -0.0586773381730468    -0.6693878446591052    0.04587309430659873    0.04874729341924294      107.9321396900411
                   1000     0.5138039203707495     0.6945262374341964    0.04322288995639147    0.04428703463553958      9.006936653804026
                   1000    -0.6838748017862563     0.2044930534446511    0.04131763656269309    0.04401876946662667     0.4405318165058905
                   1000     0.6591209538796452     0.4882402358867623    0.04137074215517231    0.04374774893158808      20.06269118835004
                   1000     0.1951230559109406     0.8985176692590729    0.03967383912364703    0.04115092814433954      102.7333500988439
                   1000     0.4405970822842973    -0.4453787964484438    0.04412526342107301    0.04589519632910057      163.0139809013203
                   1000     0.6922456116870374     0.4278580233140817    0.04285314490300377    0.04529540586057688      26.67869903784951
                   1000     0.2175057811958244    -0.5794527085785176    0.04115684572364488    0.04516027743545026      232.3994254789744
                   1000    -0.2341926921871225     0.5864683375551238    0.04151746500555669    0.04456476990637873      4.437914825265082
                   1000   -0.04801551737069749    -0.1237840508402277    0.04125080605425344    0.04311243049707395      10.32831349068001
                   1000     0.4095857802257309    -0.8306962386657457     0.0409982409058487     0.0445939427241332       98.7369420381375
                   1000    0.06599706130550671     0.3536056780182609    0.04156620021660009    0.04272518249719907      32.72836251985855
                   1000    0.06085557874162801    -0.9877476197423231    0.04032514636320537    0.04341375714971027       8.94162485902824
                   1000     0.8944611137037617    -0.4463017724182274    0.04269932575442983    0.04489982334261574     0.7462333786181716
                   1000     0.8208136118835069     0.2496417689933725    0.04315107174808419    0.04405519562133553       7.02706427603947
                   1000    -0.7094040177012124    -0.3157523619412513    0.04044209994186188    0.04671247555985469      65.49975079901344
                   1000    -0.1983309253354793     0.6404932375157496    0.04200602404358808    0.04380849907223189      6.022324173954619
                   1000    -0.1181515094130627     0.5206333694146773    0.04251941560925687    0.04208011273882364      12.29769503145089
                   1000    -0.1261103054677773     0.2197309283397277    0.04109361390956993    0.04453901942623268       12.5026637172288
                   1000    -0.8907228764533203     0.4579896130497009    0.04023155166448131    0.04216407998213194  0.0002635923498752123
                   1000    0.08148102416894977     0.8198508611671884    0.04018015240167942    0.04298006516301783      402.0055729445405
                   1000    -0.2944702683200053     0.6987121067860937    0.04190514858818177    0.04650960461742407     0.4062669204373102
                   1000     0.8351256504233633    -0.3505838016334145    0.04261305961406271    0.04564077138357579      9.517217429522642
                   1000     0.3362499022972115    -0.5130039810472248    0.04241544892540291    0.04465276678697251      147.2106137098821
                   1000    -0.3497608282085791      0.800987377172572    0.04105221546917484    0.04126219475272038    0.03577762995010902
                   1000     0.6779721037910071    -0.5419566512279407     0.0425570319711527    0.04296131190188257      23.00598558467323
                   1000   -0.07869036392628101    0.05674755006139166    0.04249644354801254      0.042544513300941      9.073349497033062
                   1000     -0.896142840385437      0.396747887134552    0.04148388454093778    0.04395546021631092  0.0001263641299099137
                   1000    -0.4329542224544279    0.02119606659310734    0.04008574301802483    0.04422871934797051      2.192253009362209
                   1000    -0.7399367789349895    -0.1728914899301825    0.04041198792344622    0.04422395682791036      6.981680504078389
                   1000    -0.7648373243793836    -0.2407325548873991    0.04005614587396439    0.04137543037569288      7.573263691244868
                   1000    -0.8500376144033386    -0.1202313797107142    0.04141750989885806    0.04199047580301977      2.357250794379057
                   1000    -0.2572117220540137     0.3466312794024221    0.04076968655657568    0.04261111133579509      12.22244957673914
                   1000     0.9379886272302689    -0.2346329886692257    0.04112470640463049    0.04209217908003332     0.8099966824635184
                   1000     0.8474720120429993    -0.1834631860256195    0.04105992343191744    0.04333930393201962      3.221577642306971
                   1000   -0.04217910211370714    -0.4845979179911146    0.03995549975246977    0.04279067879899354      38.20866592309915
                   1000  -0.002460492203320082    -0.2193755713805852    0.04009108553679148    0.04450345908203605      3.383381205831716
                   1000     0.4462314248085022     0.3200254738330841    0.04063786620967199    0.04321282037986104      21.69722099884097
                   1000    -0.6771003680158795     0.1466402380258627    0.04096137296956255    0.04451345822802037      2.286294196424478
                   1000    -0.2260509580373764      0.979857325553894     0.0406333230937921    0.04315530688371658  0.0002759417109521613
                   1000     0.0568242467331103    -0.5682414999209531    0.04001643345767194    0.04438064052930511      43.58662240174208
                   1000     0.5236797157989459     0.3204775344035451    0.04044937592334796    0.04342311942144183      212.2057133831937
                   1000    -0.3519024246583293    -0.1986532163683323    0.04044719771493316    0.04293744985857587      2.157643809268289
                   1000     -0.163167096406798     0.1126140582492052    0.03976270803828749      0.042992414280475      5.858621093519068
                   1000   -0.07962841740724998     0.1787449584175594    0.04372058744426382    0.04262652756600168      4.650975397555049
                   1000     0.2038748677542765     0.3053245686299094    0.03990848340131233    0.04349130786058065      39.62042144821569
                   1000     0.2937734976721332     0.4708996484505128     0.0396730495903054     0.0427308483852322      152.3933356144502
                   1000      0.643797272222292       0.15796038198469    0.04260446329804956    0.04259242047526184      173.4344544087492
                   1000     0.6143546832718096    -0.2317981388862313    0.04250441750163796    0.04372450090571955      171.8850167811037
                   1000     0.4173580135419578    -0.9041627118056803    0.04132370515870312    0.04226096674111596      7.449918510024482
                   1000     0.4385967254638672   -0.08782157301902771    0.04026205116042773    0.04276692123203751      8.194737800559736
                   1000     0.3228354752063751    -0.3354460299015045    0.04026483012853072    0.04276790616660982      8.141059181135093
                   1000      0.343188079335809    0.02521622365172686    0.04052335573082312    0.04301954616176372      10.69864321647621
                   1000    -0.0312500834714341    -0.8432231161742701    0.04169374724297448    0.04150915056405763      107.8097657435058
                   1000    -0.2504811630158936    -0.6929185974255053    0.04219299838699336    0.04242773069863602      41.87973683162881
                   1000    -0.5258833954968689    -0.4356252110200492    0.03995817532578903    0.04190080600126149       49.4075154064214
                   1000     0.5333151829506584    -0.3145217296471643    0.04094742811438033    0.04340773981665551      149.8190860803154
                   1000    -0.6895012167591544     0.4068082204309936    0.03936001360951457    0.04174391854418612    0.05541956529695231
                   1000     0.4413988986308461    -0.5749592592171101    0.04097221120873155    0.04435343152615692      339.1950119386071
                   1000     0.3448961154169762    -0.2353330360378535    0.03910646434136516    0.04136283453515586      8.229564154236842
                   1000    -0.5847268104553223    -0.1085957512259483    0.03983106758107342    0.04254613083126663      1.474865087395617
                   1000    -0.8315635062991397   -0.00932554180428102    0.03964983412463083    0.04586493719720935     0.6781005649352851
                   1000      1.038292527198792    -0.4549693167209625    0.03982462556622137    0.04239185112616364  0.0005198490608822476
                   1000    -0.3691036129503319      0.632837411890901    0.04109510082077746    0.04313510753519874     0.5437239452823792
                   1000     0.1521050173590175    -0.3388561399622559    0.04065416638616768     0.0429669216961979      11.39913970880696
                   1000    0.04433568598855814     0.6084082830753615    0.04125454075676983    0.04372412870810452      78.99263100451132
                   1000     0.3732846360067398    0.07358725543606202     0.0402325328257686    0.04283730776163571      14.25212094353082
                   1000     0.3001677165269441     0.8002722686477624    0.03972431172253653    0.04200891758940735      1764.827726934348
                   1000     0.5373212099075317     0.5778992176055908    0.03975638188088831    0.04224519747141194        15.599565393498
                   1000     0.1779819715507082     0.8136052928228451    0.03996955991406084     0.0414048774629599      990.1929984326259
                   1000     0.5796150940616768    -0.5670362653004696    0.04029058441692063    0.04211876625806673      31.46091576310992
                   1000    -0.4189630448818207    -0.1542532444000244    0.03966808877141155    0.04224497463111133       1.28693628601034
                   1000     0.1764235993689215     0.1061637173072191    0.04044024094298481    0.04205230989026488      4.525457299382362
                   1000     0.2899445803088712    -0.4153259783931251    0.03908569485508898    0.04176329406126348      37.42731354598506
                   1000     0.2137843730321486     0.7283112187188503    0.04003928509713008    0.04505265462624249       3617.98333321561
                   1000    -0.2739795407387359    0.05700302542838115    0.04000973906905052    0.04410473096913081      2.277923245114447
                   1000     0.5965230567781346     -0.305660180650488    0.03973714911717418    0.04382691447971287      85.60399608466537
                   1000     0.5848020766160117    -0.8353014540390913    0.04310803022449489    0.04202661201615653     0.9270701958018358
                   1000    -0.8494687676429749     0.2919594049453735    0.03942979614013729    0.04205953427195799   0.002250506599966744
                   1000    -0.2642094736040795     0.7968491211601789    0.04114177590181264    0.04086206535884054    0.06329037608949822
                   1000     0.9073723554611206    -0.3791500627994537    0.03942692874246358    0.04195225538688112     0.2994801696679048
                   1000    -0.3890104981263991     0.7572429419918605    0.03918974301471858    0.04413711830058752    0.03408613205056728
                   1000      1.024224400520325    -0.1808343082666397    0.03946708784883832     0.0419284923237792   0.009339723085357222
                   1000    -0.1450886290806385    -0.5824232382315305    0.04210935595651556    0.04005207654402267      37.39868049981803
                   1000     0.7023253829342406     -0.328726002144332    0.04310675227098954    0.04108733461184128      154.6454051832329
                   1000    -0.3952308297157288     0.1011675223708153    0.03940278457283191    0.04171326496993828     0.5408909961534182
                   1000    -0.7646994099486267     0.1313439510388911    0.04064137122050807    0.04005908326901934     0.4195357240841797
                   1000      0.247755732928079     0.4097902036477541    0.03940814399144055    0.04161980370286582      61.00452651127719
                   1000    -0.8195955753326416    -0.3696042895317078    0.03941802584066827    0.04157734604663731     0.3795839640478322
                   1000    -0.7380280141389626    -0.3908360029160828    0.04175839218160644    0.04129944236461874      5.439397864827179
                   1000    0.04245470331626137    -0.5011060349860914     0.0396540047086025    0.04030777166466545      39.15598201402181
                   1000     0.6225183109345178    -0.7091086817338907     0.0400969909622747    0.04066486298425413      3.098839757425251
                   1000   -0.02030552274670059     0.7715820498339288    0.03936317218008274    0.04434323829571289      28.84898340422495
                   1000    0.08256985275969544    -0.2928079228309687    0.03971000928869775    0.04220969656209862      5.540757534769186
                   1000     0.9964487353857048    -0.3888380585919483    0.03973231584846407    0.04295374955677922    0.01849486831383764
                   1000     0.1772899211666965    -0.6078221552331218    0.03977742772789027    0.04524962199485946      168.8826355327649
                   1000    -0.9405802488327026    -0.2256992310285568    0.03902912645381067    0.04112107959232348    0.03977948408204487
                   1000      0.872793909037702    0.03107683282376455    0.03955592439718997    0.04168249493446444      8.545479941449308
                   1000     0.3414774722579912     0.7946441810239214    0.03857527683875325    0.04306369071086066      400.4092323922195
                   1000     0.6673528497202941   0.007924566443706456    0.03939227474096203    0.04104960139658155      92.94498419109792
                   1000    -0.8284512660407817    -0.2358350691204271    0.04026125483970132    0.04045156916481309      5.774915739571989
                   1000    -0.4514503989273588     0.7303499327752753    0.04021764088342208    0.04045586746746126    0.05843538800194006
                   1000    -0.9303507804870605     0.1347437798976898    0.03905304674517685    0.04095802977658407   0.004870493724756744
                   1000     0.2144595644910523    -0.8812578563944967     0.0388242008121046     0.0403668321015923      252.5472473297571
                   1000    -0.8824825286865234      0.212666392326355    0.03910419580067415    0.04089286611751036   0.002551899768493814
                   1000    -0.7607557226363149     0.2501116290133438    0.03890411718524087    0.04040183162931604     0.1399417846327364
                   1000    -0.5304012894630432    -0.4892022907733917    0.03907325644192764    0.04077922328121313      5.969676475838937
                   1000    -0.2884160900669441     0.4204729086368251    0.04174846627583062    0.04143634123970298      18.72808882748378
                   1000    -0.6195574096155479    0.03456053565366955     0.0389350722519516    0.04160894308655366      2.737819782081253
                   1000    -0.1813432116422506    -0.2068816921503717    0.04348919975777951    0.04174409351787562      5.064692864958912
                   1000   -0.03542445160065694     0.1615752048586796    0.03945851455403607    0.04291450530656243      5.126927917239579
                   1000     0.1648236553319834     0.1683343575960342    0.04218147378046512    0.03997957436897424      11.02507709491774
                   1000     0.1863155364990234    -0.9202007651329041    0.03888679689222871    0.04063781539400631      43.31350031488817
                   1000    -0.6840970516204834    -0.1713245660066605    0.03887510598527107    0.04065428513473514      3.264852347357799
                   1000     0.4648532271385193    -0.9416658282279968    0.03888157139056311    0.04066053811328826     0.4423568642497944
                   1000    -0.7287766591151458     0.1533772717500869    0.03865702763050686    0.04101441800923646     0.3724034141693331
                   1000     0.8094444853183681    -0.1257262262162991    0.03851394200262719    0.04025708303674873       18.0105843492174
                   1000    0.08595944195985794    -0.8322057723999023    0.03886249456721822    0.04060970387466956      186.0429270484329
                   1000     0.8202954530715942    -0.6141676306724548    0.03884773644274145     0.0405727660434494     0.2821352620280776
                   1000    -0.2078017145395279    0.09037748724222183    0.03884013931330606    0.04055740742981762      1.092427072910289
                   1000     -0.599434970912569     0.6933392317403366    0.03951357121192118    0.04087272976007344    0.01846180150466774
                   1000    0.04004937735709238     0.6737635251430524    0.03864751383021607    0.04080529543863354      40.31732108944789
                   1000    -0.2488387674093246    -0.8005378246307373    0.03875157961073072    0.04060759733385738      2.298114476264112
                   1000    0.08864420652389526      0.770974338054657    0.03872738497507417    0.04061994075813882      109.9995269165826
                   1000    -0.8589161249266056     0.0524568213600167    0.03985461128121573    0.04366895228420658     0.3421745031730184
                   1000     0.3483911295942508     0.2415194744777847    0.04133898586748031    0.04353093161750707      39.42317156356536
                   1000      1.020933628082275    -0.5996452569961548    0.03877272252729057    0.04053954515213261  0.0004665471437586581
                   1000      1.044518113136292    -0.2472470104694366    0.03878963063516808    0.04053921357213201   0.003297843798500736
                   1000    -0.1452173645053595     0.1633890747140199    0.04003155216255047    0.04048887300349976      3.172185527680785
                   1000     0.3305627110359154    -0.1267184153711463    0.04128430797717711    0.04133137000993228      18.16708832647983
                   1000   -0.08669113367795944    -0.6304510235786438    0.03876570104025738    0.04029444861383385      13.35281324190202
                   1000     0.2884604632854462     0.5358251929283142    0.03870789215946795    0.04024325006087667      147.3599640466023
                   1000     0.2538949847221375     0.4521259367465973    0.03869053147802562    0.04027803731241717      37.52008576437538
                   1000    -0.4896167516708374     0.1484194546937943    0.03871145851535306    0.04024580839868958     0.8316788643355123
                   1000     0.1066707230876861   -0.03649331913452467    0.03950691035969858       0.03983660042248      2.873508932123913
                   1000  -0.001696442262955606     0.3022428059703399     0.0388901357992997    0.03998027596809082      13.06899422256663
                   1000     0.2790720462799072     0.1757109612226486    0.03862455273147394    0.04019962729744487      3.449116577999456
                   1000     0.8756853785778149     0.2490080884476024    0.03877603005849221    0.04194801919571594      1.091237655147645
                   1000     0.3017515175766554     0.1392135769824492    0.03845338400315921    0.03959025014983674      6.702418484226447
                   1000    -0.1396692097187042   -0.07752661406993866    0.03859135981933515    0.04011396598638338      1.541527644397246
                   1000   -0.03665508947781427    -0.7314512764451008    0.03849577898392568    0.04234893924423089      123.0937796191573
                   1000    -0.8783369660377502    -0.2257630378007889    0.03850145904708031    0.04003198667209031     0.5363840049618575
                   1000     0.7445794343948364     0.2510813772678375    0.03854155716639622    0.03998216004853566      10.87267316991714
                   1000   -0.04445092395195409     0.4162869679017708    0.03834978252016916    0.04399249070664348      12.64482371420365
                   1000     0.5307592550776072    -0.1295022675628635    0.03854444233104208    0.04002415726231197      59.26646124193233
                   1000    -0.7010293444940462    0.09237119316405855    0.03831330474828606    0.03948677543564651      1.161970162935493
                   1000   -0.05298929661512375    -0.2177683562040329    0.03848685848934949     0.0398994281703293      1.992968987802829
                   1000     -0.238845095038414     0.7591357827186584    0.03847291308388014    0.03989358711312314     0.1544082625093441
                   1000     0.2528955936431885     0.8939084410667419    0.03845086029736296    0.03986229794775935      92.74080939798961
                   1000     0.5299505591392517     0.6424539089202881    0.03845800534510528    0.03985985218373474      7.226236818723968
                   1000     0.2863890564386731    -0.2501849767351334    0.03951477862952739    0.03979054623203677      7.440618341892444
                   1000     0.8535177111625671    -0.6925658583641052    0.03845725241631268    0.03985183817978883    0.02691449201078667
                   1000    -0.5104261636734009     -0.757898211479187    0.03850115632131958    0.03982573398302836     0.1338689098231063
                   1000     0.1102963510464025    -0.2177034167144368    0.03881895554306253    0.03958124712514879      4.740401215346205
                   1000    -0.2335513077109392    -0.4718827345562727    0.03821346636514676      0.039812358609576      15.67724761490378
                   1000    -0.2113582193851471      -0.67865389585495    0.03845362441499727    0.03981349273832896      10.88303225442049
                   1000    -0.8511953353881836    -0.2819079756736755     0.0384386249441725     0.0398156438124744     0.6916726820878583
                   1000     0.2581553279602112    -0.3007091414984958    0.03878306570824556    0.04063360142155709      12.44322505206519
                   1000    -0.7024486660957336        -0.442138671875    0.03844203822841134    0.03982521880337957      3.429827525565825
                   1000    -0.4029725573692371    -0.3632747163910259    0.04038906807148099    0.04221729215062489      29.35634301823438
                   1000     0.3421110907976174    -0.9382202389291537    0.03987442207026655    0.04148990611446415      17.35184081987075
                   1000     0.2560826891401359    -0.8172768899354838    0.03868176680728197    0.03931567503480385      1004.701479013773
                   1000   0.007768809795379639     0.5715234279632568    0.03839252620404083    0.03979329126059466      9.339521193034694
                   1000     0.4870889510590498     0.1378291174253972    0.04150720529160704    0.03999109597812321      48.46170013240123
                   1000     0.2653046250343323    -0.9888054728507996    0.03836381325442814    0.03980792745752151         3.297490534998
                   1000     0.6128056645393372     0.2368114441633224    0.03833412468552789    0.03973536493446961      31.26208966134085
                   1000     0.7378857939394199    -0.2782890768408464    0.03995842113486868    0.03973448630970286       36.1652903687696
                   1000     0.7366299629211426    -0.2310101985931396    0.03828741661653015    0.03968491614546249      17.91591102811333
                   1000     0.4164055287837982    -0.5005890130996704    0.03828284330193089    0.03968283847626678      30.67540234772464
                   1000    -0.7480553984642029    0.06748316437005997    0.03823916986645332    0.03961415354870625     0.4262651190864569
                   1000    -0.8402190208435059    -0.3218812346458435    0.03824970779534593     0.0396105355925728     0.5504299690512839
                   1000     0.9017519354820251    -0.3139921426773071    0.03828547796124439    0.03958750946144727     0.4278006757343774
                   1000     0.6314070617972997     0.4357741411953718    0.03840667883031579    0.04112266170526348      37.13949747637292
                   1000   -0.09245119929857179    -0.2703128277844959    0.04039334173076419    0.04008912042759848       5.23145586321335
                   1000     0.9978688359260559    -0.4975208044052124      0.038218219731308    0.03943292504473228    0.00312335374715066
                   1000    -0.5769997835159302    -0.1897445321083069    0.03820206066490556    0.03940087546343714      3.326322693948303
                   1000     -0.592804964856919    -0.2521906030806897    0.03832170319887667    0.04023081642410607      16.12251171059991
                   1000    -0.1886263340711594     0.6962750554084778    0.03820220718002878    0.03937850712079693     0.8427960980766078
                   1000     0.2672527134418488    -0.5024269223213196    0.03821536375411236    0.03937049583985457      15.75111753127925
                   1000     0.8174750804901123    -0.5161305665969849    0.03821063267957103     0.0393708123405259      1.291611306422191
                   1000     0.7127270722091887     0.5057302761695699    0.03997711290953706    0.03917235901513268      2.063963097636343
                   1000     0.6292582750320435     0.6877255439758301    0.03820499812330979    0.03937144741144987     0.2041480349933156
                   1000    -0.4985439839024295    -0.3335508893613379    0.03830353522845201    0.04235905029099474      10.64984932278284
                   1000     -0.576903223991394     0.3011415898799896    0.03812863200239958    0.03927132613951992     0.5933428911185452
                   1000     0.3603740036487579     0.4496491253376007    0.03811336302148548    0.03923158949078689      46.59509000255807
                   1000     0.6988463997840881    -0.5985899567604065    0.03808291530833566    0.03922532174240569      2.410434258665896
                   1000    -0.6357963085174561    -0.7236518859863281    0.03813509482287303    0.03918725875149184    0.01576550218205443
                   1000     0.6459687352180481    -0.1010905727744102    0.03808678903123174    0.03915042153305753      67.11700001190434
                   1000     0.5822944779921932     0.2046382333929948    0.03912429717326194    0.04005345908234204      65.91749031539111
                   1000     0.2573186457157135    -0.6102223992347717    0.03807388147470847    0.03910387322947749      128.9623132120246
                   1000     -0.173019189749039    -0.3738680104844254    0.03840143304334966    0.03887702316398235      10.34177036466333
                   1000     0.4880496802464343     0.3549803698859223    0.03794473439974234    0.03980055997822395      61.22617167901829
                   1000    -0.3245074227454547      0.445977542407774    0.03896480758362111    0.03896950515844865       3.58959421150706
                   1000   -0.06117073819041252     0.9489999413490295    0.03800899851779813    0.03898301254254374    0.02181698623392977
                   1000     0.3223916590213776      0.658315896987915    0.03797029660809566    0.03896809918328492      334.0258130091214
                   1000     0.9242890477180481    -0.2769740521907806    0.03800572604059916    0.03893170667162898     0.2892734009760246
                   1000     0.1857366114854813     0.5899564027786255    0.03798044235564767     0.0388925624882735      129.7144729459914
                   1000     0.2537833154201508     0.5705030560493469    0.03796806890593557    0.03889231083586015      220.0132244286469
                   1000     0.8389967679977417    -0.2851680219173431     0.0378903715003994    0.03891312462116919      2.710210671645708
                   1000     0.3119984865188599    -0.6182936429977417    0.03787697703680865    0.03889333308520778      147.8201767309822
                   1000    -0.4006555378437042     0.2501663267612457    0.03788266703572043    0.03889595205677873      1.313340221498672
                   1000   -0.05607287585735321     0.4887267649173737    0.03788260497353665    0.03889010132545561      6.949820589168812
                   1000      1.041675329208374    -0.3786499202251434    0.03783802552963104    0.03888741990007616   0.003071445624253577
                   1000     0.4215072095394135    -0.7663599252700806    0.03790341476048375    0.03878726423760266       53.6598454115027
                   1000    0.09409666061401367     0.6261435747146606    0.03789600901114596    0.03879041917938512      36.29139760187277
                   1000      0.277982234954834     -0.455622524023056    0.03789280870947862    0.03878646654151062      10.42813133922993
                   1000    0.04302608594298363     0.4044735729694366    0.03789594488912491    0.03877992310697643      9.999123249975689
                   1000     0.1233475655317307     0.4753486812114716     0.0378911614259002    0.03877802741047906      22.00786718945808
                   1000    -0.0945146381855011   -0.09849404543638229    0.03785288141842853    0.03873888968109605      2.109081042884121
                   1000      0.543324887752533     0.2134549468755722    0.03782475440902919    0.03869788853994442       35.5142691254439
