#! FIELDS time deep28.node-0 deep28.node-1 sigma_deep28.node-0 sigma_deep28.node-1 height
#! SET action OPES_METAD_state
#! SET biasfactor       12.02723625380408
#! SET epsilon   2.008904905162975e-06
#! SET kernel_cutoff       5.122093479753262
#! SET compression_threshold                       1
#! SET zed      0.3810792792860929
#! SET sum_weights       1182.406516977418
#! SET sum_weights2       4315.179968580434
#! SET counter  992
#! SET adaptive_counter  500000
#! SET sigma0_deep28.node-0      0.2596852202234674
#! SET av_cv_deep28.node-0     -0.3481907686919359
#! SET av_M2_deep28.node-0        79526.1539381209
#! SET sigma0_deep28.node-1      0.4106410489520103
#! SET av_cv_deep28.node-1     0.04706853250845647
#! SET av_M2_deep28.node-1       104244.3954583926
                  30000     0.1319751850399177    -0.3056241264208028    0.08193878688648461     0.0789026213325864      174.6192418342791
                  30000     -0.817340360427025     0.5514459668462937    0.06249149132076876    0.06902915264656324      5677.091150461608
                  30000    -0.3537481519551222    -0.6680089775266249    0.06007627121505205    0.08550106297493243      2309.511222984241
                  30000    -0.3418286845434874    -0.1186800332442261    0.07496026614713462    0.08278270696355949      332.9137162714821
                  30000    -0.5811741347327475     0.4497112998258675    0.05464984267668977    0.06321851803936836      1991.749265354669
                  30000    -0.5465041829628761     0.5829283425211543    0.05586832270156417    0.06494667926797966      676.9950049163676
                  30000    -0.4978790773829782     0.2685196404366986    0.06351208207306495    0.08872236531939558      308.5318053172253
                  30000    -0.6022126840006726    -0.1117898064525354    0.06851737610069256    0.07969862570375347      376.0752109769413
                  30000     0.6937035925719989     0.4308202854063968    0.06455812702983664    0.08561849933787673     0.3272782473360424
                  30000     0.6964127176016147     0.1864683997313533    0.07431445292481982    0.09720755506951143     0.1234413743576459
                  30000     0.5835415888058998    -0.1364556418499245    0.06160982976738513    0.08384495524165572       5.81376493934479
                  30000    -0.2760463862615827    -0.7017899877062133    0.06140046379382434    0.07419689206381871      1734.270271969295
                  30000    -0.5485285820361275    -0.4614135926524131    0.06654566152472405    0.08134888147283036      223.0683114603533
                  30000     0.5314103185214064    -0.2492674983429203      0.061786703606793    0.07842268744413416      13.24069679007202
                  30000    -0.6391629042114874     0.2456277361603464    0.05744348784773567    0.07229357544963926      764.3707200172781
                  30000    -0.5057480944445941   -0.04808177415180569    0.06524202585964244    0.06861909911035027      475.6475965666681
                  30000     0.2088234753112869     0.6863301374497511    0.05488863138647898    0.07029778158405423    0.02347862881743724
                  30000     0.1051097305346455     0.8199977301702708       0.06398027907959    0.07807868248881801   0.001398339455799285
                  30000     0.1856759240384226     -0.572662673254158    0.06110933197738672    0.08387667949032246      12.78562517762697
                  30000    -0.4463444996504931    -0.7138909788177242    0.05165444891150585     0.0682008216462951      1551.934225070867
                  30000     0.3716136558254888    -0.3194612659676441    0.06094996572649784    0.07470947660160686      17.79389536173298
                  30000    -0.7040483153925923     0.4733100201220567    0.05635314129716562    0.07027332351099877      2866.702440008934
                  30000   -0.02546255841790217     0.5934405448775255    0.07421517947026382    0.08868711997091749     0.3436013074477478
                  30000    -0.8426259664397228     0.1432027896484262    0.04872163919883334    0.05787156068913835      29.09639367937697
                  30000     -0.493078145928873     0.1051751436905243    0.06180727137171941    0.07788329103518746      428.7272732775729
                  30000    -0.6454899770731272     0.6527970743975827    0.05885216669933597     0.0671097453017437      522.3598980773022
                  30000     0.4797120876739375    0.07175306184254232    0.06270489317317979    0.07581000070060621     0.6576373674089124
                  30000    -0.2195097814160022     0.6560617037715617    0.06340640720399576       0.06844425039301     0.9133808106077124
                  30000    -0.3379580138709445     -0.465653564675819      0.057159766071411    0.07795073517912367      218.2571573400013
                  30000     -0.451204081817287     0.4384849608167627    0.05913934873875071    0.07393755895670166      101.7806316622939
                  30000    -0.7742282187363867    0.09334763400062902    0.06135661987097205    0.08285441157592816      23.60439455826944
                  30000    -0.3641690254979971     0.4840192308049603    0.05676842156610831    0.06559201216225991       36.1293044653893
                  30000    -0.2557600805037049     0.3625218961328208    0.05343163012000401    0.06608219702839691      5.434882648812669
                  30000     0.7452710011047783    0.07416718082749234    0.05671675660923432    0.06821811131778326      0.357385014825665
                  30000     0.3025756138321096      -0.44594567364825    0.05989975765501829    0.07358575029846347      9.785293717909326
                  30000    -0.3955636528440574    -0.7791708650234754    0.05095625083983776    0.06438786045221932      1812.395463166425
                  30000    -0.1234698264277678    -0.4480353313387342    0.05631944559859794    0.06779014141379963      367.8212602406194
                  30000     0.3975633552607419    -0.4715500255610393    0.05700439308400977    0.07068704526228126       3.61246410665454
                  30000    -0.1294581673337747     0.2932568424421307    0.05183863604334312    0.05709483283473064     0.8908529816884272
                  30000    -0.5169854510403098    -0.3255042199884894    0.05894086117858816    0.07212949736588664      70.85400134044656
                  30000     0.4205623072253248   -0.01318822021122013    0.05918649461133328    0.07175388280423479      2.395877827727152
                  30000     0.1920296199657819   0.008540669561526628    0.06413407700104461    0.07866879928715971      1.254682482398422
                  30000    -0.3073075236435103    -0.8432210595370646    0.05816192496426195    0.06720532596223272      361.9613024194741
                  30000     -0.150972041691289    -0.6023958740511623    0.05657638480007079    0.06306680270207644      1051.263353417124
                  30000       0.16305913688172    -0.4253802171782124    0.06055507109082168    0.07095553321060413      62.39371547324819
                  30000   -0.04351361703113454    -0.6112270745225529    0.05689210925034643    0.06616312179109758      295.5282991755788
                  30000    -0.2705809681504994    -0.4777878401712536    0.05440838359300654    0.06361554703034213      330.9699551130567
                  30000    0.08572467013181805     -0.442897602658621    0.05441389407465525    0.07099754312393614      44.24004958191316
                  30000  0.0003200790711481801    -0.7872340723847348    0.05304716217925843    0.06868194006998704      6.457328937981131
                  30000     0.4402281424713733    -0.1182299849319409    0.05306892319341028    0.06356318418621436      5.473119507060829
                  30000    -0.6866600829429833   0.001235365962680918    0.05756355194781224    0.07054071105389711      114.1029149362634
                  30000    -0.8940193812109744     0.4181996745758154    0.05641157591084255    0.06998088311635385      623.6318883904711
                  30000    -0.4450579536131046    -0.1424765800511338    0.05154379843266897    0.06144827121042828      378.1649105351649
                  30000      0.362543223373438     0.5419655703628622    0.05425067823489452    0.06197160529284466   0.005682196135959321
                  30000     0.5116349458694458     0.6450772285461426    0.06418977114938765    0.07920314659225178  0.0008696328683708858
                  30000      0.436675055380846     0.4903370856596285    0.05575347734708371    0.06574867507862915   0.004703303887526922
                  30000     0.4666093565310494      0.381187124827226    0.05071982901609482    0.06377925949645977    0.03155619421293223
                  30000     0.1545890767536373     0.4674537118191259    0.06182612692061579    0.07258725901244424   0.003948877008982343
                  30000    -0.7785783981974145     0.2864353298373289    0.05490093123157953    0.06149116632107482      222.3128013622426
                  30000    -0.4173063082199318    0.03752387881707871    0.05887968930252105    0.06502319940641681      64.31118102704895
                  30000    -0.7835788838421694    -0.1193237793561982    0.05343029210585924    0.06476015845491567      35.44101133021071
                  30000    -0.2254633569571597   -0.07506726644131861    0.05366005307626512    0.05715047222710818      41.16977530288565
                  30000    -0.4100943063479685     0.2347277120977924    0.05098168660446094    0.05887257474679081        136.57734602922
                  30000     0.2483131487661357    -0.2347734201786848    0.05011450230606097     0.0653006497341552      45.75674018537222
                  30000    -0.6698279976844788    -0.7071231007575989    0.06158237218896086    0.07493519127638618       2.15900768056191
                  30000   -0.00398360470032842    -0.4043261253835879    0.05482703169726515    0.06377604373849631      223.2375105879649
                  30000    0.05918422713875771     0.9449710249900818     0.0600990050044988    0.07387030430081006  0.0003905154814851197
                  30000    -0.9543995261192322   -0.02181084640324116    0.05975262157288213    0.07345749190558654      0.175229254286946
                  30000    -0.1680863719636214    -0.3678617111051729    0.05703361471712189    0.05875193784044081      113.9151759968384
                  30000      0.621738076210022    -0.2361643612384796    0.05899695072828323    0.07270342724910871      1.101859354494987
                  30000      0.256377778888602     0.2908022245047515    0.06056927244051204    0.07416685357992178    0.00446179506988051
                  30000     0.6599942986769426   -0.08819829509279409    0.05252445642153254    0.06118662824352908      1.392925828285281
                  30000   0.003428583612518069     0.3476703404912857    0.05082692384354948    0.06486418337737448    0.08484738674284666
                  30000    -0.2511041790365544   0.001478464207206735    0.05589597662478406    0.06793750685886066      28.13384930536978
                  30000    -0.4090995239916687       -0.3168757852255    0.05528910848559056    0.05921481182568989      73.96257182480765
                  30000    -0.4478025641471332    -0.6023056119923016    0.05456898077574916    0.06501979817328579      1304.612937072247
                  30000     0.1143011337794985    -0.6989538947869232    0.05592837767819104    0.06490950839311084      4.052672402189716
                  30000     -0.287808515910126    -0.5779591228570139    0.04994905763378014    0.06035273259731151      794.4820149210234
                  30000    -0.6861774944358471    -0.1736737134710025    0.05084533084264411    0.05965696772483216      58.47458318663369
                  30000     0.5085619438793675     0.2865353540164171    0.05479097438176625     0.0582433303179974    0.04024552878125132
                  30000     0.2511481940746307     0.4732009470462799    0.05757649090508421    0.06998670332214156  0.0009240777820976629
                  30000  0.0001460919079212533    -0.2395242669276303    0.05072096777105949     0.0595514245070255      20.91680995920884
                  30000     0.7107726335525513    -0.2539547979831696    0.05778427352834393    0.06978618476124296      0.303700400602179
                  30000    -0.1647188034635776     -0.688096048209815    0.05035821549720702    0.05993840249238239      306.9958994153686
                  30000    -0.4471890938242855    -0.8305023890441391    0.05465492471655249    0.06732519452021593      326.3031795456842
                  30000    -0.1594195188321796    -0.2847770032881229    0.05177292936049702     0.0566124909667792      32.24030372667648
                  30000    0.03765229066492655    -0.1383613490875167    0.05354659142896061    0.06500158294651426      12.54008366344137
                  30000   -0.06365455641125981     0.2439033581206342    0.05208681658156484    0.05862116965306153     0.1842197718140319
                  30000     -0.413890212459507     -0.461149445414278    0.05552766058647415    0.06199974400848068      634.2470005486953
                  30000     0.1440372801536338   -0.08895100875521648    0.05210322172378878    0.06176396797813082      3.970182594348418
                  30000     0.3229557862451247    0.01694061116663381    0.05902932312986538    0.06600240471398357     0.5587230137195391
                  30000    -0.1853258798671252      -0.76532817854549    0.04785240010585117    0.05832223700281071      277.6727161268062
                  30000     0.2882937807292564    -0.3490713225080945    0.05117825224988536    0.05867303526715727      29.46101529233166
                  30000     0.6093793461335192     0.0398880724855964    0.05102190629410862    0.05590948726623464     0.9023301938647905
                  30000    -0.1274854611111738    0.09083322748917164    0.05017364511342972    0.05854248200990004     0.8627119742563891
                  30000      0.375227058658279     0.3759855494973099    0.05099282298285294    0.06067508688870044   0.003540558581909466
                  30000     0.8265168070793152     0.3133209049701691    0.05585130989615483     0.0654084788131831    0.01311689180152553
                  30000     0.5372308444588895     0.3692976405300561    0.05235706446262318    0.06085010759697845    0.02384852544845597
                  30000     0.5063708473863683   -0.07778157390755422    0.05023990996152444    0.05807515746758798      2.380174451147138
                  30000    -0.3768520109822614    -0.2535117929356068     0.0515834912431896    0.06232867715947246      56.82772453550533
                  30000    -0.3379077613353729     0.8955320119857788    0.05556035978439491    0.06490420559765368   0.002629374086414058
                  30000    -0.3778379084289368   -0.02178364528085365    0.05498188231698695    0.06429251418283989      67.05731855880094
                  30000    -0.3192138969020901    -0.3786561196195195     0.0476666984851947    0.05666754712680774      230.8365769986476
                  30000     0.4629018795201508    -0.5140292147712884    0.04996297947619146    0.06213068674393867      1.393389461400698
                  30000    -0.7392096764289802     0.1901907821078852    0.05303135977832788    0.05720473289288399      212.6761353035265
                  30000      0.187994658946991     0.5723598599433899    0.05524013401738153    0.06389856166508834   0.002874129847414416
                  30000     0.4602573901310218    -0.2249018075204562    0.04890749866796303    0.06055078287793417       9.22001064919059
                  30000    -0.7552545140967285     0.6173782432379971     0.0492057733758819    0.05903417684910862       1346.20479685861
                  30000    -0.6977945054129658     0.1324086321782164    0.05095984788364662    0.05531025889132397       127.503191520384
                  30000    -0.3175570640560998     0.3359732231258004    0.04867595308757354    0.05895632665164435      12.94639595041329
                  30000    -0.6340913914312982    0.03147949625183355    0.05311352448644896    0.05737218797887415      100.5521534187192
                  30000    -0.8152517351298884     0.4108114164851817    0.05057568646530851    0.06529073159609385      1450.138635259036
                  30000   -0.05438639321397089     0.4530565831097668     0.0476771228865629    0.06180786154793314     0.1911808650480358
                  30000    -0.2473054245885587     0.1867955767024883    0.05581275875974057    0.05743312163819629      5.409909607079122
                  30000    0.01458721866333088     0.4430641181051397    0.05306580994657349    0.06256388159990464    0.04716479177448264
                  30000    -0.2534353137016296     0.7755023241043091    0.05406084095263978    0.06226019143666259     0.0248893603680839
                  30000      0.552547169172648    0.07467689500716342    0.05126687708227762    0.05940718218335836     0.4664752156854236
                  30000     0.8263261943671056     0.2049803028083268    0.05135222256529635     0.0559420037589617    0.02693040654592919
                  30000       0.34036985039711       0.69757479429245    0.05390244571256419    0.06205344342010127  0.0006004017192490352
                  30000    -0.5500154747266054     0.8181994614327091    0.04745313632530949    0.05777684744913015      6.199832527684911
                  30000     0.3648141996168147    -0.1952884086909979    0.05851076766333483    0.06065659033678027      7.032264058004376
                  30000    -0.6436724644637585    -0.3669164788679683     0.0553294735362534    0.06661579528280236      18.32886638952401
                  30000     -0.332809222446834     0.2697845212175036    0.04940047480496586    0.05735217629824903       49.7162628352733
                  30000    -0.1928933650289243     0.4233462301381655    0.04694919176339869    0.05849331315131433      1.204763152717051
                  30000    -0.3863228142826869     0.7339434391017456     0.0543399977006927    0.06009437572131687     0.9188219791194627
                  30000    -0.5706487598722928     0.7265342052148549    0.05498802565313179    0.06118583250156358      55.52273167544647
                  30000    -0.6975581440621932     0.5833368153679757    0.05138807702535031    0.05732016483652481      727.6079395471571
                  30000    -0.3145039942953102     0.7137171688535882    0.05286223070908683    0.05947883938809127     0.6891163702034213
                  30000     -0.576678132366421     0.1368347985913493     0.0524316736548209    0.05965617856223995      562.5103703941952
                  30000    -0.7181725127528313   -0.09867484926609521    0.05370950219755465    0.05827664796378821      35.84674095146057
                  30000    -0.6282099607016897    -0.2955524938386916    0.05130543042926234    0.06047219609812021      44.69614917159709
                  30000    -0.3665099408613195     0.1756897416707218    0.05084327212679457    0.05424567025793714      49.24103152139148
                  30000    -0.4886712233891339     -0.197281312932755    0.04745155305666383    0.05622068996274249      216.4286589544024
                  30000     -0.520442689323245     0.3867023148169348    0.04952067312948498    0.05526715654747558      144.1712656429113
                  30000    -0.7333462866934445     0.7881058300119234    0.05101704663508255    0.05705603634561444      17.01785901465828
                  30000    -0.5732151968683989     0.3301931477498974    0.05027279415639317    0.05772952707638034      279.0744201791441
                  30000    -0.1066884845495224     0.8636266589164734    0.05100698348514274    0.05903363073535029   0.008548127123918678
                  30000    -0.3634253144264221     0.6227784752845764    0.05043825351232872      0.058498914016997      1.298532725034524
                  30000    -0.1260343194007874     0.3877575397491455     0.0496703958408784    0.05777809706186646     0.1146790055335684
                  30000   -0.04123267603871219     -0.505466741794146    0.04875976784602059    0.05537133452340711      169.3416819693018
                  30000    -0.4339256675704442    -0.2147104885269918    0.04598901539547608    0.05293576922918835      79.79321585608193
                  30000    -0.8615692853927612   -0.06021803244948387    0.04883627051601268     0.0571030589683578      1.769412566371359
                  30000    -0.1054278383891555    -0.5421206071216231    0.04747249165603747    0.05881853278999828      334.2626397223701
                  30000    -0.8453272581100464    -0.3800353705883026    0.04886646500176627    0.05686953653456191    0.03999765468880188
                  30000    -0.4863982796669006     0.6705703139305115    0.04872036346750674    0.05673069265955904      18.04681460271592
                  30000    -0.5744800261558551     -0.245691604670204    0.04968766689430949    0.06031913317514564       257.239141900183
                  30000    0.03014654142438329    -0.5761619290357203    0.05172228802477997    0.05457100609020413      85.66484337131774
                  30000     0.4383786801503256    -0.3875833368101491    0.04688450891963815     0.0536154219073944      3.251856690680678
                  30000     0.1749780356971246     0.3513123412702077    0.04823325336883954    0.05431804287070352   0.008770733678259642
                  30000    -0.3010982461089758     0.5222364852706589    0.05078444286192513     0.0565396443121893      5.695487034706891
                  30000     0.5835652130346252     0.1818897701365592    0.04714425123174067    0.05844709292008929     0.1124932860696193
                  30000    -0.3665718138217926    -0.9756571054458618    0.04784078981609582    0.05607158213845512      16.22453176224148
                  30000     -0.275698608424196    -0.9259518025649944    0.04664447882824147    0.05559843882632263      61.50571240196608
                  30000    -0.5160823143060459    -0.8753564209962288    0.04729910548780418    0.05635208791371243      68.80740593316352
                  30000     0.2768056094646454     0.2182168364524841    0.04779256232622389    0.05598032028800208   0.008365266634369973
                  30000    -0.7095487950204082     0.3463303215942656    0.04701780094125213    0.05535684696726583      233.0192780136052
                  30000    -0.7803446650505066  0.0003522264305502176    0.04759929398093144     0.0558378095137208      8.849224971154381
                  30000    -0.2044861912727356    -0.8846877217292786    0.04728793411175246    0.05578059635957174      23.37970917711415
                  30000    -0.2155247501240405    -0.5830699727805909    0.04733504987272621    0.05553187079787331      220.6183240707878
                  30000    -0.3888483269248362    -0.9035158513823808    0.04607558937286509    0.05407176804090844      140.4915544739004
                  30000     -0.178873929367964     0.2266093640393419    0.04559256827682456    0.05402639559303607      1.120788169666625
                  30000    -0.2357830554246902     0.2528102397918701    0.04687814734158004    0.05552107962941404      1.396790439550994
                  30000    -0.4510051544929254    -0.9094868907272997    0.04706143468316562    0.05662952247439329      140.3208439305552
                  30000     0.5405191045278389  -0.005088113468982539    0.05021132178715588    0.05544180060538167       4.11928699821831
                  30000     0.5992916226387024   -0.02603707648813725    0.04661901083821639    0.05507267674178979     0.7621391120426636
                  30000     0.4009414572159397     0.6771011664544049    0.04862373296357925    0.05858947452466404   0.002196867846891351
                  30000    -0.9288933873176575     0.1038705930113792    0.04663171758835193    0.05468288147623074     0.6274721368436056
                  30000     0.1050145551562309     0.1342035979032516     0.0464670375408033    0.05457051431572887    0.03962731080226542
                  30000    -0.4550438024695482     0.5821583525533963    0.04808631628879077    0.05209536495116639      64.55339710114774
                  30000     -0.391495943069458     0.1259991526603699    0.04634684387881947    0.05446750657990315      26.88153559395774
                  30000    -0.2382127344608307     0.1020845472812653    0.04614589383624546     0.0543200365637256      2.631986232350676
                  30000    -0.6200687695873754     0.5848524259718392    0.04661780427823607     0.0537787774873526       444.811902844552
                  30000     -0.347036935864089     0.7826367896978356    0.04922653463226086     0.0519549634816652      0.349125560367554
                  30000     0.8644955147483193     0.1158313706140123    0.04662753515579952    0.05372196706628738    0.02094387443779176
                  30000   -0.03329822421073914    -0.7307875156402588    0.04628874082495697    0.05395721377331253      12.41510058450373
                  30000    0.06192238628864288    0.08409763127565384    0.04640803715736538    0.05391231661628415    0.04510620848207778
                  30000     0.4720458090305328     0.1793342530727386     0.0464634858662144    0.05387785357765541    0.07940115275090924
                  30000   -0.04302886841496085    0.03088839655628305     0.0484477645965915    0.05501571207807788     0.1803489394271248
                  30000     0.3158426545523697   -0.07784121461094202    0.04663129381371619     0.0556635783669587      4.406449152231922
                  30000     0.2486396729946136    -0.6095218658447266     0.0464200856902728    0.05373533567273453      1.668286799648494
                  30000     -0.631602776827191     0.3534045858097198    0.04963648811053823    0.05390626427665469      707.0976398610979
                  30000   -0.01009246706962585    -0.3316202163696289    0.04632808351190064    0.05355811855881204      15.84297685562309
                  30000    0.04623204140178473    -0.5114496647934866    0.04970741712537021    0.05458239053429902      62.13833037166876
                  30000     0.3667983839253252    0.07888510053112553    0.04644535591108782    0.05519407823473517     0.5383730578074021
                  30000     0.5865064263343811      0.273112565279007    0.04625985133081514    0.05341272466359974    0.02944305009662254
                  30000     0.3642223179340363   -0.04113584384322166    0.04625137860528557    0.05339030753252434     0.7139889702719046
                  30000   -0.08424093574285507    -0.1688686311244965    0.04620129764675286    0.05332180831063846      1.502169120676514
                  30000      0.294687032699585     0.6270204186439514    0.04616702869949778    0.05338025807806897   0.002101477730119326
                  30000    -0.4376159012317657    -0.3742281794548035    0.04616673952114134    0.05341713997965999      38.79906731758316
                  30000   -0.08482978680106615    -0.3110562715187281    0.04499715485553757    0.05884011842207183      49.51420097330872
                  30000    -0.2623558938503265    -0.3264807462692261    0.04623799920911802    0.05320865088779067       14.0553756651508
                  30000     -0.513665733398421     0.5015972803037893    0.04535138919080746    0.05231922597845657      206.6355364971542
                  30000     0.1336280256509781    -0.4935734570026398    0.04610466190203836    0.05307482674731634      13.02677651552281
                  30000    -0.2262921035289764    -0.6411805748939514    0.04608248036977481    0.05304211051438608      184.4748596953936
                  30000    -0.5802056193351746    -0.3851955831050873    0.04549762220917446    0.05275364274844858      21.09977140915213
                  30000    -0.8804340958595276    0.04837130010128021    0.04550909418583998    0.05275249438368343      1.429636319227462
                  30000     0.5491632223129272     0.4365532100200653    0.04557815170059433    0.05274934705276883     0.0137706453997108
                  30000    -0.1287694370729203     0.6785197574628721     0.0458324724638182    0.05717397930134233     0.1791138046462284
                  30000     0.6146151423454285     0.1197743862867355    0.04549374292578815    0.05265555338863691     0.1416808936181802
                  30000    -0.2602112293243408    -0.7813441753387451    0.04557155416648274    0.05264884090446807      161.7961717095863
                  30000     0.6117332577705383    -0.3261816799640656    0.04554155053959642    0.05264611042909508     0.5968029435765075
                  30000    -0.3068259050885603    -0.2569238164642834    0.04536319902206835    0.05663511794196414      35.32428809626001
                  30000    -0.0660192146897316     0.7536435127258301     0.0454121885027539    0.05240236548901455    0.02119145042934674
                  30000    -0.3693842589855194    -0.3966834247112274    0.04539700429609669    0.05237807006163719      55.91296359512001
                  30000    -0.2064965665340424      0.850820779800415    0.04488935159706891    0.05173196651186866   0.009621502246194645
                  30000    0.03190415725111961   -0.02045603282749653    0.04502355988421114    0.05166865086089853     0.4488713464249418
                  30000    -0.8930374383926392     0.3264557719230652    0.04498874929744573     0.0516261423682659      60.89408235343485
                  30000    0.08041209727525711     0.6295995712280273    0.04499688259339747    0.05164780856655092    0.02855470196059228
                  30000    -0.4488487839698792     0.9596542119979858     0.0449961681905623    0.05166570674689969     0.0097830127069219
                  30000     -0.436601459980011     0.1508905440568924    0.04496877447636857    0.05164969885783864      51.41845841682559
                  30000    -0.4873835574088639    -0.4766435939181396    0.04496282819199664    0.05147194114292196      114.9650838152759
                  30000    -0.7389541222705804     -0.209674184513225    0.04512666711365412    0.05196321477757965      21.71724165745707
                  30000     -0.471537321805954     0.1844000816345215     0.0449103600108722    0.05151087203401526      67.26313390476672
                  30000     0.3806473612785339     0.1636196374893188    0.04485455707153008    0.05140653605230227    0.08466792373836518
                  30000     0.6215862035751343     0.4853120148181915    0.04486409290616718    0.05139472415425177    0.02928212968280294
                  30000    -0.3711684048175812     0.3090363442897797     0.0448661350041847    0.05140672584934004      15.52062241574012
                  30000    0.05896612256765366    -0.3599963784217834    0.04484538056371781    0.05140494301537678      24.79342972899695
                  30000      0.671101450920105   -0.02294490486383438    0.04486401722887133    0.05137433827684326     0.4481134465097665
                  30000    -0.3289114534854889    0.05467083305120468    0.04484030654495401    0.05134723324059699      15.49790566424772
                  30000    -0.1036910116672516     0.1630578339099884    0.04473079106388829     0.0512110478045432     0.1628161197560074
                  30000    -0.3547593057155609      0.390898734331131    0.04476545463762654    0.05120432745139893      9.020915268167039
                  30000     0.3064168095588684     -0.281702995300293    0.04474245704109346    0.05116757931226174      8.056362743232091
                  30000     0.1226491183042526    -0.5968188047409058    0.04462104742170515    0.05106743157932887      5.866392044960762
                  30000      0.313567042350769    -0.5465444326400757    0.04459485007939948    0.05103295043215577      1.165509627667158
                  30000    -0.9326748251914978     0.4963552355766296    0.04456882029504926    0.05104214479217389      124.3130654440844
                  30000    -0.7364830374717712     0.4020429253578186    0.04449928819486093     0.0509376836952875      237.0879228786819
                  30000    -0.6392860412597656     0.5199230313301086    0.04440741474957351    0.05084415917000622      243.6350562385299
                  30000    -0.2288184314966202      0.503666877746582    0.04439749908473258    0.05084632734981464     0.8080038497732376
                  30000     0.3407725393772125     0.5990552306175232    0.04450873234848872    0.05084391317884535   0.001984662494193038
                  30000     0.6471430063247681     0.3063768446445465    0.04454246999126465    0.05082931195451183    0.03607212090143244
                  30000     0.6089135408401489     0.4128629863262177    0.04458151384183596    0.05085435051445752     0.0357046171945157
                  30000     0.4940764904022217     0.4618715345859528     0.0446096451885242    0.05084118505554896   0.008302302530066067
                  30000     0.4101736545562744     0.7428842186927795    0.04462429452447718    0.05082253589280004  0.0007388601060573526
                  30000    -0.6084993339972886    -0.5327079575012663    0.04443073695277634     0.0529685814371099      31.14299731116684
                  30000     0.9005327224731445     0.2343406081199646    0.04443616117610168    0.05074171497157264   0.004368912612187505
                  30000    -0.1415297091007233    -0.1632905602455139    0.04441558980825557    0.05067049481886809      2.644291577436138
                  30000   -0.06969238072633743    -0.6835598349571228     0.0443972306048085    0.05063680023656675      44.00595453436831
                  30000     0.6182982325553894     0.3591538071632385     0.0442264795103189    0.05045975351022539    0.04264776934432985
                  30000    0.07508840411901474     0.6940184235572815    0.04423148027574595    0.05052157062281009    0.02057845888077463
                  30000   -0.01641380600631237     0.6844310164451599    0.04420693411151363    0.05056635555445168    0.04829049680537503
                  30000    -0.3875074982643127    -0.5371231436729431    0.04415819822543298    0.05038062811311483      161.1946512992131
                  30000      0.228473111987114    -0.3963975310325623    0.04411496842772573    0.05036522751482504      12.22182640277544
                  30000    -0.5490849614143372    -0.5826352834701538    0.04400830439377129    0.05026668766165465      40.08454832521264
                  30000    -0.2953743934631348     0.1014528870582581    0.04388174622208839    0.05028695361734015        6.5679832170579
                  30000    -0.4837186336517334    -0.6588219404220581    0.04382844236583007    0.05025601412637284      186.5245652567886
