#! FIELDS time deep11.node-0 deep11.node-1 sigma_deep11.node-0 sigma_deep11.node-1 height
#! SET action OPES_METAD_state
#! SET biasfactor       12.02723625380408
#! SET epsilon   2.008904905162975e-06
#! SET kernel_cutoff       5.122093479753262
#! SET compression_threshold                       1
#! SET zed      0.2417854344727916
#! SET sum_weights       1268.226238339897
#! SET sum_weights2       5494.677573038775
#! SET counter  992
#! SET adaptive_counter  500000
#! SET sigma0_deep11.node-0      0.1839719648999873
#! SET av_cv_deep11.node-0      0.1483062513983297
#! SET av_M2_deep11.node-0       102535.8388644226
#! SET sigma0_deep11.node-1      0.3734001986507179
#! SET av_cv_deep11.node-1      0.1197611485036879
#! SET av_M2_deep11.node-1       123907.0197417793
                  13000    -0.5430011124470662     0.3346161137804239    0.07206523337771649    0.08416467652939078      2664.837616428905
                  13000    -0.7375378097422538    -0.1209282636551354    0.07069154372317658    0.07798208068095663      639.5970684368186
                  13000      0.412628625211147    -0.1305190679856823      0.061287314924141    0.09530207040984065      5.373239192046975
                  13000    0.04574379072456546    -0.4912998362731183    0.06517331072876024    0.08807933411814647      68.12535671958058
                  13000    -0.3268537181212952    -0.8717704670443411    0.06620302101428691    0.07846134147448393      2672.351305690116
                  13000     0.0322163094552441     0.6897469617614581    0.08909152871263783     0.1407572520805155     0.1890215245934209
                  13000    -0.6119312458380175    -0.4513678734623174    0.06479206217377506    0.07523234302860925       216.072124716639
                  13000    -0.6279477964640177    -0.7704689706010922    0.06814209669015457    0.07661229458488916      406.5863255886639
                  13000    -0.4382345230965764    -0.8650647352481868     0.0658256889339154    0.08241428657698269      2465.455003480796
                  13000    -0.7112764272786113    -0.3276938703921154    0.06666344875479062    0.08756795066205811      244.7424122704839
                  13000      0.793288717734822     0.6116379672046062    0.05825918538380073    0.06918797038994835    0.06276577408388996
                  13000     0.1865395559760201     -0.230023116826683     0.0681984467639339    0.07646283452279275      7.093628662926898
                  13000      -0.55382790414779    -0.8749631442260202    0.06420382613684594    0.07976418997661924      743.2276080722447
                  13000    -0.5560930305008571   -0.09571699217816597    0.06744573492948375    0.07913261279672106      51.57748528586216
                  13000    -0.6506280105590027      0.106156915326244     0.0662577527996857    0.08019150243244323      1171.827589215373
                  13000     -0.746123192581968    0.05545958513515658    0.05979924826970555    0.06775155597668833       310.119706878025
                  13000    -0.1690604724654888     -0.648979907299433    0.05778497976521862    0.07216271779266704      196.3754739057781
                  13000     0.7070732149369949     0.6924346773491022    0.06538015664752829    0.07285237271111322    0.02374456759085131
                  13000     0.5587877446915333     0.2708109568135659     0.0649406146722767    0.07893972685906919     0.2153044978769675
                  13000     0.2881159734829407    -0.2747604476930036    0.06994284912334282    0.08124831140733202      11.46518996259452
                  13000     0.4555921852674666     0.8071670458868516    0.06608977149268622    0.07969875823974583   0.006372007824321078
                  13000    -0.3979481950654423    -0.2857621734622429    0.06838210288482099    0.08819894678194531      14.27794357311436
                  13000     0.5598240196894883     0.6267716099113328    0.05659043619172562     0.0675695162604141    0.01197249371741341
                  13000     0.7847779381794016     0.7580638028624713     0.0667475159826641    0.08477998362051967    0.05213319228859829
                  13000     0.7566617684838628     0.3998372098828816    0.06289818744168885    0.06874045438175716    0.05434616262872331
                  13000    0.03261560206897427    -0.3039894377383188    0.06730154374074057    0.07497086994095867      50.23330793769327
                  13000    -0.5582048874440132    0.01612881885212831      0.069756157337208    0.07461309106516974      350.0842569040075
                  13000    -0.1845443194531785     0.5444288521468273    0.06113465973121249    0.07278552326909855      7.565566906482202
                  13000   -0.03869917396024875    -0.5595945109816324    0.06454607035519885    0.07462653867410396      78.56415637594446
                  13000     0.3209209620885455   -0.07049563668906876    0.06008653858662209    0.07335647033004615      7.912690714183327
                  13000     0.5665746159285204     0.0986669365196297     0.0676349173096799    0.07863398669008763     0.6083068386870166
                  13000    -0.1051094700422188    -0.5283484988532459    0.05745780039756598    0.06979402758949865      77.32135148456952
                  13000    -0.3945205298091956    -0.4713514032680811    0.06610139150560261    0.07565654339739318      41.02495038086618
                  13000     0.9318547676272279     0.8234430818667865    0.06992938883890203    0.07686725866438852   0.005946234821826328
                  13000     0.8262146612512088     0.4871935501853852    0.06529328568489361    0.06961972887062266    0.05253247348397527
                  13000    -0.1388058479276853      -0.72668408737601    0.06027210956274955     0.0659323258404631      201.9224236059182
                  13000   -0.04746441509163495    -0.6717788623913746    0.05628174843714398    0.06532115395021046      71.98709218508719
                  13000     -0.462903242907471    -0.6867251855822881    0.06626741166183023    0.06959031345839611      655.3310787555704
                  13000     -0.157658423139473     0.4249433330449144    0.05836719216010292    0.07180908262878485      1.394049298119618
                  13000    -0.5846492923545354    -0.6678724264642757    0.06307729312491112    0.06950582286832306      563.0665685101403
                  13000    -0.6847713573797032   -0.03160556345521801    0.06391519498863606    0.06597810341307907      587.9523565567536
                  13000     0.2263434637581636    -0.4447751846532046    0.06532894582260526    0.07318548376599976      3.342833392424836
                  13000    -0.2176763090816557      0.669273700662852    0.05990403959496369    0.06525560955062286       1.60896210256214
                  13000    -0.5094075321573914     0.4301440748193505    0.06036986327456566     0.0689132103388474      486.9663951168837
                  13000     0.6396429256214186     0.3603929593162758    0.05907238751417771    0.07586284119912502    0.04104298931738326
                  13000     0.8882530563236619     0.6507215433780537    0.06892189655365082     0.0849938740411747    0.01768827773410593
                  13000     0.4319839629801832     0.2696929134974081    0.06537830790926567    0.08028167812359373    0.09878931164847031
                  13000     0.7338403521120506     0.2490800498042285    0.06592459066301581    0.06761457663206556     0.0320369260621161
                  13000    -0.2559534119207773     0.4847970451420163    0.05742666816047099    0.06655301178913896      19.93919111611796
                  13000    -0.2782688874107073    -0.4996019277657837    0.06454798019399338    0.06860765287161505      52.04089288599987
                  13000    -0.2248323012069114    -0.7217486849775684    0.05783352053515301    0.06726881692064109      331.1871810409471
                  13000    0.07737140084792805    0.03621277530448191    0.07429450615111116    0.07792362824192313    0.06811653258951376
                  13000     0.6594563048514982     0.5155078424521491    0.06247039799118213    0.07788689795927865    0.01719029345516982
                  13000    -0.2141838222742081     0.2184311598539352    0.07232011660181033    0.08273821260238085      0.136842386416924
                  13000     0.2541598256845815     0.2800482370104402    0.06866965009880535    0.07530971161730415    0.02258221557887007
                  13000    -0.5065072395743851     0.1878353064611017    0.06080173216743674    0.07001980965198058      625.2947220294061
                  13000     0.6153374420366159     0.9214587638823681     0.0600997217119561    0.07323796134380083   0.004710389456422321
                  13000    -0.6515141298780298    -0.5918775265028519    0.06210952108841763    0.07374618910320439      167.0179328618967
                  13000    -0.2587727878975579     0.3651200369308732    0.05499098741306375    0.06227498749811895      5.811819616604816
                  13000    -0.3585388414034006     0.3901660042338752    0.06235188037505144    0.07456271334923394      145.6393892215754
                  13000     0.1520127970764729    -0.3529212619637435    0.06187097541029053    0.06486722892405157      16.47685584890743
                  13000    -0.5714145445096113     0.2208257859193203    0.05357329985757654    0.06743819378840231      2438.423502887685
                  13000    -0.6400619910383817     0.2406654744982034    0.05689786311141019    0.06481153460719252      1000.759411574429
                  13000     0.4884081037788819     0.4645300777497894    0.06011315001394245    0.06785849259842676   0.009135800135193019
                  13000    -0.1042723612261556     0.8381418903079355    0.06522880182497982    0.07370391846647692    0.02579330882568647
                  13000    -0.3408860889116613     0.6735092842295828    0.05927725086344888    0.06985067472474749     0.9630447057375779
                  13000    -0.5788551982671439    -0.1916312596247775    0.06158828167209749    0.06638217800911952      94.16665082583758
                  13000     0.4698340187731646    -0.2028337602585731    0.05294025369708686    0.06062982289714853     0.9383998424688884
                  13000    -0.8064253745799335    -0.2781657428552484    0.05619744983421755    0.06493383714833868      117.3930689511657
                  13000    -0.8229436277509113    -0.4030317271384455    0.06479318240459057    0.07079602897297298      14.79949118721812
                  13000    -0.7217764465639198     -0.556732153822176    0.05842039871496865    0.06709808611896612      60.39948804209395
                  13000     0.7708501219749451     0.1744651645421982    0.06036334450344463    0.07051817159226816   0.006690330993259198
                  13000     0.1712466414503712     0.9133692644098134    0.05638341429284433    0.06495142895620069    0.02198393221283153
                  13000     0.5270792245864868   -0.06991618126630783    0.06064722345242969    0.07063221759422496       0.11718042305585
                  13000    -0.5289526791396901    -0.7813211435199799    0.05929358638703844    0.06494550180375153      494.4991620151698
                  13000     0.5521921012684634     0.8263724300320479     0.0577270779791533    0.06281122657966245   0.005934445334261332
                  13000     0.2801969578215058     0.9293356138362182    0.05929367345453894    0.06527040549070004   0.007478434869738569
                  13000     0.2015909502502834    0.06824623480203892    0.05835466299457383    0.07091243441937764      0.179379902378236
                  13000     0.2056286334991455     0.2083181738853455    0.06059904411626912     0.0701370607555921   0.009070879806072114
                  13000    -0.2245445387633043    -0.1980449356699823    0.05590830473872405    0.06973391914297537     0.4456804801773041
                  13000   -0.05189734324812889    -0.3628210425376892    0.06032566941448617    0.06999473417277362      2.581921586544762
                  13000    -0.1955821460856642    -0.4044754895805156    0.05607301051833887    0.06515153942553518       4.00587091827196
                  13000    -0.2699414863788615     -0.643322449672464    0.05610991027110385    0.06392842250933642      114.6265144719645
                  13000       0.15227151071585    -0.4704159531160756    0.05372828477079206    0.06582786375578116      6.722197092582376
                  13000    -0.7702085375785828    -0.8492076396942139    0.05936035377760297    0.06939696601047909      5.158791188867997
                  13000     -0.339813111913325    -0.7068833859009481    0.06206459657800265    0.06456382348161799      369.3744896312552
                  13000    0.05190962844427527    -0.0382540046120353    0.05672399847373029    0.06550715869829941      0.243825505561679
                  13000     0.6585218730681133     0.8018481786569714    0.05510018126502553    0.06838849062250281    0.01560324386169601
                  13000    -0.3437654972076416     0.2361191064119339    0.05938546197737473    0.06904167542823288      10.18737748475013
                  13000    -0.5051115609706505    -0.5708393107042069    0.05842453860867663    0.06379274818771101      209.5840431892378
                  13000     0.3641050755977631     0.9845695495605469    0.05799816529396306    0.06819067498075272  0.0003812893953223596
                  13000    -0.5069686917268726    -0.4825806654160095    0.05941980661893888    0.05938517609570672      45.97522850507495
                  13000     0.5794798135757446   -0.00436064787209034    0.05700212034728568    0.06689453893014009     0.0689537917852789
                  13000    0.09490951895713806    -0.6616318821907043    0.05683700728882996    0.06618828668317692      1.557629826290806
                  13000    -0.5133602664480281    -0.2268358394822089    0.05712874311993092    0.06484989282121929      9.663939266994589
                  13000  -0.004262556321918964     0.8957838416099548    0.05657154537693354    0.06592528151312975    0.01173739533899485
                  13000   -0.09626418352127075    -0.1499108374118805    0.05652252484285052    0.06589108372431325     0.4556624963097523
                  13000    -0.1853836640008308    -0.8099845353525286    0.05510536042753172    0.06059776728402722      87.52746267781063
                  13000    -0.4718859394405712      -0.40004855450034    0.05856434101104049    0.06784212861896906      22.31278213848805
                  13000    -0.4786036769539995     0.2628585339732312    0.05375142980914958    0.06198932271992275      269.6072030789879
                  13000    -0.4574089974632547     0.3515885668785467    0.05731488873598525    0.06615930931265497      652.7035763483557
                  13000    -0.7709330983701191    -0.4531648773631577    0.05374475887163588    0.06691048704554005      17.45529805340658
                  13000    -0.9473980859958084    -0.7229061742035973    0.05300333507244788    0.05900214081970854     0.0439167644064288
                  13000    -0.2746429942875058     0.5719778476925101     0.0572884889217516    0.06414059850217377      2.806386657466155
                  13000    -0.1773963272571564    -0.1262878775596619    0.05483876655189096    0.06423353686147334    0.08660472959132513
                  13000     0.4329922294458181     0.7151346103688535    0.05467648526511439    0.05973145987299854   0.001385124354599181
                  13000     0.4686284065246582     0.9285928010940552    0.05449685860869803    0.06393771258446385  0.0004171860101013773
                  13000    0.08444183832995028    -0.1272352212300597    0.05631124502700784    0.06123831938654331      2.393394637382152
                  13000    -0.7268011569976807     0.2458584904670715    0.05429198613824963    0.06372998544140288      32.18206903420064
                  13000     -0.677289353143612    -0.2297603782495946     0.0557164301365528    0.06389653984450422      128.9307582950482
                  13000     0.2259671837091446    -0.5542118549346924    0.05424601690523072    0.06346376874870621     0.4488731871854499
                  13000    -0.8121445178985596    -0.7622030973434448    0.05407278383612759    0.06342052879234543      2.079507161247821
                  13000      0.268629769592129    0.09481036709310268    0.05398295210710976    0.06266543715484377     0.1472847389523117
                  13000    -0.3843567559430552     0.5622062839829463    0.05678943238736363    0.06090440528312759       13.0950007869811
                  13000       -0.6154825091362    -0.1343342959880829     0.0529738496679528    0.06243961746185479      26.82360278305242
                  13000  -0.009774601086974144     0.5094677209854126    0.05295836904137451    0.06246121722887917    0.03631424346999158
                  13000    -0.9571970105171204    -0.3451005518436432    0.05253936375492391    0.06197468180372137     0.2882240187269121
                  13000     0.2916666865348816      0.770494282245636    0.05250463405381392    0.06191005168107548   0.001086445185808475
                  13000    -0.8393389429373386    -0.1350324185813401    0.05500055607782547    0.06520773522163018      30.74355654937703
                  13000    -0.5453438110366109     0.1105429221631311    0.05453814785744637    0.06279695272180513      259.0236987443501
                  13000    -0.3533448278903961   -0.03765246644616127     0.0520488205424131    0.06117276738846563     0.8602680482752529
                  13000    -0.1456997006734468     0.6187629126010112    0.05588712836213794    0.06036369011702269      1.704007678641012
                  13000     0.8414748907089233     0.7050134539604187    0.05186455442558137    0.06084378325940323    0.00519182345526836
                  13000     0.4139011294129053    0.08771145003579832    0.05677721059456797    0.06268350089804664     0.4024538758107886
                  13000     -0.574182268693193    -0.3416224687897969    0.05442201851482946    0.06106893996056959      40.58854833073566
                  13000      0.646156689128339     0.1870434753492211    0.05213361575210196    0.06087211107382108    0.07086056810252696
                  13000     -0.382931307461298    0.06924828970437166    0.05264823582099809    0.05863306682751646      11.02272134346757
                  13000     0.6507289638618938    0.02039626740407839    0.05470496227045347    0.05802526288936648    0.05217364610506187
                  13000     -0.342708021402359    -0.1958711743354797     0.0518701190074163    0.06043901902616245     0.7322098027296844
                  13000    -0.7048831582069397    -0.9258032441139221    0.05198698219680818    0.06047067384220475       7.37371292575599
                  13000    -0.8719940781593323    -0.6977948546409607    0.05202765711184954    0.06044476898588738     0.3080144367166427
                  13000    -0.3096303280019749    -0.3524407819501811    0.05580575546630939    0.06151594683894887      5.437979386998053
                  13000    0.03263111526306398    -0.6065432031958976    0.05247146231571009    0.06011264817061476      28.95347142799244
                  13000     0.5739238356680142     0.4015049041691475    0.05483296605354073    0.06208224636603446    0.04945228057197584
                  13000     0.1728349775075912     0.8154717087745667    0.05199773899802296    0.05986803795152039   0.007336735570836543
                  13000     0.6890730261802673     0.3283481001853943      0.052013116011143    0.05988213935324962    0.01107203892229842
                  13000     0.4709254947394549      0.623416146392717    0.05109385956022432    0.05769272676540554   0.001442456606899501
                  13000    -0.1375941634178162    -0.4109628200531006    0.05189234033322659    0.05978894195026454      3.069374695178527
                  13000    -0.7993185010443615    -0.6459404732525442    0.05450735635933898    0.06248376631816249      7.919822670401937
                  13000      0.956942081451416     0.7352988719940186    0.05217159300388921    0.05942791416692019   0.001748260123698526
                  13000     0.7227948504142736     0.4883671375415515    0.05130700139671577    0.05802713023894167     0.0136381680473408
                  13000    -0.8929429650306702    -0.4467779397964478    0.05229473055945606    0.05936829321536363      1.439075679856646
                  13000     0.2408769279718399     0.8486369252204895     0.0523118912894238    0.05925016556311113   0.003321929906049492
                  13000     0.4227710068225861     0.3804893493652344    0.05236532977179415    0.05917780532061324   0.005372248750461143
                  13000   -0.05230071768164635     0.6328833103179932    0.05225676896426699    0.05898917068981355     0.1280221732798958
                  13000    -0.6862830519676208    -0.4893357455730438    0.05230225673063005    0.05884526203552219       17.3198384263447
                  13000     0.6853295564651489     0.9266750812530518    0.05236392607064329    0.05889575772762717   0.001777615080755015
                  13000    -0.2720247805118561   -0.03846078366041183    0.05239919910501464    0.05888360461339503    0.07214830028966106
                  13000     0.3815668789045658    -0.2569246250527036    0.05223375915255148     0.0595790189065246      1.399698544407069
                  13000    -0.1263670532889224    -0.2594538067269397    0.05330798412593948    0.05848552859447988      2.255456834511368
                  13000    -0.5018939971923828    -0.3146363794803619    0.05225403291096412    0.05863445476363528      4.394406551436663
                  13000    -0.2624217631443283    -0.7968234985506517    0.05346524595344181    0.05787790228773923      172.2802279725701
                  13000    0.05035032683740197    -0.7293827554384262    0.05153954016605205     0.0598042092947448      2.732645444826018
                  13000     0.6639627814292908   -0.06098221242427826    0.05162324714749204    0.05794685468274008    0.01221303239198689
                  13000     0.3719421625137329    0.02036822959780693    0.05132651631383533    0.05755264832954085     0.3735686477814824
                  13000    -0.8899585125022484    -0.3595016042628521    0.05118860190238322    0.05672934480010416       6.86253596141489
                  13000    -0.7547169923782349    -0.7175314426422119    0.05135638975059945    0.05764598214721395       7.76022613833524
                  13000      0.091467428245673    -0.2068997755838237    0.05485148463856293    0.05827990844401322      6.389341749522053
                  13000     0.3205945193767548    0.05497195944190025    0.05123216816309706    0.05725849384408474     0.2969502527028298
                  13000     0.2045134454965591    -0.1263083517551422    0.05122988490859043    0.05723016182012709     0.5790237460251279
                  13000    -0.6500289265877022    -0.8878653447024771    0.05189534509638905    0.05718085790820061      99.13424771166517
                  13000     -0.433763176202774     0.4548963904380798    0.05131101017481925    0.05714374610775592      55.29164308324203
                  13000    -0.9120704531669617    -0.2779484689235687    0.05119128654152722     0.0570772558546395      2.814212567247079
                  13000     -0.102626159787178      -0.62361741065979     0.0512569033343807    0.05716156378493886      14.34330737730823
                  13000    -0.7041206359863281    -0.7649954557418823    0.05092447992757185    0.05686689841188854      23.68353219907591
                  13000    -0.8458315134048462   -0.04256653040647507     0.0508655041530708    0.05679204186964967      13.43888687144942
                  13000     0.4838938643451318    0.09278676900676901    0.05075444532769401    0.05977866550381365     0.2010949395077567
                  13000     0.4079217314720154     0.5941513180732727    0.05085716316741646     0.0566433116572731  0.0004379901223532915
                  13000      0.248242661356926     0.3878964781761169    0.05087405214227016    0.05645978261639694    0.00204315855605642
                  13000   -0.07958923280239105    -0.7770346999168396    0.05078100806442343    0.05637791063418914      10.32139523576183
                  13000    0.09782131016254425    -0.3960797190666199    0.05065652493673267    0.05620021679689078      4.562745624671527
                  13000     0.2193440198898315     0.6777068376541138    0.05066564607280073    0.05622632840234537   0.003958617967976254
                  13000    -0.0194835402071476    -0.1272194683551788    0.05067904804684283    0.05615214336275164     0.4246815977646594
                  13000     0.4064667224884033    -0.3950246572494507    0.05065572256631296    0.05614118391882238     0.1500542945587751
                  13000     0.3944666385650635     0.6630195379257202    0.05054553886893461    0.05600296563080048  0.0006224916723087215
                  13000     0.2054133117198944     0.4706384837627411     0.0504720539703695    0.05610827307311131   0.001893709647185803
                  13000     0.6208861470222473     0.5861262083053589     0.0504998583511263    0.05613349308379538   0.003536222873464637
                  13000     0.9044365882873535     0.7283322811126709    0.05051789003601587    0.05614299386027824   0.003695545698362113
                  13000      0.335757315158844     0.4702151715755463    0.05049005400830142    0.05607353520220685   0.000768546952344786
                  13000    -0.2417810410261154    -0.5580185055732727    0.05051764139870814    0.05613031375587798      12.56551637673636
                  13000    -0.6541555523872375    -0.9521834850311279    0.05043737965003343    0.05610884431335084      18.64890546327522
                  13000    -0.7853706479072571    -0.2037616670131683    0.05034484468035275    0.05582434834741672      32.27013837485486
                  13000   0.001920455135405064    -0.4244529604911804    0.05038602050497394    0.05574761820394884      6.349331765864451
                  13000     0.1174261197447777    -0.5612143874168396    0.05034045487612462    0.05568824642971519      3.782170879976149
                  13000     0.5148451328277588    0.01790673099458218    0.05040591704906965    0.05571364469137988     0.1193176240609528
                  13000      0.565756618976593    -0.1243399232625961    0.05042229986523184    0.05568891916932813    0.05837788961534254
                  13000     0.8389460444450378     0.3834253549575806    0.05040214008388742    0.05564123067980666   0.006065267750745626
                  13000     0.7297874689102173     0.5675546526908875      0.050439659081123    0.05571124580535592   0.008806704663370416
