#! FIELDS time tica_cv1_9 tica_cv2_9 sigma_tica_cv1_9 sigma_tica_cv2_9 height
#! SET action OPES_METAD_state
#! SET biasfactor                       4
#! SET epsilon   5.176336619919723e-10
#! SET kernel_cutoff       6.539381215389747
#! SET compression_threshold                       1
#! SET zed     0.05266988444284598
#! SET sum_weights       8435.971735151245
#! SET sum_weights2       34653.38167758366
#! SET counter  4992
#! SET adaptive_counter  2500000
#! SET sigma0_tica_cv1_9   0.0009360712608482869
#! SET av_cv_tica_cv1_9    0.001313840273307571
#! SET av_M2_tica_cv1_9       4.144550930557903
#! SET sigma0_tica_cv2_9   0.0008856999859336447
#! SET av_cv_tica_cv2_9   0.0004227977796600264
#! SET av_M2_tica_cv2_9       20.60238593952888
                  55000  -0.005627679600692094 -0.0006900712500415994  0.0002225830913877284  0.0004608679263229748       3123.60445266161
                  55000  -0.006897557938325155  -0.008745048804427781  0.0002614820603427225  0.0005072294969204548  1.618602744194871e-05
                  55000  -0.005715142807992115    0.01861735265267532  0.0008700645799024733   0.001686735492373742  6.130754990488211e-08
                  55000  -0.006024810848227517  0.0003829203469985969  0.0002529313560200974  0.0004764183784737447      3400.660397439843
                  55000   0.001168112095345765  0.0002406010959958978  0.0004028876483390815  0.0006890170517885823      790.6979473759013
                  55000  0.0009310282605748602  -0.001098038223420542  0.0003414756599023503  0.0005869798968471383      676.0242226713381
                  55000   0.001376124099856896    0.00152317090921398  0.0003715798234876783  0.0006310340419680192        506.13760604332
                  55000   0.001288913101054839   -0.00197363882360379  0.0003867281824332669  0.0006042025889425681      166.7411603488257
                  55000 -0.0006936095969825802 -0.0004773384707640684  0.0004206608694867336  0.0007563911261195519      4.834317051039961
                  55000  -0.001064925296290192  -0.002532860751460425  0.0006013643386796391  0.0008979221577332134     0.5969632893890425
                  55000 -0.0003189285446709891   0.003482465984396325  0.0003553349023240868  0.0005625170364703843     0.6916707322698824
                  55000  0.0005556684837731794   0.002939332494402603  0.0003075004615847162  0.0005646683909017191       11.6275908320361
                  55000   0.002065366409075202  -0.003614635954005485  0.0003243731517795591  0.0006331651585385741      2.176346484518777
                  55000  0.0008944548348807546   0.001411509796166338  0.0002991367121586038  0.0006058672168608924      475.5578881283789
                  55000   0.001262016306937666   0.006489141429266383  0.0002099581597257996  0.0004177367451257494     0.7163932412814423
                  55000    0.00153730929683957   0.006026192070389279  0.0002949430412654757  0.0005488251527382793     0.7661285998981702
                  55000   0.001893886585935058  -0.001170111278773041  0.0003757720514860299  0.0006851784440935719      78.66829314047567
                  55000   0.001346107296449558    0.00519148553098523  0.0003334505832111489  0.0005673234035176116      6.024877109940368
                  55000   0.001246889509984889   0.002706886077784819  0.0002931393942211991  0.0005254794641064141      103.8521163620301
                  55000   0.001965719148963769   0.003849865875451211  0.0003550141268066512  0.0006249533229627647      8.476698962712845
                  55000   0.001006988179047365     0.0034189071986588  0.0002690891540531245  0.0004854372956359264       44.7660589048409
                  55000 -1.199614550543785e-06  -0.005311715285916698   0.000401525528449192   0.000621278053109971     0.1491994702351319
                  55000  0.0001637362800092373  -0.002309392463315816  0.0003353381820717443  0.0006173171773303877       25.4943794330089
                  55000   0.001094441168380486  -0.004562580553640701  0.0003068336921659045  0.0005855042535828628      4.013705467536441
                  55000  0.0006497769010466016 -0.0002701517578436686  0.0002923702920037874  0.0005052305202433757      348.3421749057466
                  55000   0.001164137671377675  -0.003310662992006025  0.0002596611767378099  0.0004793347215260701      34.97811519741947
                  55000  -0.001736598743155693   0.002355635933849714  0.0003263849889299648  0.0005835723861708593    0.09831161331415686
                  55000  0.0009047542998781782  -0.002676289658732242  0.0002698151921333329  0.0005638171564299797      109.6717726875543
                  55000   0.001791512980233184   0.002559308176679559  0.0003063754498696236  0.0005853763909418614      55.23476239518835
                  55000  0.0001329570077918309   0.001153029725987914  0.0003407460134227469   0.000604569509869373      15.24778623646691
                  55000  8.105065697360822e-05  -0.004232404226100296  0.0003609041042939967   0.000634799233466295     0.6322811420133124
                  55000   0.001601185238334166  -0.002743866715318389  0.0003178880458834513  0.0006137450016857294      39.15879619146768
                  55000   0.002374089587796443  -0.002318349096096454  0.0002950399990110017  0.0005485725592663101       2.92012082523622
                  55000   0.004444426851181744   0.001272563722810125  0.0003488657349446838  0.0006465735449588152   0.002056683855542951
                  55000   0.001734606683612723   0.009650479789428784  0.0002102553480530999  0.0004431491429087708  0.0002922783593825083
                  55000  0.0003858244909785726   0.006021325280696475  0.0003478228805134685  0.0006480647773382294    0.04063224044278299
                  55000   0.002239686127294069   0.005577454276026358  0.0003445482690614892  0.0006435055544346145    0.09458838475984806
                  55000   0.002386795530568506   0.003213372124172894  0.0003476386575084236  0.0006455347496117271      3.100244655315576
                  55000   0.001988003947095268  -0.005506785092614385  0.0003235371711546906  0.0006255886317687453    0.07036203702610001
                  55000   0.001806333137115646  -0.007484723545279474  0.0003184211533819899  0.0006300338749421172    0.00078203902118659
                  55000  0.0007811025523757907  -0.003839263661196634  0.0002241082682260386  0.0004769221376698454      22.52223167592596
                  55000  0.0005726142495399945   0.002069239202111513  0.0002400349017623087  0.0004874384684937686      27.22176101943401
                  55000   0.002200471712008498 -0.0003508393575980336  0.0002927916630228615  0.0005738748700962407      9.017908272802217
                  55000   0.002454212606710421    0.00250834069004789  0.0002740588825329209  0.0005693584985562948      3.533705204453633
                  55000 -0.0008351057900767444  0.0005023055561478601  0.0002948749814467586  0.0006675761643776092      2.034548584485672
                  55000   0.002086555954408868   0.001103364031481764  0.0002757177194766231   0.000550530830856377      59.43186105620477
                  55000 -0.0008456827110943918   0.002416259847415347  0.0002987090022237315  0.0006194669709266964     0.1000439446924634
                  55000  0.0005752247204161917  0.0006744941005306116  0.0002343652432176248  0.0005416044205151791      96.43675351131448
                  55000    0.00236862282695845  0.0004975500508189671  0.0002451531065081015  0.0005579810561507709       18.6765067749199
                  55000 -0.0004247402951474631  -0.003830528005662897  0.0002340599014634512  0.0005818161812505969     0.2021326752619894
                  55000    0.00315414482066188   0.003740307632430706  0.0002892530925889158  0.0006177428476824594    0.09573788955117486
                  55000  -0.000157548610567507   0.002224708296735925  0.0002503707013232939  0.0005389401391298705      2.153648427366774
                  55000 -0.0001627258644554532  -0.001224484567729348  0.0002836282034572597   0.000610804049254141      2.741721672283633
                  55000 -0.0003811937772254977   0.001522434544323996  0.0002535510465599627  0.0004907842510278827      2.378757089104338
                  55000  -0.001095233217700717   0.003263024905854876  0.0002822058337341479  0.0006107619188406957    0.03752980991782616
                  55000  0.0005008127653811057  -0.003440922366780733  0.0002230533239914749  0.0004227761195867134      23.90815915456257
                  55000  0.0005666311159082932  -0.002668964877686318  0.0002160790903005242  0.0004718179615377047      17.95945598895418
                  55000   0.002122410780701449   0.001898994647082431  0.0002507520582692054  0.0005296582890601556      13.05169321105721
                  55000   0.001334705276422041   0.003681605737090201  0.0002119428247101058  0.0004720801291609978      11.10898266928929
                  55000   0.001510072254539137  -0.005688639632937486   0.000270746542754099  0.0006013922548887847      0.106843130649537
                  55000   0.002590148575169415   0.001455963134264154  0.0002704526410220006  0.0006006907363848885      3.051210960270772
                  55000 -0.0003464301897750569  -0.001955374993669394  0.0002283273846976558   0.000510713860934215      2.735269827434401
                  55000  -0.006050805937623498  -0.003382124643843093  0.0002259356190329988   0.000457886241034081      156.3593395462224
                  55000  -0.006261192508816439  -0.000825295593282293  0.0002218795146918039  0.0004587931659910224        4154.6941960371
                  55000  -0.003760925752469045  -0.001401346804310789  0.0002295324367298302   0.000468124113892793      27.03160635050953
                  55000   -0.00436353914356805  -0.001311931481896227  0.0002380145987914661    0.00047445142901235      151.2475436204758
                  55000  -0.005801100060984489   0.003401749762803295  0.0002349056681678795  0.0004438493154465303      93.33291328365188
                  55000  -0.004570387459152087   0.001540123372491363  0.0002540309793718553  0.0004548423329115168      279.1468903884287
                  55000  -0.005504053566032835  7.074683105200426e-05  0.0002393316010418133  0.0004584170629425197      2745.771765044375
                  55000  -0.005919433375849544   0.001030019607553859  0.0002411244676134079  0.0004420160982119636       2685.14833056059
                  55000  -0.004616836804943441 -0.0006902149949155085  0.0002370251679768256  0.0004622330019439353      338.6095078092089
                  55000  -0.006838260614579285  -0.001655601696553557  0.0002281299927305234  0.0004634572178049326      1340.165417360633
                  55000  -0.003996196239476176  5.818949618474684e-05  0.0002380505123971279  0.0004555371383207645      86.06553659144883
                  55000  -0.005180858153760982  -0.002023038607641344  0.0002383537261884806  0.0004625051156312493      646.3054572765517
                  55000  -0.004301127638034185  -0.004215426409206408  0.0002231236619288196  0.0004397237334195952      1.442265146549953
                  55000  -0.008859254995586438  -0.002570096619542118  0.0002296125669857577  0.0004607118908113252    0.02135903400793104
                  55000  -0.004269602421351893    0.00352754302893801  0.0002229959163049081  0.0004548310204065738      7.635506644471351
                  55000   -0.00369955624543693   0.001335342126920549  0.0002406372315266707  0.0004461117178653321      31.79113331396353
                  55000  -0.005002144775257775   0.003240139771747752  0.0002419944428212099  0.0004623459556251825      52.47353645059548
                  55000  -0.004679760542319381  0.0008097508267388994  0.0002405250263493436  0.0004548165475882111       414.122235512188
                  55000  -0.004139554101516206   0.007570623522098353  0.0003077082852065363  0.0005874430675750812   2.65658637505859e-06
                  55000  -0.004224783135394729  -0.002824259465351767  0.0002115721887951572  0.0004834912528664148      11.01035171029616
                  55000  -0.004298593401851908   0.000701548119565623  0.0002390982827492244  0.0004633973088194043      143.8525110351889
                  55000  -0.005330430107004164  0.0006523161641345535  0.0002333168987557989  0.0004514626133503098      1823.403185352598
                  55000  -0.006680808317545464  -0.004351335524186727  0.0002446252207973811  0.0005129918931591449      17.70296738858837
                  55000  -0.005970418487291281   0.002265828112402549   0.000232727313541143  0.0004519360676176804       697.585547406077
                  55000  -0.005618155066543863   0.001848529917314714   0.000240377996884975   0.000453742075226922      861.9996120196954
                  55000  -0.006184374042193276   -0.00161228941966496  0.0002366993883889751  0.0004690228581466826      1642.941824973561
                  55000  -0.007506599676573435  -0.004046081777301776  0.0002357341720087502  0.0004924701441407953      3.729154809449949
                  55000  -0.008769972822098173 -2.729214605252884e-05  0.0002104928444257355  0.0004058644052203147     0.1144508058792123
                  55000  -0.006830385722894386 -0.0001276498511658348   0.000235523650081393    0.00044925407764509      3507.186271267196
                  55000  -0.006165276265886936   -0.00577338857837219  0.0002135018622414486  0.0004031886088873341     0.3832345605201469
                  55000   -0.00798089409359851  -0.007713333446259548  0.0003019456347584879   0.000591013329010478  5.818734826087023e-07
                  55000  -0.006510320766465631  -0.006178787142855535  0.0002326469327897953  0.0004139188762771816      0.194496434734134
                  55000  -0.004209574438855494   0.004781029331050139  0.0002321990378888826   0.000490420397011063      1.495465776061802
                  55000  -0.005513441694113932  -0.002795734303629584   0.000236783376091267  0.0004852607717889254      288.2082445893641
                  55000  -0.005940480310590561 -0.0009635745647142292  0.0002314475724415581  0.0004525279611151487      2214.684497514237
                  55000  -0.004838276227985556  -0.005513522565264314   0.000233752376264532  0.0004684206353511163     0.1576331893887994
                  55000  -0.007201758012183851   0.000162620064380991  0.0002402603491250843  0.0004777560004000919      697.5374193993379
                  55000  -0.003054421317241582   0.007937553981186505  0.0002265517502761883  0.0004425228497081628  1.383637914218185e-05
                  55000  -0.003533635581377368 -0.0003356948419509803  0.0002218226874919282  0.0004424879054056431      23.45886297842233
                  55000  -0.004947457605075863   0.001818695676178684  0.0002251713667859001  0.0004401375076171324      345.4394212959326
                  55000  -0.002705341504958173  0.0003024184406768325  0.0002229668432423318   0.000431136629305487      1.917908706051505
                  55000  -0.008438085413247823   0.003168412048318522  0.0002122255692233085  0.0004201911215499933    0.02747335768612021
                  55000   -0.00349738072006613    0.00279598883376071  0.0002449550016046584  0.0004650064481829003      9.289341335630242
                  55000  -0.007794647432528448 -0.0001845954424915409   0.000222342659905928  0.0004349071099781808      111.7975469181994
                  55000  -0.007314571695375052  -0.002240038799682418  0.0002406831673493954  0.0004558049688591681      244.0892120700957
                  55000   -0.00364251991894958  -0.003282392046678924  0.0002108780916024643  0.0004295303615346413     0.7911019117364584
                  55000   -0.00405228332005316  -0.004071712683952042  0.0002119404590090188  0.0004295837685725705     0.2575587785278458
                  55000  -0.005748672227664633  -0.004047142151622289  0.0002174489793742288  0.0004845538298368861      31.81775524184047
                  55000  -0.006334370014604827   0.001920017731477712  0.0002325074404669669  0.0004667424059574994      837.9831894625163
                  55000  -0.005884125812273085  -0.002454207624556662  0.0002220631167072584  0.0004843897399946295       548.567263746679
                  55000  -0.008981792401176284   0.003497062025326156  0.0002982025277397906  0.0005915590711202625  3.967749795948839e-05
                  55000  -0.002777782534866012 -0.0008336398589372188  0.0002410628182819687  0.0004657860861534264      1.222939199722026
                  55000   -0.00420975078066901  -0.006920450444167739  0.0002976756747877402  0.0005869207220168934  1.251890749566254e-05
                  55000  -0.006716377817505473  -0.008181312907778767   0.000297599681018079  0.0005863400403353304  2.665946975833395e-06
                  55000  -0.003058666989673236   0.002551339504762665  0.0002123708507064372  0.0004142478485663749      1.711878314694825
                  55000  -0.006667781529417589   0.007251921575976263  0.0002955060875051829  0.0005870356469722114  5.216369332572299e-07
                  55000  -0.007797157149182201   0.004019899445271508  0.0002265004152299085  0.0003881540164166808     0.4301302494858569
                  55000  -0.007757096451041188   0.001259872166474429  0.0002264484712510973  0.0004393436322431551      45.04643524905597
                  55000  -0.006125271295291751      0.005241667425814  0.0002292644674065539  0.0004434614913114011      1.137138409280646
                  55000    -0.0053429853082875  -0.008640469279780084  0.0002322737861542552  0.0004579980065206284   5.58689128463239e-05
                  55000  -0.005361225879722904  -0.001226555017512303  0.0002342024767908547  0.0004735731539630214      1402.824794730985
                  55000  -0.007219937694516772    0.00219047219298022  0.0002317367278594484  0.0004745612629366589      205.4476593074272
                  55000  -0.008301738698094396   0.001594099658111439  0.0002136709910260995   0.000422070792842708     0.4839480475215968
                  55000  -0.003134878279115114   -0.00634955248396779  0.0002348296855614949  0.0004635545407402243  0.0002707102873412084
                  55000  -0.004257280720526238  -0.002070154143054571  0.0002279566299926603  0.0004486221274665765      50.74336243508127
                  55000  -0.005708582485591465   0.006086547431186499  0.0002245877265674958  0.0004327727535171837     0.3222976270735585
                  55000  -0.005947839847721564   0.004144567720241736  0.0002370241535795228  0.0004583874266232253      34.53938833136034
                  55000  -0.006819787726056737  -0.003040242318712192  0.0002336312746900131   0.000473449556611328      196.1844222332013
                  55000  -0.007032103408568096  -0.004946582564966859  0.0002210379875035621  0.0004732762151996894      2.788253884252299
                  55000  -0.007465470759661135    0.00451287207169736  0.0002262696356288929   0.000416696616647019     0.2473192047175005
                  55000  -0.006614487230491627   0.003671103044323451  0.0002145655642018771   0.000454060023331371      54.82634816263302
                  55000  -0.007807401291261735   0.003349190092755354  0.0002196821197364329  0.0004274644185418391      1.917303892703635
                  55000  -0.006394308518613526   0.001203513327728373  0.0002488021171341466  0.0004737461984608783      2949.841900760894
                  55000  -0.005306964792486285    0.00367398520673648   0.000228858605613125  0.0004462131954901477       29.8564656119206
                  55000  -0.006009494342098471   0.001680692964010577  0.0002293742369615761  0.0004497008148915141      1693.516702741143
                  55000  -0.003191509772103941 -0.0001408314947468797   0.000225777143678532  0.0004432817199342108      2.680732440118072
                  55000  -0.004929231335492686  -0.003708680836565274  0.0002253863357499315  0.0004469431423251482      28.88687417467219
                  55000  -0.003368780674335486  -0.001856590710620588  0.0002114861108773341   0.000424516709247495      2.769398965570495
                  55000  -0.006731032359667257  0.0005796828324972824  0.0002401019505608532  0.0004724802964484148        2601.4913240363
                  55000  -0.006929159434775931   0.005251688315480385  0.0002219533996839119  0.0004288901092077191     0.2779542451088239
                  55000  -0.006354223958197648  4.247460608111635e-05  0.0002190751723724956  0.0004693792212674419      3181.005562385039
                  55000  -0.003543270638728059   0.004511471576980697  0.0002636053064157113  0.0004874534964749188     0.1884999834992236
                  55000  -0.002310217918542293 -0.0002021687234833343  0.0002183278788388072  0.0004799187136861911     0.3551379090692385
                  55000  -0.002683235812654787  -0.001627510793604138  0.0002223031246073096  0.0004357840718525796     0.9690157708052836
                  55000   -0.00557392153324863   0.001226522228941501  0.0002337492683750058   0.000449640683774444      1225.087607860769
                  55000  -0.005593988481346132   -0.00210424726639425  0.0002287727885463373  0.0004475224730986865      775.2409612727926
                  55000   -0.00565484848071298   0.002762170542919608  0.0002306171269987144  0.0004609679762240054      292.8372926446229
                  55000  -0.006538998233418862 -0.0004841407911611163   0.000226385131077401  0.0004437536496623117      3421.938815662608
                  55000  -0.007168543085421811  -0.001508019883421837  0.0002478335017104225  0.0004994952671010443      542.4039867625612
                  55000    -0.0051099616085874  -0.002708963125835923  0.0002384329980482887  0.0004768354245566228      172.7656745863594
                  55000  -0.009140713420705757  -0.005101738981716357  0.0002479991935215771   0.000490544517624101  0.0001332014079817128
                  55000  -0.006740074466720838   0.001846129086551385  0.0002239209123068085  0.0004625593161742825      895.1663647363273
                  55000  -0.003454723119429989  0.0004465249169694913  0.0002267333148093411  0.0004378592366912028      21.91807363526705
                  55000  -0.005083665853645045 -0.0003136169602652621  0.0002466715826118872   0.000460449766226721      1514.620000207537
                  55000  -0.008821603017604993   0.001492644059727516  0.0002400383245769371  0.0005368859788566526    0.03123599542692256
                  55000  -0.006893017272004684   0.003137980702574708  0.0002381990379231962   0.000498446697657055      111.1685405052944
                  55000  -0.006536820310826315    0.00267161401857291  0.0002265346971922867  0.0004713162269959984      457.2183722341702
                  55000  -0.008802371332328552  -0.001711381467854771  0.0002256123625157528   0.000450286521072718    0.04579502710543095
                  55000  -0.004037555209160571   0.002261261639534389  0.0002532400326043476  0.0004487331365981948      16.35356120661928
                  55000  -0.003674556231835464   -0.00565375028933089  0.0002734947062607429   0.000543130669312334  0.0002445740809414182
                  55000  -0.002813315798483397  0.0008989001646355231  0.0002308901397464177  0.0004507260453564215      3.936946627145788
                  55000  -0.006333502723490246   0.008863370328389752  0.0002178337305552444   0.000431953700233678  2.207886017876316e-05
                  55000  -0.008257178995106286  -0.002071043270581244   0.000219386563886288  0.0004835907585191207      4.745091523545748
                  55000  -0.007685304657500044   0.002132529151838582  0.0002239424513824762   0.000427247093795959      23.51685318522694
                  55000   -0.00261891496444275   0.002495568314524635  0.0002287351070956571  0.0004536945719177441      1.436372105327089
                  55000  -0.007751219014616176  -0.005483925638568869  0.0002371602107774604  0.0005139625016155864    0.07023434382720495
                  55000  -0.007681678954444248  -0.001525410174323095  0.0002533784980052184  0.0004542921442364741      161.0017664637628
                  55000  -0.003118139408883425  -0.001447162835284713  0.0002388708963163029   0.000461054675844697      2.964219970597809
                  55000  -0.007172459395080425  0.0009137634346716694  0.0002257566545100955  0.0004670195460290551      1091.993382859673
                  55000    -0.0073582002199628   0.003649811553291877  0.0002320261431041141  0.0004422683321898284      7.304431064473693
                  55000  -0.008454347071118289  -0.001671392031837368  0.0001974231985281397  0.0003843186466486439     0.5604210514555789
                  55000  -0.002525868260799725   0.003385930746789779    0.00023082689406215   0.000415806997663649     0.1467453870626003
                  55000  -0.003932143094789028   0.003696030119656556  0.0002310031603325134  0.0004463357795725441      2.747765712251141
                  55000  -0.007406115452172007   0.001627189174505011  0.0002299311783523359  0.0004259763268363268      94.75113832943495
                  55000  -0.003561460635632095  -0.007375068787920254  0.0002500711533006549  0.0004440473571906777   8.60691210583744e-05
                  55000  -0.007355353300143637  -0.003150477072377903  0.0002192999870777687  0.0004204048471162059       39.1554234007226
                  55000  -0.007312776062950225 -0.0007417475095647229  0.0002236312229928532  0.0004647679135561698      460.3784836915137
                  55000  -0.006541892402058378  -0.001222420462344558  0.0002337472108159243   0.000447783387669348      1875.154847928432
                  55000  -0.007352836432472492   0.005730637762648232  0.0002384151294725552  0.0005027211248128559     0.0180246369244726
                  55000   -0.00400129412500882  -0.002476910615556713  0.0002244636734973233  0.0004578996454967252      12.61822693005762
                  55000  -0.007348419712593874  -0.004854891391373965  0.0002439099174982303  0.0004986946939817858      2.066087228921957
                  55000  -0.002286090790649246   0.002645311133714876  0.0002388459664488368  0.0004333911161789511      0.183339548908434
                  55000   -0.00626588137493112  -0.004577408564001967  0.0002338201872867093  0.0004560559221445498      15.98869984802452
                  55000  -0.004012399344000855   0.009071840890795225  0.0002507492231469026  0.0005067257367013746  2.644521874607504e-06
                  55000  -0.004399795016526123   0.002200844907803808  0.0002326409950976068  0.0004599004742412821       56.0205641267417
                  55000  -0.006917230857685313 -0.0008847861821152392  0.0002321555038391584  0.0004573702695462745         2295.768413305
                  55000  -0.006289004299788105  -0.002834248788001681  0.0002324963613333296  0.0004395192592676901       304.585032242378
                  55000  -0.008003690786640072  -0.001094487359681197  0.0002516250825487263  0.0004487631656333435      29.79773142214052
                  55000  -0.005297480214171002   0.002198777961041799  0.0002287339953908228  0.0004587676967941924      394.4377422198464
                  55000  -0.006876066135932564  -0.006680041820022899  0.0002020303193617647  0.0004009731565059185    0.04433022849968309
                  55000  -0.005475723912487713   0.008234370898990649  0.0002463453674849265  0.0005018118824899495  1.395208146369541e-05
                  55000  -0.005931074742500299   0.006634052249776419  0.0002141012442094001   0.000446773335374724     0.1164617641224687
                  55000  -0.006002863402672506  -0.006545568441360981  0.0002498703633558292  0.0004793527187831295    0.02641898248515266
                  55000  -0.004117718072013391   0.001602335164151369  0.0002440888028638644   0.000423842207723803      50.38464984448033
                  55000   -0.00484151277429503   0.007150685853017315  0.0002460254176807998  0.0005016361259262979  0.0001073297108468853
                  55000   -0.00622830635924209   0.003171008450704824  0.0002392535099837004   0.000423198921324732      220.3930248470201
                  55000  -0.004079675152235025  -0.004838437814975146  0.0002197889704083289  0.0004149341932851409     0.1406861390568981
                  55000  -0.004204796063261363 -0.0004295723477856275  0.0002412352566521722  0.0004503949250609928      169.1989535918996
                  55000  -0.005504641066172681  -0.003721208702293373  0.0002208623562525755   0.000452151446082278      39.92330534673441
                  55000  -0.003409335192892999   0.001871664808743319  0.0002167068400504199  0.0004807864998383751      9.049000598974642
                  55000  -0.008831363788372201  -0.004205016379520164  0.0002087382284252172  0.0004119010196540989   0.002859181045218448
                  55000  -0.007642840745252181  0.0005733116864913739  0.0002243184665446078  0.0004203744196879274      84.20846116507651
                  55000  -0.007601915783008933  -0.002512289323790533  0.0002132652817901986  0.0004347294326798022      59.88470436946952
                  55000  -0.003369320896755402  -0.002937445657277309  0.0002357425722678478  0.0004127473784708643      0.767690488495801
                  55000  -0.006276142291830046  -0.002309021770730757  0.0002254213231812206  0.0004428048343897026      597.7530919350024
                  55000  -0.003805810270420713 -0.0006769988475721599  0.0002182305876137734  0.0004125094133294078      21.93033204697659
                  55000  -0.004658579426065557   0.005294730426740251   0.000228064363050398  0.0004282995693458179     0.2891242952869822
                  55000   -0.00968883566192375  0.0005470939397760126  0.0002409490620713949  0.0004899045256732019  0.0001698345333501248
                  55000   -0.00749486653886246    0.00247351990555071  0.0002174706824055545  0.0004337781635479563      26.62685729279881
                  55000  -0.006891220329579904  -0.002239497255344959  0.0002272127567090281   0.000426243339910471      632.4109688012113
                  55000  -0.008758410630680809    0.00614522109011549  0.0002392340278644237  0.0004871375922302126  9.485598403703741e-07
                  55000  -0.006764408254070057   0.004547725875875996  0.0002121054375830743  0.0004484171043902912       4.51311319214694
                  55000  -0.005380293255239433   0.005202044272427829  0.0002286887807283253  0.0004203319569803317     0.9007365762986083
                  55000  -0.004946533407007608  -0.001133666773111167  0.0002348723583550377  0.0004487795341621229      526.8082233396682
                  55000  -0.005276565127268265  -0.006213535621219853  0.0002373338280300238  0.0004834811156725401   0.006515465548227879
                  55000  -0.003778961526817087   -0.00458088386507128  0.0002329013645295839  0.0005086494345988409    0.04844457282992538
                  55000  -0.004679005925532747  -0.004618798075055158  0.0002127535935713472   0.000415249406010159      0.996352134331019
                  55000  -0.005536840234598899  -0.005879904169785541  0.0002271141543331031  0.0004805228696283918     0.1667601138583921
                  55000  -0.006442438530350431   0.005380637194774592  0.0002117388615498854  0.0004536399907574149     0.5013582149386815
                  55000  -0.005349651796106923  -0.004785105930506603  0.0002370675744108833  0.0004449288859693691      2.813180440891337
                  55000  -0.004062762882834452  -0.005633770395260315  0.0002386494694675434  0.0004793322800485127     0.0280548741401868
                  55000  -0.008089911224752475  -0.004630097977475186  0.0002336358209212639  0.0005066182875367385    0.07466999461157443
                  55000    -0.0068165114241963  -0.005704182969157505  0.0002294579961603914  0.0004600829174056781     0.6253554731120049
                  55000  -0.003853770499151168  0.0006663255971388894  0.0002363994293426667  0.0004260248374435392      55.18546835856495
                  55000  -0.007192625573326688  -0.003599766253769259   0.000217919831261367   0.000420997422013637      9.425549243700544
                  55000  -0.003205683280755837   0.001527600158236092  0.0002316740760248108  0.0004240051425866483      3.823931364390195
                  55000  -0.006550591441394525   -0.00749597829077178  0.0002337397106920987  0.0004756798415576308   0.001683919619288102
                  55000  -0.003111508838269583   0.005128189540915039  0.0002292952926291618   0.000466313280403371    0.02420880422659503
                  55000  -0.006144696650812999   0.006239310917110419  0.0002269515487102114  0.0004463461297524875     0.5762201330344693
                  55000  -0.003428652481904714   0.003280892174769004  0.0002046262746527678  0.0004245654739306174     0.9975546329242955
                  55000  -0.004011756675071228   0.001068817322032201  0.0002244701087224615  0.0004279254907628746      33.90366942325928
                  55000  -0.007061268971068388    0.00156990253632709  0.0002288403573887775  0.0004336937521022165      482.6593965227609
                  55000  -0.004730962663441088    -0.0018816640376737  0.0002401148738900678  0.0004521473924329767      217.1548334991177
                  55000  -0.003060636945986276   0.001965005295780324  0.0002167003125606768  0.0004114354824823685      4.027383900331921
                  55000  -0.008549031546653393   0.001846887623200315  0.0002307883199417994  0.0004453951653543177    0.09089238327349679
                  55000  -0.005755145589618415  -0.001457647173859253  0.0002242698635529707   0.000443725295916912      1572.330735143096
                  55000   -0.00314005497649499  -0.003649096127164085    0.00021474119127657  0.0004199006220637135     0.1182632146809217
                  55000  -0.003223152624058717  -0.002422799646086803  0.0002094787864333133  0.0004227636641080064     0.8360632369098329
                  55000  -0.004325139263276035   0.006239589559669549  0.0002128232792331715  0.0004175123736447574    0.03148444785183389
                  55000  -0.004879039062025941   0.003954258571840111  0.0002192987144428412  0.0004538891015721971      8.633413593790483
                  55000  -0.003879843338792445   0.002956089980071774   0.000216435619484403  0.0004352751956817263      6.469085545570102
                  55000  -0.008312607449891421    0.00011503894893493   0.000201719207103109  0.0004394716629261588       6.27252938694442
                  55000  -0.005760461558522213   0.005350682811205335  0.0002115076002579339  0.0004418843573967798       1.71594137520749
                  55000  -0.007113286752006611  -0.007100359972040622  0.0002286901882597124  0.0004564776070973407   0.002977319151397892
                  55000  -0.006297551271866363   0.006864017657656164  0.0002241288245777778  0.0004284741709682096    0.06772750731954141
                  55000  -0.006535767165208377  -0.002513337835758845    0.00021447548192269  0.0004196751125188028      577.9972243291606
                  55000   -0.00933798718893392  0.0002427533535185991  0.0002269979380317109  0.0004517884987899657  0.0009424006248998321
                  55000  -0.002580570001942569   0.006959418278057677   0.000214484105231749   0.000430095809574707  4.898174532592623e-05
                  55000  -0.004596345040426012 -1.018255907745995e-05  0.0002200696757135191  0.0004298442662488439      288.6365332551695
                  55000  -0.002313355547349039    0.00138509584765689  0.0002327272317192981  0.0004434826898454087    0.09858576601426824
                  55000  -0.006592359082394084  -0.006968348703983791  0.0002327610059526994  0.0004499185817220376    0.01947106413392266
                  55000  -0.006015579667604598 -0.0002994540834829423  0.0002274311934000079  0.0004201709391766704      2615.373893325024
                  55000  -0.005006162683849228  0.0003334055310731612  0.0002263426727554859  0.0004235014084754812      551.9631283766704
                  55000  -0.008536038679173257  -0.004718366441903122  0.0002194680643517313  0.0004032143194275155    0.01176863407700376
                  55000  -0.007469202371682364 -0.0001778531242851271  0.0002232295380341385  0.0004269607184446561      206.7464152041306
                  55000  -0.003456173969656198   -0.00240247839462783  0.0002172335990665727  0.0004415928869587725     0.7413756506028646
                  55000  -0.001941028970007642  0.0008193435188617187  0.0002223486594577372   0.000423408572322795    0.06344184478537659
                  55000   -0.00249390206211963   0.005558543699617898  0.0002232709631381709  0.0004435387029721404  0.0004737540959758994
                  55000   -0.00649310733771058  -0.001821327256176293  0.0002079594590162155  0.0004170722119873026      857.3915915206563
                  55000  -0.004908913940204418   0.005744153142530178  0.0002040990467080059  0.0004437299710180169     0.2183824249217751
                  55000  -0.003868888290615582   0.005489495283525833  0.0002112100580722069  0.0004118428551633501    0.07638289622936677
                  55000  -0.006318879537464889   0.003760216321382153   0.000212568610038234  0.0004201378620555863      17.29720352113696
                  55000  -0.005951200293929445  -0.007273565652074539  0.0002201834181330612  0.0004397234501493086   0.006787887726625965
                  55000  -0.004547484793789927   0.003242568556772107  0.0002228455723708186  0.0004309858071083113      32.27580059847151
                  55000  -0.006859185068624356   0.006041956476116951  0.0002033832866518715  0.0004347088630063421     0.0614533767013223
                  55000   -0.00329071071540144   0.006519930738065277   0.000219029167760836  0.0004373495303921157  0.0006410860969562808
                  55000  -0.006363223093244191  -0.003554474432234283  0.0002129914856701288  0.0004231623355714019      31.81569322304742
                  55000   -0.00639522231502339   0.004676882144807371  0.0002146511815134491  0.0004041862321375173      7.198826165310791
                  55000  -0.003297012641414857  0.0009082267407976944  0.0002254754737408697  0.0004283966214468874      12.13290399922602
                  55000  -0.002830336591621123   0.004687877550670989  0.0002119687043374125  0.0004231956164485078    0.01647914914825202
                  55000  -0.004739339331775351  -0.002556803818445687  0.0002292768215304093  0.0004225679400842839      69.35249373784937
                  55000    -0.0104645577926925  -0.001786747730968948  0.0002176551692445104  0.0004332894902755504  9.541841526994523e-07
                  55000  -0.004058134451223702  -0.001158255633267096  0.0002083356256467591  0.0004336121876476817      49.79437188527737
                  55000  -0.008663494275033238  -0.001217199977081329  0.0002162541213267859  0.0004315141893781691     0.1205060203102258
                  55000  -0.004581686549538516   0.004163389778662642  0.0001993624154445703  0.0004201314765795734      2.852037777676022
                  55000  -0.005208674860243525   0.001462157397276562  0.0002041894024235678  0.0004139629888735939       228.726244261085
                  55000  -0.006823832234819906   0.001173938410523658   0.000231135400150001  0.0004203591014406074      1263.944090290074
                  55000  -0.007673651525684602   -0.00328609308079996  0.0002096124529607388  0.0004380731304665031      12.77778831420144
                  55000  -0.005054457607589095   0.008780154297284336  0.0002139212303485198  0.0004275223345957913   1.14220524919668e-05
                  55000  -0.007585668329523354 -0.0008177774423030536  0.0002178612441646733  0.0004372407319768338      223.6629429875755
                  55000  -0.006909217515259638   0.002399416363756065  0.0002067368718140173  0.0004393650823372181      231.1224792690592
                  55000  -0.004775977791988189   0.002607239060958939  0.0002183774603863727  0.0004421845971814984      85.24211588685108
                  55000  -0.004165542701846861   0.004147893345854842   0.000207839689601169  0.0004462016504937552       1.19175211068368
                  55000   -0.00501095552743067   0.001003295099569022  0.0002199217629527649  0.0004395834464269192       515.154828369127
                  55000  -0.008034281430135794  0.0004437525296680043  0.0002208649480722335  0.0004214937809490806      21.67470879464043
                  55000  -0.008402578995104425 -0.0008211373430490184  0.0002074039536075697  0.0004360257392177317      2.039876194214749
                  55000  -0.003000949197991695    0.00317209231810452  0.0001998105956595371  0.0004275932731923644     0.2540348643351495
                  55000  -0.004233604002396627   0.002826417361691097  0.0002091799504029624  0.0003970640038601132      15.83490532774111
                  55000  -0.008171583635979272   0.004444154153557351  0.0002120110378581035  0.0004200014781221813    0.01103338008331833
                  55000  -0.008026884746741835  -0.003031795505825741  0.0002221576375162734  0.0004019270705315689      1.550300973286031
                  55000  -0.006775601264256402  -0.003774909013430387  0.0002212025603190946  0.0004175417960540502      23.00224819057497
                  55000  -0.003164801764208213   0.003823686506251858  0.0002059078243729084  0.0004212068681333423     0.6899884589857784
                  55000  -0.002128685158835098  -0.002006160537197868  0.0002115044245724495  0.0004185930651299365    0.03685157177134758
                  55000  -0.003718373056578209   0.002056068623459881  0.0002159474421515627   0.000418578599649885      17.15908349629891
                  55000  -0.008430406589137733  -0.003672782490260899  0.0002151924063655576  0.0004095825412724817    0.09490315732284152
                  55000  -0.002608562156284919   -0.00029011736727864  0.0002091008212760957   0.000407765676738294     0.7177053122473513
                  55000  -0.003545123544477241   0.007740320381572362  0.0002108454853339152  0.0004172525681639498   2.83286775747012e-05
                  55000  -0.003652035303562595  -0.003900187510579337  0.0002084153569981407  0.0004037220975485501     0.3628310491267163
                  55000  -0.004611573043643594  -0.003266199910658286  0.0002045176112668009  0.0004040117812935181      4.836434576059825
                  55000  -0.003259652396307303   0.004622686956205956  0.0001997029512065999  0.0004182904680117128    0.07837984118337578
                  55000  -0.002642393038535462   0.003880414035644324   0.000212498446150907  0.0004428489512392526    0.07432713055700924
                  55000  -0.007620883184148088  -0.004568819676051433  0.0002109511049170547  0.0004037354761013062       1.32647569448047
                  55000  -0.002170285706536456   0.004943484283195084  0.0002104674078256482  0.0004159795133502598   0.001702179894611856
                  55000  -0.002154521550742765   0.004178444450158052  0.0002213205348969449  0.0004315410650846125    0.01309151444594981
                  55000  -0.004398230599172825  -0.003659037738231466  0.0002116126383011648  0.0004077793137789494     0.9049403405598814
                  55000  -0.002446297346575955  -0.002733067726447646  0.0002105624661756371  0.0004147715027214228    0.02077054240980124
                  55000  -0.003532310791206924  -0.004332168452951226  0.0002091547204693483  0.0004123282851939196    0.07232082784481465
                  55000  -0.002020813745706881   0.001992478540278393  0.0002097027154572847  0.0004079878434154933     0.1032457196057698
                  55000  -0.007871514941232859  -0.002152279701936019  0.0002024321964428918  0.0003880803692259185      17.10079076910805
                  55000  -0.008329023748289383  -0.007165150253707546  0.0002098116834526505  0.0004124635253347815  1.964099098250087e-05
                  55000  -0.007139574476840702    0.00420334082182616  0.0002077997665707726  0.0003845672413348198      1.699229692915723
                  55000  -0.003147009003286978  -0.008683427339697937  0.0002094310366460682  0.0004118798851753857  3.775263829428404e-06
                  55000  -0.003647832785753072  -0.001952890035606004   0.000209949991603481  0.0003947199065634744      4.190086958871081
                  55000  -0.002211712721516221  -0.002572544575832539  0.0002084047368752275  0.0004099410584756534    0.03630133508038223
                  55000    -0.0105838335543002 -0.0002630045333477329  0.0002085340037249377  0.0004098391855694261  1.357757920041686e-06
                  55000  -0.005680127381007238  0.0004789430537966189  0.0002133475543061845   0.000422103389059265      809.2370363078986
                  55000  -0.005214866891790321   0.008023234401501891  0.0002083473131171336  0.0004093837269412342  0.0001335948666478227
                  55000  -0.004462256239199304   0.007657672152042971  0.0002081441650551878  0.0004094242840739838  0.0001801546392996473
                  55000  -0.002379424683294026   0.001965592256153919  0.0002080777222566224  0.0004089836243553976    0.06135721751684106
                  55000  -0.007169628354925883  -0.002786635844810824  0.0002047298678197627  0.0004119115954985973      49.89880065695063
                  55000   -0.00866957064770053  -0.005549670432403799  0.0002082201173934135  0.0004076576028672551   0.001266646171838178
                  55000  -0.005169167450278196  -0.004437904325923146     0.0002149452332275  0.0004066300903622225      1.288009405100132
                  55000  -0.007312358735314437   0.002736626372003432  0.0002083149685089126  0.0004047725793853125      32.51551863122442
                  55000  -0.005331737120125175   0.003039273738965248  0.0002107718109042027  0.0004057299209852543      63.04510091238886
                  55000  -0.005430638339148671   0.004223138702763155  0.0002188401867927679  0.0004051471395894421      5.359010164774356
                  55000  -0.008922691981270681  0.0004558331300452336  0.0002074464091903379  0.0004058701153950526    0.01123368904828234
                  55000  -0.008931283146987422   -0.00123604939283261   0.000204297140053052  0.0004000242985257688    0.07875966165713444
                  55000  -0.006235440297245032   0.002559003440039489  0.0002040141066685348  0.0004085129469398073      138.8767110796236
                  55000  -0.002413832653188009  -0.003150438211586139  0.0002061998610224065  0.0004036235693558383    0.01991912479815346
                  55000  -0.003276009160071111  -0.004594015048711352  0.0002092221768758011  0.0004174618711624433    0.03692211700781278
                  55000  -0.003009279794732931  -0.006870549605323488   0.000205990189470597  0.0004023908915257199  0.0001959891920581801
                  55000  -0.003412701050502078 -0.0009477763345375963  0.0002003751400212445  0.0004167821900176127      7.829669129851749
                  55000  -0.005239857364825439   -0.00570900776755016  0.0002049954634659068  0.0004007022081448871    0.08414318528798186
                  55000  -0.005137266043409939    0.00550620026814771  0.0002095361238818265  0.0003873147386034813     0.2846867632866277
                  55000   -0.00700183560318046  -0.006043164186621219  0.0002049572571640621  0.0004005885756036444    0.06268221587948151
                  55000   -0.00451692800598143   0.006782433102711529  0.0002046324306897275  0.0004006334337748171   0.003342076547628382
                  55000  -0.008600520024901212   0.002476801010102893   0.000204441190388886  0.0004003872557593783    0.01936761103329026
                  55000  -0.005906323887053272  -0.004512245826632034   0.000214325953174736  0.0004269793040701133      6.922966499451965
                  55000  -0.003776610439843326   0.005118862478370724  0.0002038219996899116  0.0003996682903310553    0.05285588246506227
                  55000  -0.004989624526533042  -0.005004535593556079  0.0001956706201372452  0.0003925467272480461      0.668730767624843
                  55000  -0.002450559107723082   0.004811214237161866  0.0002034416698888526  0.0003993859004565052   0.005642522295763753
                  55000  -0.002682721773078208  -0.002674839877261913  0.0002131552731321131  0.0003841465378882932     0.2153280371713886
                  55000   -0.00642324844110435   0.006360167576863069  0.0002032854236142432  0.0003984425715110305     0.1185032158520577
                  55000  -0.007006124057950042   0.008766721222349746  0.0002025259694630316  0.0003976934574188952  2.246692108946874e-06
                  55000   -0.00695432681410808   0.003919630041084581  0.0002000251424300535  0.0004377069670123698      8.014690204589947
                  55000  -0.002739152062884235  -0.004244985599639336  0.0001965924506292667  0.0003968919437275592   0.008808372560676255
                  55000  -0.006981150774940752  -0.004045526389774656  0.0002013774726201809   0.000395890783132204      2.026232446224764
                  55000  -0.005484898036388721    0.00764433676610124  0.0002012877311574003   0.000396068684491821   0.002061306036047941
                  55000  -0.001922778170746324  -0.004020770674009228   0.000201124361222376  0.0003954999342707007    0.01516998976804105
                  55000     -0.010152839361495  -0.002652251248643844  0.0002007319277032968  0.0003955345471297841  1.405098466123952e-06
                  55000  -0.003542460681703098   0.006246622582796348  0.0001994297717358421   0.000398477588255447   0.008006055104976963
                  55000  -0.005753870278191286  -0.003202016728630202  0.0001983445198563778  0.0003852159766097045      30.41259353816881
                  55000  -0.003564457228134735  -0.004922607759421545  0.0001943231017261173  0.0003796294223612382    0.04239063796626043
                  55000  -0.006715176446301014  -0.009324342481553222  0.0002000622956963476   0.000394575693489822  2.257853695650943e-05
                  55000  -0.005342630433983133   0.006010244255221306  0.0001995424684828163  0.0003944568565104559    0.03813817119918236
                  55000  -0.006506968955879851  -0.005096794219077281  0.0001987268517580465  0.0003875764554487792      1.534608967874083
                  55000  -0.003374745699569515  -0.003769281327712366  0.0001989418659861157  0.0003925848021542183    0.06919496454315177
                  55000    -0.0055472261831899   0.004742241807542883  0.0001987095079162823  0.0003920154583172546     0.5325176402759354
                  55000  -0.008241774107788875   0.002366925840920091  0.0001980730271129427  0.0004002959640732435     0.3556099190437426
                  55000  -0.004751688423258745  -0.006846596609838738  0.0002036818576168223  0.0003947892647448347    0.00379682535354136
                  55000   -0.00367412382499683  0.0001572254379210601  0.0001950719074391703  0.0003861883886226743      10.02746107003302
                  55000  -0.007486392296423117    0.00103792615032053  0.0001978740660035898  0.0004107460624421699      65.62865634020436
                  55000  -0.002947969435490008 -0.0004517728927464636   0.000197641419255779   0.000389061685533263     0.2798457671234491
                  55000  -0.007048632955105941   0.004568950983963159  0.0001976871758230187  0.0003882944383921971     0.4973346162593781
                  55000  -0.002924036086102145    0.00425280022224631  0.0001920637003885059  0.0003725670500318507    0.07939327135957235
                  55000  -0.002206301459058919 -0.0008483364523757443  0.0002055423956764671  0.0004228936307136217     0.1675084830885064
                  55000  -0.002543285797634915  -0.001051773604574468  0.0002041067252948023  0.0003843489563314681     0.2941541059178902
                  55000  -0.002528467023661457   0.000961885062640791  0.0001973637384120866  0.0003871753446733348     0.1951459583047209
                  55000  -0.004924968501748615    0.00479349077334336  0.0001941501502914873  0.0003889846203776335     0.4282834843526583
                  55000  -0.009917971223785954   0.001047706255794655  0.0002101975182019216  0.0003793060407276833  0.0003144493393063664
                  55000  -0.004256919931168415   -0.00820316862244033  0.0001962175600033625  0.0003849202423041336  7.815635617436477e-06
                  55000  -0.002733117342162912   0.006421057492312188  0.0001960646900103385  0.0003846423228885881  0.0002509476538283957
                  55000  -0.007658585100593986  -0.002115705893719011  0.0001960268424444688  0.0003845933817669532      6.610694977682493
                  55000  -0.002105561305234293 -9.633002069657567e-05   0.000196123043105798  0.0003845201862496092     0.0491435011123403
                  55000  -0.007214435451254599  -0.004042352640943524  0.0001951384999359311  0.0003792876064733976      2.609275875631963
                  55000  -0.004248449907577341   0.005870396808527569  0.0001958893366165982  0.0003843366241371607    0.03635338915883496
                  55000  -0.004473508230855343  -0.002825122109044817  0.0001957612463930795  0.0003841914140577724      2.403639449288436
                  55000  -0.002061641215910047   0.001533807249523528  0.0001959575212964143  0.0003831814937380448    0.03678829147328502
                  55000  -0.004678458065727946    0.00615137258184814  0.0001958309389064721  0.0003826700308578315    0.02235497366061333
                  55000  -0.002445519690939383  -0.001861085933684434  0.0001958723083525496  0.0003821846373096082     0.0901068507934033
                  55000  -0.006042423130589693  -0.003916069324255303  0.0002087710885792737    0.00039294164541874      24.90888933604845
                  55000   -0.00438907680269464   -0.00534835274666665  0.0001955628057903136  0.0003817754441339103    0.03945528704404758
                  55000  -0.002029854633485871   0.002725209680029116  0.0001957238935315658  0.0003814430075721592    0.04163853295435695
                  55000  -0.005077667787146552   0.002534276689110761  0.0002024933262611111  0.0003726125062323378       62.1221298209354
                  55000  -0.008079047149578621 -0.0001279671660432254  0.0001934991041099252  0.0003997236990047003      8.566712230225075
                  55000  -0.008410938440608211   0.005762307909085669  0.0001946183511366471  0.0003785957252914868  7.181018347966441e-05
                  55000  -0.008047175276197787   0.002517277026767512  0.0001946290414991803  0.0003951946993033651      1.015644017198379
                  55000  -0.007606743187920047   0.002951711034707379  0.0002167268946727399  0.0003743599619983325      7.243242053986215
                  55000  -0.008005080953567638   0.002923810376633028  0.0001943286556571994  0.0003780599931058618     0.3655232495635241
                  55000  -0.007185594662273294  -0.006252860535090062  0.0001936236402917126  0.0003774034476950104    0.03797814643041622
                  55000  -0.004145878780449449   0.006516190981416643  0.0001935427897134658  0.0003763053399669406   0.007005436158636709
                  55000  -0.001879794171904287 -0.0008601288824812028  0.0001931663998326232  0.0003755130708580322    0.03724527740979083
                  55000  -0.007840896872572245  -0.003989986806344994  0.0001932199688454283  0.0003754531659285834     0.3893292663533722
                  55000  -0.004384898042793054   0.008212110410218347  0.0001928446873333077   0.000375056367914742  0.0001048718052436939
                  55000  -0.007047695354216042   0.005652042633124096  0.0001928406248419615  0.0003749661094398824    0.05191552531207828
                  55000  -0.007198789711589333   0.003283501993307125  0.0001990409471635833  0.0003786995690895197      7.202285007377787
                  55000  -0.002912210905878862   0.001378512575112569  0.0002042110892998952  0.0003728926991970988     0.9963431946389982
                  55000   -0.00598753924276954   0.004849448435615372  0.0001924875833065023  0.0003741757156569994     0.7057544590106691
                  55000  -0.005082379611497064   0.007266631238996088  0.0001924098580964392  0.0003742064014007982   0.000949486143489806
                  55000   -0.00682222565480931  -0.005201390095574148  0.0001923353757373402  0.0003742012601812854     0.5114236321429911
                  55000  -0.004968025357246016  -0.004184859865551959  0.0001922982896830433  0.0003738323595720665      1.209779076877784
                  55000   -0.00621647086449216  -0.005231435091108751  0.0001942430694456157  0.0003849247290043108      1.155359969898874
                  55000  -0.007817851703009308   -0.00289524661348432  0.0001921123030327605  0.0003734279015594135      2.272859913159011
                  55000  -0.007977695108424254  -0.001737914579137555  0.0002038529417876916  0.0003768665192251169      7.573347874852582
                  55000  -0.008947504590069513  -0.003467848756794709  0.0001916429833853185  0.0003720912450682888    0.00367296883703171
                  55000  -0.003073096071823551  -0.003001492531725547   0.000191717758450997  0.0003710073250872454    0.09116591035179382
                  55000  -0.009315976831388051   0.003888839122862909   0.000191706615941227  0.0003708275026232513  3.565076101967086e-05
                  55000  -0.005629396552010072   0.003868506502424712  0.0001948442168660912  0.0003906276870205585      6.180064931271392
                  55000  -0.008050213564259103   0.001258152857405557  0.0002130867592582209  0.0003731249417119238      4.175484483817064
                  55000  -0.006344129459596135  0.0006846345888136824  0.0001907815007267969  0.0003699402654335214      75.21276471691945
                  55000  -0.002466268160578599   0.002970114224982679  0.0001906615182285941  0.0003694755412192407     0.1055018448729598
                  55000  -0.008023238228435389   0.001892120985964205  0.0001906695793942382  0.0003694459117597662       1.08127234329489
                  55000  -0.002776981886841609  -0.003258938897478264  0.0001906597494926579  0.0003689954165251664    0.02830068706199875
                  55000  -0.003839092419843815   0.004382944093672832  0.0001891255954449434  0.0003723624288961318     0.3216641065944525
                  55000  -0.008247824547108396   0.005529365651898354  0.0001901139325679201  0.0003681653284937361  0.0004189367947294207
                  55000   -0.01095127289785247 -0.0006174380867229397  0.0001901954863848865  0.0003680953801474374  2.032711244730451e-06
                  55000  -0.005761388734254968 -9.974060448014606e-05  0.0001890814961565876  0.0003961625724151458      153.8466789556413
                  55000  -0.007578100361995083  -0.007397386945217033   0.000189646276220104  0.0003668808347742668  0.0003843294131827415
                  55000  -0.006184729235235548   0.004212923268839396  0.0001896305349554346  0.0003669697594474884      2.069998003762864
                  55000    -0.0054170441849518   0.006459196786241802  0.0001894170820512458  0.0003668944706852017    0.02983439689284665
                  55000  -0.003014505824996145 -0.0009754686058880588  0.0001891362761891985  0.0003664019964441615     0.3584992837080256
                  55000  -0.007422349524249455  -0.001313025749916082  0.0001889811407515026  0.0003658580120529065      18.38549390676406
                  55000  -0.003976094081947401   0.006225984437865221  0.0001889561298919786   0.000365792304674753    0.01198125114418248
                  55000  -0.005967353148818117   0.002915459030825478  0.0001884656997730801   0.000392552369037136      27.92880363180548
                  55000  -0.006147049238478273  0.0008301720558237308  0.0001884641281671888  0.0003650011895335854       76.2517560956376
                  55000  -0.007412689425332947   0.007742755139133014  0.0001884485946749979   0.000364989461478029  1.518839542310534e-05
                  55000  -0.008349477505645377   0.001171580309138518  0.0001882833522901609  0.0003647490478686112     0.3931236741468692
                  55000  -0.002744185720383637   0.002902722452604579  0.0001882169048144602  0.0003646873130412292     0.1561922022976978
                  55000  -0.002608217808650902   0.008221128956032111  0.0001881262954371137  0.0003644433349712357  7.251575885665433e-06
                  55000  -0.003908968644355258  -0.002967489568985484  0.0001881619506297002  0.0003644548270489257     0.7771083509998377
                  55000  -0.007396004833354512   0.004091000051121015  0.0001882085989240461  0.0003644318568996801      0.602107497832678
                  55000  -0.003814129062621061  -0.009441992227907016   0.000188316067973153  0.0003644595072377906  1.346116799440452e-06
                  55000  -0.005686534872760832  -0.007515484876623063  0.0001882477066291738  0.0003641483970053409   0.002085232028154936
                  55000    -0.0052408812023376   0.004801575399966278  0.0001880949577191811  0.0003639400064329533     0.3295894638576595
                  55000  -0.008364270097428031    0.00076282799473875  0.0001880596231410549  0.0003639252488274653       0.60406056857233
                  55000  -0.002991975455389961  -0.002436308879717747  0.0001880718369436671  0.0003639126024552642     0.1399414928737347
                  55000  -0.007019521491737795 -0.0004065463791755318  0.0001880624509644182  0.0003637530527602153      60.82228795225793
                  55000  -0.003275547160455227   0.002577208960667979  0.0001880793655486707   0.000363693596936494     0.7040579876475392
                  55000  -0.006128540150646438    0.00129408757054375  0.0001879666454577481  0.0003632512556214406      69.80148839277057
                  55000  -0.003715084954872282  -0.002560251836085274  0.0001879854865294966  0.0003632354935074014     0.6926829803127884
                  55000  -0.006993403563432986  -0.003387623391848539  0.0001879258311694755  0.0003630523318707573      5.387494477167341
                  55000  -0.006978041775408111  0.0004157819499895503  0.0001878557186407796  0.0003626633825700958      57.01053998422149
                  55000   -0.00996217231028272 -0.0001891824524161641  0.0001877781039647696  0.0003625744815642924  6.005073131461258e-05
                  55000   0.003610478268879995  -0.001442084979843307  0.0001896131625601748  0.0003624527446571474    0.00382712137445077
                  55000   0.000329418659672422  -0.006009997568196283  0.0002003115817370337  0.0004030977040676612     0.1956829513444195
                  55000 -0.0004049344784718796  0.0003970583000027659  0.0001898478750086976  0.0003624640602833108     0.7795893938345271
                  55000   0.001771378633185595  0.0007645822325256872  0.0001901548674313689   0.000362366784298762      7.902144290433824
                  55000 -0.0002011452214898371  6.962724532546039e-05  0.0001905432265676499  0.0003771287410760285       3.08599682821434
                  55000  -0.001161302960018779   0.002390938522869894  0.0001901020216220436  0.0003623640247524774    0.02504013458421517
                  55000 -0.0007787896577163123   0.003254841991419943  0.0001900926686555128  0.0003623499703483711    0.04413780476327647
                  55000 -0.0005158203398647151    0.00275474966131429  0.0001866247582394512  0.0003842269410746096     0.2449305238179286
                  55000  0.0006673702313712067  -0.006538804818779736  0.0002012529799259105  0.0004080364616971053    0.06010394708403421
                  55000  0.0006857960120084333  -0.008310742141541365  0.0002039792867111613  0.0003855950289919551  0.0007586486553943623
                  55000   0.001666603728839796   0.007469831208603238  0.0001975029838724981  0.0004138736599140139    0.02985181812284441
                  55000   0.002015008790470854    0.01334334930383493  0.0001894704750500009  0.0003637118027089595  1.305610521911605e-06
                  55000  0.0008211637011396061   -0.02714311178929734  0.0001894565786693707  0.0003646657017976638  1.302290355754681e-06
                  55000  0.0005698304673779299   -0.00564489823815924  0.0001923927001218843  0.0004003331144749429     0.2222695523116557
                  55000    0.00173178655962392    0.01276893838867214  0.0001869459517334327   0.000375499855070469  8.088954796670219e-06
                  55000   0.001592626918310556    0.01369256530041475  0.0001893542467933792  0.0003670311285762865  1.710719410575409e-06
                  55000 -4.171780281768468e-05  -0.007745384984518515  0.0001892912035859859  0.0003674346746542778  5.352125149744827e-05
                  55000   0.001287305719183831   0.007536288033883311  0.0001881139888337909  0.0004110038787774829    0.02881776282746259
                  55000   0.001037093225360467  -0.007756646732569262  0.0001899533664005123  0.0003701596159233422  0.0003830848772855198
                  55000   0.000578566413988388  -0.009526060759247057  0.0001840259973962333   0.000394710732896206  0.0001069318393916588
                  55000   0.001180646241016094   0.004409441103506046  0.0001961868357925302  0.0004199195289653498      7.893517734367016
                  55000  0.0004184867115352115  -0.007271969983007314   0.000188755279624989  0.0004265274949853708    0.01978235849253846
                  55000  0.0008782440833685522  -0.005318503650071453  0.0001855537397294308     0.0003981249228407     0.2830914647563669
                  55000 -2.665240067499334e-05 -0.0003540795168320236   0.000193330220321362  0.0003904955591288449      7.306363801190395
                  55000   0.003130357350907558  -0.002371093145412015   0.000188476428372001  0.0003697431066763353    0.04616907372519154
                  55000   0.004629484214199483   0.004602488242793969  0.0001884714401995714  0.0003698389014854035   1.60805705517402e-06
                  55000  0.0009537757884568214   0.004052247828521181  0.0001934322672270872  0.0004175265133075905      8.903672681692553
                  55000 -0.0003914738944942074   0.004157591845675128  0.0001883897061049323  0.0003699993380070465    0.04216756784996244
                  55000  0.0003099001770689525   0.002375668303601063  0.0001883735436696472  0.0003700097669665102      1.834804427254991
                  55000  -0.001072021172011225  -0.006405300679477095  0.0001883339130900893  0.0003700492559417039  0.0006170361028006915
                  55000   0.002910363423235439  -0.002613401767597424  0.0001882133509050464  0.0003701398381227669     0.1175248257577603
                  55000  9.476715808983628e-05  0.0005398047248198302  0.0001881684918079567  0.0003701563195671623      3.310957383921056
                  55000  -0.001030176043748378   0.001408948857818763  0.0001880646784646542  0.0003701009800097584     0.1133569914225665
                  55000   0.000583661189347648   0.003865778705534187  0.0001880498688109576  0.0003701040492704298     0.6826006787000164
                  55000   0.001007257403344567  -0.005922534868654681  0.0002053568014310981  0.0003961604383425315     0.1942262802354724
                  55000  0.0004244504211298698  -0.001271683873356358  0.0001977769350628124  0.0003748704697929109      12.02601177592548
                  55000    0.00114637555691515   0.009895603135460536      0.000187338880266  0.0003716418206211257  1.011637211682427e-05
                  55000  0.0004929561553839771   -0.01150043925439019  0.0001872173548938005  0.0003724317415840648  1.290386055727445e-06
                  55000  0.0002172883896039925  -0.006928905861607295  0.0001824343648965615   0.000400081386838736    0.01293803895568309
                  55000  0.0002146090433803278   -0.02306447328715068   0.000186989202709421  0.0003757166813394459   1.28066466007071e-06
                  55000   0.000729786129364767  -0.007481530313816561  0.0001911741761794311  0.0004078866951257696    0.00311746560732214
                  55000  0.0006237144801621531  -0.002202264045435803  0.0001938474352741617  0.0004100968775030208      18.82312268779894
                  55000   0.001759440259311312   0.006820417687272551  0.0001863951410680786  0.0003774506982356314    0.04802037552025312
                  55000   0.001575133287602106    0.00436254223006095  0.0001863187800136079  0.0003777379077204594     0.4655338515499717
                  55000   0.001465632246103499      0.010418576599697  0.0001862017768831032  0.0003785371795880543  1.209000026777117e-05
                  55000   0.001727237474313298   0.008381199205026613  0.0001861650664273471  0.0003788097271834093  0.0005809091091993433
                  55000  -0.000101977292635918   -0.02627284495733383  0.0001860479478671032  0.0003802240438778902  1.271887399177862e-06
                  55000  0.0004843529845795242  -0.005255361143133622  0.0001993273722211806  0.0004020091770848208     0.1554994912887204
                  55000   0.001449182901180642   0.003173354441678066  0.0001904093690101363  0.0004065712051220641      10.21286731502985
                  55000  0.0002798169657743351    -0.0143243074479219  0.0001854664769757244  0.0003827651207466704  1.267402776849098e-06
                  55000 -0.0002107836828583441   -0.02869079478358766  0.0001852954397841651  0.0003837718215240576  1.265244970372138e-06
                  55000   0.001570570244988336   0.006858711448418185  0.0001860481058823988  0.0003913626474259514     0.1922319642600868
                  55000  0.0001263255309943727   -0.01505980073152831  0.0001852428983868324  0.0003846630501110388  1.776792661705292e-06
                  55000  0.0006245774208537526  -0.008931870717169534  0.0001850114025331416  0.0003849127652169193  0.0001961233903070989
                  55000   0.002291584542940592    0.02438530241701094  0.0001849767772817913  0.0003856041981216441  1.261401870189173e-06
                  55000  0.0005218709977881217  -0.004604503555504756  0.0001848772791082212  0.0003866318855542407     0.3199401254886128
                  55000  0.0004426477688488063    -0.0081583765239484  0.0001956462860108901  0.0004214462760892534   0.003499652469461734
                  55000  0.0009476464686881946   0.006228965260828178  0.0001848069646829662   0.000387592258613188    0.09228676056746168
                  55000  0.0008077866007086155  -0.001716372619354256  0.0001935782717709906  0.0004069803643856634      67.38006121969477
                  55000  0.0008011137546968404  -0.004441871258584616  0.0002039189971733344  0.0003957184408881198      2.158284184350645
                  55000  0.0004592144086308277    -0.0131134914369862   0.000188957140386348  0.0003995268678487599  5.663821556755322e-06
                  55000   0.000823883978370783  -0.007983615605932281  0.0001841645829773051  0.0003908837356843097   0.001210830762146997
                  55000   0.000435102776459374   -0.01034193048492869  0.0001841036212750432  0.0003910281352291979  3.840015530435742e-06
                  55000   0.001077068988679193   0.002077770633537942  0.0001962651242031101  0.0004163011188923893      46.65980062829974
                  55000   0.002232202624318598   0.008746445239495689  0.0001838293457478905  0.0003914203218003937  2.448864989052229e-05
                  55000   0.001527093175895573 -0.0007479017949677412  0.0001837869324907837  0.0003914850198368275      9.928890831731096
                  55000   0.001013746971764127  -0.006796784262921265    0.00018370275923489  0.0003981041374592282    0.01420333019619207
                  55000  0.0003034220063517979   0.003663085873444649  0.0001835960748955602  0.0003917787673325777     0.4429484211718424
                  55000  0.0004017568667948106   -0.01666035128464939  0.0001832827973851954  0.0003927511123030769  1.250292816131871e-06
                  55000   0.001119060779680772   0.007827203836130333  0.0001829524772363336  0.0003934939544155909   0.006281359434375936
                  55000   0.001005510393140909  -0.007242330992150078   0.000182822643133995  0.0003937370298411768   0.002772689123122817
                  55000  0.0007649075944683111   0.005783005003417828  0.0001827149935108995  0.0003938717689701983    0.09113976688010268
                  55000   0.001514554814378321    0.00885562374151422  0.0001823451188909543   0.000395464217050492  0.0002883202463210636
                  55000   0.001264908475882857   0.008990510239163023  0.0001823287858142402  0.0003956533113456157  0.0002206319431306012
                  55000  0.0001885100932053447  -0.006537280814577269  0.0001820349215403098  0.0003960117799983973    0.01941138456503386
                  55000  0.0004505516205462472  -0.003979196956967143  0.0001814463066764009  0.0004023620270093328      2.272613500826961
                  55000  0.0006846111873269548  -0.005235250330545118  0.0001819213554393797  0.0003962314544934571     0.1569590856085216
                  55000   0.001518019017384318  0.0007589254801485563  0.0001900675927695498   0.000403783193817955       27.8151564521435
                  55000   0.001044081685945179   0.008469794550043409  0.0001817074148204696  0.0003965386069780299   0.001312309007304193
                  55000  0.0001243318480694412   -0.01844900562046387  0.0001816771533576601  0.0003975846650929309  1.245659931493128e-06
                  55000   0.001287200451591585 -0.0007764833158267301  0.0001860809307743129   0.000408019151693846      29.73198304154754
                  55000 -0.0007745433869288463   -0.00506564401738168  0.0001813004498280214  0.0003992687850442546    0.01368948615468181
                  55000   0.001326493068761976   0.008010151347009295  0.0001810291137870317  0.0003993025778256968   0.006933153966816566
                  55000  -0.001462574436678148  -0.001111119274838008  0.0001809796720202385   0.000399413463350092    0.09761970517310423
                  55000   0.003423133268657427    0.00238188202815487  0.0001809778849461571  0.0003993901409942668    0.01185769893463024
                  55000   0.003069703579708787 -0.0006444777581398071  0.0001809562467970356   0.000399480032054156    0.08850649355521857
                  55000  0.0003509897149237809 -0.0006207451651253388  0.0001808756470566131  0.0004000032018213533      8.962531982825087
                  55000   0.002948165778631452  1.604571186240765e-05  0.0001810335058499014  0.0004041974983178473     0.3641924807376915
                  55000  -0.001027696914061372   -0.01032696009198551  0.0001808356388037436  0.0004001746812161905  1.243308207276714e-06
                  55000   0.002662390353518497   0.003967299176348672  0.0001935198775349939  0.0004062182777042078     0.4950156484850031
                  55000 -1.660270882188788e-06   0.005271686812861471   0.000180827478648042  0.0004002943888755277   0.005514657783706501
                  55000  0.0004205078894999184   0.004849937356183367  0.0001808018379698548  0.0004004601249216025    0.04262425229992606
                  55000  0.0008529133909175588  -0.004902878395028699  0.0001807856572676162  0.0004004802013642725     0.4098270993925796
                  55000  0.0002309007443406948   -0.01932629869219672  0.0001807858070644293  0.0004013409891709327  1.589822465001547e-06
                  55000  0.0002035049381697103   0.004408913201324397  0.0001807672771400544    0.00040164415666006    0.06436466072061225
                  55000  -0.001106066157887658  -0.001237239674970027  0.0001807573478956619  0.0004016484177866757     0.2031850480010987
                  55000  0.0003809985974471956  8.097391321277676e-06  0.0001807432090610895  0.0004016397021849236      10.09094875941406
                  55000   0.003026441774543499  -0.003859739374660597  0.0001807363401965785  0.0004016835357781824    0.02842325321748269
                  55000   0.002131946660043199  0.0002104315760229756  0.0001806942621733795  0.0004018064617163467      3.485814042500615
                  55000   0.003673359435937726   0.005782649418982947    0.00018068726949705  0.0004017974432380916  0.0001162055838303804
                  55000    0.00188702993938673   0.005898647376344484  0.0001806795358704143  0.0004020326117138562     0.1344569186222757
                  55000   0.002232334453290574   0.004533256253307525  0.0001806255008609173  0.0004023104663316806     0.3364673808942896
                  55000   0.002494187831100134  -0.005512137963183516  0.0001805895344709053  0.0004024412839177482   0.008701484814257169
                  55000  -7.22018040970895e-05   0.004198989511193152  0.0001805771519293536  0.0004025620122516481    0.06132055198429893
