#! FIELDS time deep25.node-0 deep25.node-1 sigma_deep25.node-0 sigma_deep25.node-1 height logweight
#! SET action OPES_METAD_kernels
#! SET biasfactor       12.02723625380408
#! SET epsilon   2.008904905162975e-06
#! SET kernel_cutoff       5.122093479753262
#! SET compression_threshold                       1
                  13010     -4.573919296264648     -14.86181926727295      3.459009339833371      6.059276687942743  5.979173072774216e-06     -12.02723625380408
                  13011      20.99660110473633      5.086211681365967      3.644770813070734      6.041960504742142  5.690697979267361e-06     -12.02723625380408
                  13012     -14.50908279418945      3.895454883575439      3.629471001918573      5.981165631761646   0.000277940736662808     -8.152980902379326
                  13013      1.737262725830078      25.88068199157715      3.537835752835532      5.947457901796045   5.95586164537457e-06     -12.02723625380408
                  13014      11.01576805114746     -8.928335189819336      3.491691199153048       5.84266922386696  0.0002743377964999961     -8.228157059256111
                  13015     -14.41064548492432      8.496814727783203      3.106887687884641      5.117515293290398      2.273642717417763      0.545093138546264
                  13016     -14.18607139587402      7.217152118682861      2.975463382066268      5.075407330918258      5.884065247979522      1.444473824498968
                  13017     -3.981976985931396      22.72671508789062      2.937016581516256      5.101515219607557  0.0005218091377101221     -7.893857414825972
                  13018      20.54286193847656      8.355525970458984      2.950254032276923      5.158227063701397  2.127573801248026e-05       -11.078039624225
                  13019     -2.195152997970581     -15.00896263122559      2.945875353089485      5.060156616227024   2.14139800674278e-05     -11.09224377055277
                  13020    -0.8746728897094727     -17.18276405334473      2.873271556381752      4.983119410291193  6.508838610010734e-05     -10.02083768409494
                  13021    -0.5997295379638672     -16.93573951721191       2.81115269810364      4.898895873598863  0.0002291549635729525     -8.801088263287848
                  13022     -2.350991010665894     -14.34495830535889       2.75232822484924      4.819151769749535  0.0005968761829271513     -7.881336389691288
                  13023      7.564654350280762     -12.83487606048584      2.701250288255186      4.736432623279223  0.0003659813779539802     -8.406509765716677
                  13024     -1.757820844650269     -16.96102333068848      2.647215696723364      4.659538794697238   0.002300801831778398     -6.604653351713544
                  13025     -6.735548973083496       -12.334059715271      2.597058426930721      4.583609103998802   0.001703791223772058     -6.940613884012661
                  13026     -8.628619194030762     -11.04927444458008      2.551579270972891      4.503193988364467   0.009326626301698896     -5.275963153448171
                  13027    -0.6032018661499023     -18.39691162109375      2.512774955036917      4.424304860807526    0.00831755856045273     -5.423466271443559
                  13028      15.08779621124268     -6.618940830230713      2.492852881677204      4.349515819571314  0.0005324292870257637     -8.197148776954123
                  13029       -9.1802978515625      16.92409515380859      2.514381596063156      4.329195670882021     0.8534663824459263    -0.8136211076182163
                  13030      21.88866233825684      7.063372611999512         2.567708692276       4.37659074589403  0.0001260370703314249     -9.602231127446743
                  13031      2.329290628433228     -12.21191596984863        2.5700164978551      4.315526615365541   0.008492923085681401     -5.404970998827567
                  13032      1.705530285835266       12.0168514251709      2.583560752713594        4.3391800707084  0.0002326794257146356     -8.991575553196981
                  13033      9.854583740234375     -9.282686233520508      2.571705122079391      4.281849772737775   0.002608750627296651     -6.592510239195716
                  13034       20.1009464263916      2.059722423553467      2.560425955656018      4.228503811285374   0.000427199274183775     -8.418818750910246
                  13035    -0.8504048585891724     -12.39717864990234      2.560188218829047      4.177585205638557     0.0379901155565238     -3.943195750387946
                  13036      7.503499984741211     -11.69032859802246      2.528762076260025      4.136730893395172    0.01513840242105991     -4.885465471974919
                  13037     -11.78196144104004     -3.431919813156128      2.431524496893974      3.962945397998249      1.867227228748574     -0.152620109841295
                  13038     -5.566774368286133     -12.71203994750977      2.410267924009755      3.917702792010584    0.07109972288630091     -3.441009103744819
                  13039      10.71622467041016     -8.903775215148926      2.423200261540857      3.873770360517275    0.03558423833244716     -4.139115744576573
                  13040     -1.426123857498169     -12.54887390136719      2.387958162006713      3.822195551837107      0.228908943734251     -2.305747932269053
                  13041     -2.509742021560669     -15.80208969116211      2.337952102047843      3.744593416364571     0.6720011594460155     -1.270487429691651
                  13042      12.74690246582031     -3.964353561401367      2.325944710919786      3.701142613628367    0.04812152396750217     -3.923838484703973
                  13043      18.43704032897949      -1.27531623840332      2.375730223434403       3.67555147403343    0.01033913710188017     -5.447391467450378
                  13044     -10.91878318786621    -0.6079587936401367      2.295773309066057      3.494100631108397      7.592387750719004      1.066711249876551
                  13045      15.22106742858887      14.62034034729004      2.303415493522348      3.526523062041134  3.431016007982676e-05     -11.22794423626247
                  13046      7.418314933776855      24.11155128479004       2.28501741181099      3.605068693108108   2.75524093364762e-05     -11.43328673981819
                  13047    -0.8298356533050537      22.45100212097168      2.263153991095458      3.664344480978418   0.006770002675117183     -5.922425561860996
                  13048     -14.23168468475342      7.762627124786377      2.240473197053667      3.619243570992274      15.77686646753891      1.808916220719018
                  13049      21.50703620910645      7.446670532226562      2.264644816048703      3.594603465105416   0.001492255804077478     -7.453195362333462
                  13050      11.53208255767822      20.77902603149414      2.266353249053558      3.602725780415232  3.435040652113132e-05     -11.22161457975945
                  13051      13.28181934356689      20.11700057983398      2.268984399400755      3.593528835049269  0.0001222601256654023      -9.95347322989112
                  13052      12.02041816711426      17.01321411132812      2.262374613951697       3.58033604117627  0.0003440493965065432     -8.925434315071081
                  13053      1.245315313339233      25.85744094848633      2.244707253769289      3.566863174983446    0.00710120070680346     -5.909810371780731
                  13054     -12.59097099304199     -4.081809997558594      2.216542665407823      3.430104241383981      8.390340144874941      1.113039700432805
                  13055      5.668429374694824     -6.739043235778809      2.205275836527699      3.429572925333269    0.02098995662679302     -4.883003509393079
                  13056      4.688106536865234     -11.24677181243896      2.186017522476972      3.428642833185324    0.05637540107141163     -3.904057090653855
                  13057     -1.371627569198608     -15.40596961975098      2.163470417498772      3.411741651002194      1.126839425079063    -0.9242273756469328
                  13058       4.54577112197876     -7.117958068847656      2.181665370964375      3.385002374578553    0.09313744153074394     -3.416816522956363
                  13059      20.02040100097656     0.5126619338989258      2.181223104017733       3.36125579033143    0.01478470337074072     -5.264542397836092
                  13060    -0.6827776432037354     -18.96124267578125      2.164786637590649      3.331446264016986      1.319184911521479    -0.7898382530773109
                  13061     -2.351353645324707     -15.89669418334961      2.124131798281719      3.286855301188648      2.946252123242136    -0.0187523152597901
                  13062      9.422273635864258     -10.59635543823242      2.110442559101688      3.280100992831084    0.08588077241452378     -3.562604067067034
                  13063     -6.528626441955566     -12.50582504272461      2.091868889914207      3.250246272490402     0.6687227969660706     -1.528177654031398
                  13064      8.818758010864258     -10.90436172485352      2.085088994241503       3.23280206024153     0.1964711011103169      -2.76165975385826
                  13065     -9.226373672485352     -11.00516700744629      2.073175904846174       3.19942577571236     0.9762601016006175     -1.174553833589798
                  13066       8.94221305847168     -7.271051406860352      2.070843498608732      3.174568248288252     0.3024396182091071     -2.355326617561076
                  13067      19.00978088378906      1.671956062316895      2.078960746378379      3.152000865869614    0.03479677153447869      -4.52090573084931
                  13068      4.816203117370605     -14.65073204040527      2.071430921082365      3.133706310302536     0.1905650963585251     -2.829886002938506
                  13069     -8.359332084655762      -4.66612720489502      2.034737865888148      3.068842045429204      4.752891759963692       0.34783989196018
                  13070      4.428196430206299     -14.60444831848145      2.022606033932543      3.047698532861324     0.4393254739022754     -2.046321856801561
                  13071     -1.778291940689087     -17.42342758178711      1.981121777392491      2.989387227695063      5.196658017722449     0.3841667576843781
                  13072       5.10713005065918     -14.67409038543701      1.964413936743674      2.966565538912592     0.8302426894643264     -1.466019011423125
                  13073      6.640149593353271     -12.88936519622803      1.944320154509922      2.938338094657658      1.190496729247987     -1.125453468559606
                  13074      3.512990951538086     -14.92686653137207      1.921586914297288      2.904592908404339      2.046503698286969    -0.6070032044484249
                  13075     -2.120787382125854      -17.0477352142334      1.878198662676211      2.840083035870817      10.46066156955704     0.9791875165632173
                  13076     -1.897804975509644     -16.59214973449707      1.852846929617804      2.784742869651505      17.74848051635567      1.474598150153528
                  13077     -5.756657123565674     -10.09115314483643      1.839909248808831      2.758975484610916      1.548324875820776      -0.98083135678995
                  13078     -8.093216896057129     -11.91812133789062      1.828846701581687      2.729366558096192      2.167270073036748    -0.6613571892847407
                  13079     -8.831958770751953     -11.36936378479004      1.806508574283686      2.695069769530037      3.772206515847751    -0.1321004132865659
                  13080     -2.805887937545776     -13.66469764709473      1.777258081761572      2.643916946360344      15.31376584963485      1.233504798422159
                  13081     -1.045648097991943     -18.76422691345215      1.746385281365893      2.598279375012061      17.12360553677801      1.310274860936148
                  13082      3.630041599273682     -12.51300525665283      1.730353225818164      2.576009442873578      2.178056476143145    -0.7695806438927987
                  13083     -1.957602977752686      -6.10528039932251      1.729201731377624      2.566736391882673     0.3115614443192824     -2.718444263347204
                  13084      6.490084171295166     -2.988247394561768      1.732686660133728      2.553317521160649     0.1155378137062712     -3.713671359014748
                  13085      9.320032119750977     -8.717569351196289      1.726736319984175      2.538119142656636     0.6489080960976867     -1.997388399256711
                  13086      20.35109329223633      3.020652770996094      1.733173826103816      2.526162032435474    0.04296969896142735     -4.713185246726482
                  13087     -8.550808906555176     -8.145990371704102      1.720945718661501      2.497215061048969      5.320317662864008     0.0870024874157091
                  13088      6.074006080627441     -12.11916160583496      1.711855817612182      2.475845705548274      2.630572930834481    -0.6312188774899817
                  13089     -2.509492874145508      23.27236747741699      1.710339424981151      2.475691928919006    0.01583691005800206     -5.744780851306912
                  13090      18.94820022583008     0.8106937408447266      1.707078461238578      2.488901604874679    0.08007304943324571     -4.120771681990997
                  13091     -14.19620895385742      4.725444316864014      1.701486278025765      2.490821368594416       10.8970817388751     0.7900290595575332
                  13092      15.29001998901367      18.21999359130859       1.71296977002139      2.484773333174613  0.0003406604747611704     -9.578794875444562
                  13093      16.11825942993164     -3.714269638061523      1.715132643029941      2.487369006231249    0.02716738679330985     -5.197602728404878
                  13094     -7.336034297943115     -11.94452095031738       1.70146242450377      2.461703728318631       5.41414451520837    0.07877606065572677
                  13095    -0.3191373348236084     -8.770160675048828      1.693291865488612      2.447196785214615      1.356699149481503     -1.315908299194106
                  13096     -12.14725971221924      3.025423526763916      1.677661722609395      2.433150577695558      11.13908571581284     0.7744674659550298
                  13097      22.62406921386719      5.845385551452637      1.685689109228888      2.424429813649942     0.0149184365637451     -5.839967298931119
                  13098     -12.67558097839355      11.26959896087646      1.684557120369716      2.399114571923667      7.658327517835883     0.3898154170702152
                  13099      1.444369792938232     -13.19398498535156      1.685231643754114        2.3907410521575      5.010282645127964   -0.03758189709327018
                  13100      15.85622119903564     -7.853820323944092      1.689211614835752      2.379626630625525    0.01935751342491656     -5.596049763430653
                  13101      17.35903549194336     -3.087329864501953      1.693198739712965      2.368074568931305    0.05195266580070342     -4.611306192621808
                  13102      5.354531764984131      -5.32148265838623      1.689958334462627      2.356275411624781     0.3029799900551613     -2.854883120411411
                  13103     -11.02065563201904      14.75361061096191      1.694480339632509      2.342492467561804      2.261269472599694    -0.8480626385033105
                  13104     -0.217869758605957      13.46303939819336      1.689116290303576      2.346014829179588  0.0003746017135139577     -9.555304272162118
                  13105     -5.373664379119873      19.67591857910156      1.684373402992998        2.3520390571897    0.05333753868875798     -4.597019279013217
                  13106     -5.820490837097168      20.68671417236328      1.681534021612763      2.364473468117846    0.08842708624773839     -4.087895740487038
                  13107     -5.747283935546875      21.60344886779785      1.688103157379041      2.359337474895709     0.1207885719932211     -3.774307882248433
                  13108     -13.40433406829834      10.60420036315918      1.677143976776479      2.336402818574758      13.72265431589947     0.9421722525973957
                  13109     -14.87009239196777      8.199382781982422      1.668749984606618      2.309671974974201      17.90208825824253      1.191517077997071
                  13110      -4.24141263961792      22.71136093139648      1.668613406105937      2.303820788319597     0.1067134856761267     -3.933626433918749
                  13111      6.604249000549316      23.30340385437012      1.666380829779998      2.313004083105268  0.0004413263280420333     -9.419105364552371
                  13112     -3.420619487762451      17.90426254272461      1.665997573486107      2.318206499076431    0.05561399967678125     -4.580683040183239
                  13113     -14.36530113220215      8.873794555664062      1.661545369697627      2.298951274204233      26.59552288627888      1.578363418463399
                  13114     -12.63038063049316      12.53231430053711      1.650371717381917      2.272201727851682      15.40775757170466      1.014040315661247
                  13115      6.615538120269775      24.87107086181641      1.650000671618126      2.272938468943392   0.000826234346522884     -8.819363579876848
                  13116     -9.924047470092773     -1.373165845870972      1.639956851658938      2.259085095380939      6.623043573428777     0.1576042196488892
                  13117     -5.990646839141846      20.23516082763672      1.636906725189256      2.252545313079998     0.2395046403855023     -3.166893979003871
                  13118     -13.54990100860596      2.584835052490234      1.623862127999107      2.230911903997661      14.01952966333858     0.8850884657870687
                  13119    -0.3833832740783691      10.84803009033203      1.618959460049946      2.223215883744303   0.000618320645862105     -9.150345649129626
                  13120     -13.33630752563477       5.08685827255249      1.606019506497525      2.206246780949139      26.29839481761474      1.491978811139618
                  13121     -6.957688331604004     -5.539129257202148      1.596259949610213      2.205657379684509      3.776532967623969    -0.4550852950203949
                  13122      16.39290618896484     -2.337360382080078      1.597363911915946      2.213604516429452    0.06928753028404278     -4.449094058611784
                  13123      12.80226993560791     -4.045206546783447      1.606950922361153      2.211451606552442    0.08122147822826742     -4.285168511495706
                  13124      6.936643600463867     -5.507152557373047      1.608402797985343      2.207863829350152     0.4564501581022947     -2.559589313660324
                  13125       9.47927188873291     -5.737246036529541      1.611777482074255      2.202498977032099      0.532191497840966     -2.406402322284463
                  13126    -0.4485845565795898      -18.3519115447998      1.603988504318737      2.190221866368836      17.21464850870634      1.059676232190727
                  13127      14.73904705047607     -8.251537322998047      1.599425618797691      2.196189199193272    0.04518601637660224     -4.883179996182192
                  13128      17.76137542724609      -1.24998664855957      1.619502668556933      2.188625876853114     0.1084912887973132     -3.998273032741471
                  13129     -5.680890083312988     -7.884536743164062      1.613773163976037      2.182549221464181      3.478737662268861    -0.5368425710084974
                  13130     -13.81093597412109      4.385330677032471      1.613811086662168      2.168736831112559      31.60801248395466      1.663573420242094
                  13131     -11.92043685913086      13.24911212921143      1.606121625984049      2.162961533611734      12.03785748815199     0.6907765457238909
                  13132      4.129661560058594      22.06438255310059      1.604985992969182      2.173913508954082   0.001723039566866286     -8.156601961455065
                  13133     -9.900274276733398     -8.160971641540527      1.601146136800438      2.167628077685717      4.988939046370878    -0.1910041392556455
                  13134     -7.233304023742676      -10.2945728302002      1.592425460475514      2.160848746807097      6.846342651799123     0.1168933371221425
                  13135     -11.52511310577393      13.95851612091064      1.587157448161453      2.144758949461151       12.0343567754797     0.6701568029211007
                  13136      -8.60792064666748      18.29593467712402      1.589164536784625      2.138603954701463     0.5850410387420298     -2.355292231136118
                  13137      18.20183753967285      13.86729621887207       1.58799458204313      2.146570691119855  0.0001075823558662217       -10.953491047004
                  13138      3.457702398300171      25.48343849182129      1.599544577653153      2.145790314564004   0.003792216544021847     -7.384158348161705
                  13139     -5.129217147827148      6.599343299865723      1.594488158086055      2.139987330814619    0.02214469856523398     -5.625385100747802
                  13140     -5.148506164550781      11.03280925750732      1.589545188587231      2.133802848325383    0.01408445919040416      -6.08391021822718
                  13141    -0.4395129680633545      10.58590126037598      1.584547354262739      2.127552051317319    0.00116153503899549     -8.585322643164099
                  13142     -7.429568290710449      20.19079971313477      1.579282176377652      2.122210522473731     0.3435111789262882     -2.901687590614194
                  13143     -7.671443462371826      18.13898086547852      1.575515593098974      2.118719821213635     0.6729795907443348     -2.233226284544459
                  13144     -14.44126319885254      8.484584808349609      1.572670609083909      2.111175478310871       36.7792527946628      1.762373356944201
                  13145      -14.2158088684082       8.91779899597168      1.575913065135821      2.107251907564442      44.21839967557374      1.946779861313801
                  13146      -13.0084400177002      10.30178260803223      1.572995012172606      2.096819066716661      40.90860955226319      1.862162826064106
                  13147      21.01198577880859       9.23981761932373      1.580405212725199      2.093956630306544   0.005425878876982607     -7.062419345705474
                  13148     -8.528481483459473     -10.19321250915527      1.587962979165294      2.090893353804912       7.91379444389423     0.2260701985079575
                  13149     -12.25437068939209     -5.087090969085693      1.583218128199243      2.085008017394111      4.838223812800935    -0.2718006980748714
                  13150      -12.2455587387085     -2.278116464614868      1.577070177614128       2.07531069636381      7.263994441804103     0.1260289227535218
                  13151    -0.8936752080917358     -11.76439094543457      1.569926153447501      2.074149784283037      5.588651203209727    -0.1412627566867037
                  13152      8.139049530029297     -10.36664295196533      1.575823394068677      2.073303314671343      1.104314845417007      -1.75943447839095
                  13153     -11.97334098815918      -4.22374963760376      1.573813671569712      2.066427032287567      8.643664803352097     0.2935688318061855
                  13154     -12.63701057434082     -3.091813087463379      1.567969605067377      2.053190747816903       10.6147700252389     0.4888423757979268
                  13155       13.3814697265625     -5.384417057037354      1.565525071097687      2.053186565875799    0.09290189383248899     -4.251177599318191
                  13156      -2.48351001739502     -16.41364860534668      1.561391449544316      2.043754981125037      17.89308164296282      1.002199672459995
                  13157      22.06108093261719      6.608816623687744      1.570345243318853      2.043138387897616    0.01612639392615389     -6.004096065216292
                  13158    -0.7411434650421143     -18.65207099914551      1.564657885699617      2.033154230990664      19.67125280503871       1.09383327701569
                  13159      1.116015195846558      -10.9238452911377      1.563108715275908      2.027613610391275      3.107970865558378    -0.7550744335928565
                  13160      2.760946989059448     -14.23347473144531      1.562065721258165      2.021404963848794      4.119643610534936    -0.4770120575049187
                  13161   -0.07623577117919922     -8.606557846069336      1.557092977077882      2.016246447907608      1.952100621361027     -1.229616406921619
                  13162      -3.27081298828125     -15.71355247497559      1.546393092823335      2.007023371350786      17.23742575950433      0.937080196408397
                  13163      15.76987361907959     -3.277864933013916      1.545920749732341       2.00194486114219     0.1005967819947837     -4.209476820699618
                  13164      8.371964454650879     -7.777641773223877      1.547525938475639      1.996287125118069      1.105071725512147     -1.814723889129887
                  13165      14.05575942993164     -7.041274547576904      1.546648500195911       1.99074854030167    0.09282327164405871     -4.295037484482147
                  13166      14.28161239624023     -7.720028877258301      1.546430674656966      1.985005306603515     0.1131162132823816     -4.100349116978991
                  13167     -0.494922399520874     -18.09342384338379      1.537592891961042      1.973939688686396      25.09345891451364      1.290276098536436
                  13168    -0.3783295154571533     -11.91973304748535      1.530331373841431      1.966095661318878      7.457447363533905    0.06816651700395671
                  13169      7.401217460632324     -10.81181144714355      1.526697873920178      1.960363493010171      1.701932330684427     -1.414579303730876
                  13170      7.401361465454102      22.32165336608887      1.532470138652376      1.963325251046213  0.0009193196612542744     -8.932936801226624
                  13171     -5.566498279571533       20.6795825958252      1.532218887904034      1.981002140574202     0.3517007307390276     -2.977235511901305
                  13172     -9.413196563720703     -1.529256343841553      1.535739406518029      1.976392057381698       6.40724248010549   -0.07486669630195975
                  13173     -3.595541000366211      22.45846557617188      1.539998233776119      1.975448984172122     0.1510822174249617     -3.819934765020514
                  13174      18.43662071228027      11.85210704803467      1.543182193161133      1.981117114040852  0.0007809769837190861     -9.080037987308417
                  13175      8.648442268371582      8.240327835083008      1.543412023305861      1.979653506016498  4.764115099115244e-05     -11.87747689273395
                  13176      9.996477127075195      22.64332580566406       1.54087395102294      1.979179835239393  0.0003924268319559584     -9.770708799864261
                  13177      18.02147102355957      7.565616607666016      1.538942079945876       1.97761922456864   0.009542434589364025     -6.581598336085458
                  13178     -6.475823402404785      19.26066017150879      1.539020784645911       1.98015491880022     0.6109584832730008     -2.420985464146761
                  13179      4.103133201599121      26.07279968261719      1.539137942186783      1.981065523493184   0.004230766092705304     -7.393095504640754
                  13180    -0.6511871814727783     -13.79663848876953        1.5341426162315      1.975640411592604      16.89836700721619     0.8935006273492475
                  13181      4.339385986328125     -11.40011787414551      1.528658280060147      1.973443328489864      2.811897852051102    -0.9045506801809581
                  13182      12.46445465087891     -6.723371505737305       1.52599259753817         1.971620404976     0.2384609493807458     -3.374629525841934
                  13183      17.06315994262695     -3.109603404998779      1.525385839876407         1.969459558424     0.1496454325836515     -3.842060645439441
                  13184      14.47138786315918     -7.756474494934082      1.522722945754534      1.966264433593625     0.1898032399988103     -3.607712299182422
                  13185     -9.770564079284668     -6.822396755218506      1.519031998750021      1.962498725334304      7.379832034296927    0.04846205226257964
                  13186      -12.9769172668457     0.2978105545043945      1.522721573952055      1.951887862282309      11.81575621914159      0.516149558588734
                  13187     -12.01303100585938     -2.642771482467651        1.5238498098706      1.940482836919746      13.93934573700608     0.6763115628529416
                  13188     -14.38479518890381      8.594720840454102      1.528302444076379      1.936091890827432      47.63721618865046      1.905862729480248
                  13189      3.931981801986694     -13.88711547851562      1.527365025627987      1.931776869685521      4.003742904537043    -0.5733667045269438
                  13190      7.572202682495117       24.3674373626709      1.534967719692426      1.931996699351384   0.001817758082438492     -8.265668618099934
                  13191      18.26310920715332      12.49988651275635      1.538355398363988       1.93499719373228   0.001059753763784254     -8.801479534031587
                  13192      13.46871376037598      19.73782348632812      1.540518879609382      1.936147513746911  0.0003795975028948602     -9.826160230681445
                  13193      21.00860786437988      8.747749328613281      1.544913756967583      1.933274517472528    0.01188132152926715     -6.381185073647216
                  13194     -11.45023918151855      14.28786087036133      1.542145920130289      1.927254446448252      11.59205899977013     0.4970109825690062
                  13195     -1.447843790054321     -17.96766471862793      1.539706411310068      1.924560481336623      31.11827921899778      1.481504142560042
                  13196      -2.67712926864624     -15.24909496307373      1.531183556677282      1.923957971659374      24.49577730683774      1.236345621704297
                  13197      3.460977554321289     -14.99900150299072      1.526005118878318      1.924891400534601      4.618997479327725    -0.4348801128631352
                  13198     -12.62240791320801     -1.645477771759033      1.521581472442866       1.92007646756121      14.02689194950739     0.6705109524091266
                  13199     -13.55644035339355       10.5723819732666      1.523350561959359      1.917538168176711      42.76193038864056      1.785021978366344
                  13200     -5.589147090911865      21.62576866149902      1.527514092695969      1.915348725003068     0.4302244174335704     -2.812487596270676
                  13201      15.55568981170654      4.585384368896484      1.526177209085595      1.915035182522568    0.00791077001048341     -6.809608745026869
                  13202      11.51393413543701      7.410923957824707      1.524822016407025      1.911924479879465  0.0001011620679951184     -11.17137932171682
                  13203       11.2747163772583      5.816916942596436      1.522980453374192      1.908497143054589   0.000177477588936182     -10.61226151748539
                  13204      13.74500179290771      19.54278755187988      1.521293701730198      1.907426253446089  0.0005592650306322671     -9.466151803794013
                  13205     -8.732404708862305     -11.50649642944336      1.519307226166465      1.904340893459487      6.735269243099459   -0.07283243123711496
                  13206      10.21894931793213      22.11634254455566      1.521708304765075      1.905088005854362  0.0006747277598495843     -9.279420110624518
                  13207     -14.55838966369629      8.367753028869629      1.526235814479353      1.904447920638104      52.62790936769203      1.987662551812509
                  13208       4.97542142868042      22.21459007263184      1.527895267778628      1.903680693065476   0.002961735549877629     -7.796880119339331
                  13209     -7.550827980041504     -12.45463943481445      1.526003135602001      1.900948824107862      6.601198524900378    -0.0903242792277463
                  13210      15.91555690765381     -5.142536163330078      1.527314750726317      1.903925500378953     0.1420368511769042     -3.926820440212042
                  13211      0.344228982925415     -17.58169937133789      1.519986485698414      1.901287898581983      23.57396600593888      1.178795272786332
                  13212      18.58581352233887      1.296431541442871       1.52580499801077      1.899483004789833     0.0774370051589055     -4.536767261808514
                  13213     -8.201157569885254      -10.8382511138916      1.522076764039136      1.896979395648651      9.976486162362519     0.3179888274628347
                  13214      -6.22962474822998     -12.48845958709717      1.518223798721283      1.895332215916096      6.849528712513274   -0.06146555482664876
                  13215     -4.598899841308594     -13.69573593139648      1.513228584716816      1.892070597031247      9.558778218265369     0.2667965679429618
                  13216     -3.263285160064697     -15.67932796478271      1.506212154634406      1.885654388574776      24.54991708170115      1.202000748759138
                  13217      2.430625915527344     -9.956375122070312      1.502711177927282      1.883997266586443      2.555737373806987     -1.063573200518336
                  13218     -2.659273624420166     -14.15454959869385      1.498957051780043      1.874911999671841      25.29214845914366      1.221244665527252
                  13219     -9.384112358093262     -10.55343627929688      1.495435301483233      1.868784348801002      9.396915860382634     0.2255063733850186
                  13220      16.50838661193848     -4.016962051391602      1.494833884154418      1.865865851781459     0.1779595723292477     -3.743039217525797
                  13221     -3.081981420516968     -14.91211605072021      1.487893063578753      1.858440207163164      31.62243756768406      1.428384887063127
                  13222         -13.0166015625      3.133594512939453      1.484115884025637      1.850240965571496      19.21757642112126     0.9233797750729466
                  13223     -1.243163347244263     -17.59810066223145      1.480396556603147      1.842840336547305       39.8395796393102      1.645898282809182
                  13224    0.02037334442138672      -17.2047061920166      1.477806167949334      1.834818712955996      35.28175762443989      1.518289764148944
                  13225       4.58764123916626     -5.742912292480469      1.474949276653295      1.832420055990937     0.3191481508699843     -3.190419369286778
                  13226     -10.47953796386719     -1.203672647476196      1.471717724624741      1.825468364053661      10.68703704914154     0.3147177102532964
                  13227      21.49498748779297      8.153399467468262       1.47335179880791      1.830768868403462    0.01472513799099628     -6.268503849261169
                  13228      5.830624103546143     -10.70856857299805      1.477245270151766      1.828882212382992      2.195365213845605      -1.26234820283525
                  13229      19.89977645874023      3.086647987365723      1.476143011880517      1.826271309842731    0.06127269682131378     -4.843292608932094
                  13230      8.366153717041016     -4.425647258758545      1.477559064881004      1.822921068244025     0.4828599302366116      -2.77977766086889
                  13231     -11.57491016387939     -6.397631168365479      1.475814397180302      1.817177853082446      7.436427899572323   -0.04969538566204506
                  13232     -14.55508041381836      8.583189010620117      1.478113556386469      1.819893425768962      55.16060425106846      1.957212963440035
                  13233      3.331802845001221      -9.29367733001709      1.479060760775067      1.816289848374327      1.995740130924049     -1.363362521448486
                  13234      20.47282791137695      2.211112022399902      1.478506226920629      1.813140806546129    0.07662508094855673     -4.625318599383574
                  13235     -10.09122467041016     -6.049320220947266      1.480656528310274      1.808272667267095      8.319134041211207    0.06083518286240366
                  13236      19.99699401855469      10.15939903259277      1.482576959901199      1.810072698607604   0.008512605719799775     -6.821639052723619
                  13237     -7.554088115692139     -11.43550491333008      1.482330740025015      1.805646031274667      11.98811631905315     0.4258693288261695
                  13238      6.589731216430664     -10.96648406982422      1.479635493229453      1.803951535975443      2.489842367754491     -1.148585908778906
                  13239      17.95483589172363      -1.39517879486084      1.479209867209287      1.801717804850712     0.1509196091486965     -3.953339992865364
                  13240      14.12815093994141      -7.57542610168457      1.478999206698459      1.798056391148726     0.2166529748285887     -3.593967090416408
                  13241      15.35646820068359     -4.243000030517578       1.47931007748768      1.794933018980395     0.2156760998257554      -3.60001465016629
                  13242       9.41716480255127     -10.92773532867432      1.477439552578467      1.791047771193855      1.118236278397615     -1.957716590941071
                  13243      12.17021560668945     -8.983830451965332      1.475766652893973      1.787469239164902     0.3309062403979296     -3.178522436088399
                  13244     -4.765924453735352     -14.27781391143799      1.471461396641899      1.782038437097946      17.53150543811595      0.785432889113047
                  13245     -13.87938022613525      10.48038196563721      1.471681909826421      1.784121859296637      54.42740223783212      1.919619349605297
                  13246     -9.425718307495117     -5.980093002319336      1.471364890036424      1.779468879022005      8.896744642256778     0.1056102063962044
                  13247     -4.547876834869385     -14.47509860992432       1.46842030422331      1.772187125640923       21.8617145147007      0.998557922512897
                  13248      12.68259811401367     -3.677396774291992      1.466776043853874      1.769925049737253     0.1549133201792666     -3.953466154132276
                  13249     -1.003947019577026     -17.72078514099121      1.462755728918849      1.764474712272162      46.82394193258312      1.751989189998467
                  13250     -0.241769552230835     -18.54891395568848      1.457031450680971      1.759842882712966      42.85732169264574      1.656921508463503
                  13251      12.72684288024902     -8.553256034851074      1.454956441276398      1.757340617722703     0.3305614056204454     -3.210765860983514
                  13252      11.00795364379883     -4.736315250396729      1.454202355214379      1.754095226677489     0.3168665555596923     -3.255444466392964
                  13253      16.67207527160645     -2.442983150482178       1.45354530575764      1.750704423747795     0.2648338998919581     -3.437209233665047
                  13254      13.43754386901855     -7.564365863800049      1.453646807669121       1.74778206267682     0.3830583678831941     -3.069725511441689
                  13255      18.57169342041016     -0.277836799621582      1.452709133381632      1.745131451070607     0.1563955119219131     -3.967687720170257
                  13256     -1.237638711929321     -17.60020446777344      1.450572763508726      1.741905068612188      59.94822713837642      1.977838541033841
                  13257      5.353574752807617     -13.73846626281738      1.447548063775543      1.738810393925665      3.423600934202806    -0.8888154024844283
                  13258      4.204929351806641     -5.952434539794922      1.444809720170812      1.735562301912083     0.4572915669352029      -2.90570564064782
                  13259       1.96406626701355     -16.39831924438477      1.439449309931546        1.7293842029168      16.26801997385775     0.6586465889704161
                  13260      10.95650482177734     -10.12098026275635       1.43798262812311      1.726079898301233     0.6861273341390048     -2.510178625682048
                  13261      9.216760635375977     -6.282886028289795      1.436165634711805      1.722701899829859     0.9056618077897399     -2.235799221172573
                  13262      12.50238037109375     -8.666043281555176      1.434134783598978      1.719649267350262     0.5692514329538597     -2.703331608695138
                  13263      11.53884887695312     -10.09453773498535      1.431577069947267      1.716618609890596      0.747142135564176     -2.434947359418519
                  13264     0.4131596088409424     -16.43424224853516      1.427150272231839      1.710297956443571      45.89607036805091      1.676146101991445
                  13265       5.23361873626709     -11.86857128143311      1.424020280102906      1.706527021165881      3.778043524289804    -0.8254299692289884
                  13266      15.32104396820068     -8.035053253173828       1.42198378064054      1.703724865898401     0.2599561632962199      -3.50495302462943
                  13267      8.747560501098633     -8.357621192932129       1.41974453758238       1.70048480611963      1.462960777612137     -1.780727981821823
                  13268    -0.1317048072814941     -15.97840404510498      1.415079663405318      1.694611214714107      50.44782532412631      1.752998174979151
                  13269     -3.777082920074463      -8.21108341217041      1.417136034571541      1.691544058641167      1.376861948534093     -1.848493963355117
                  13270     -11.59898853302002     -5.265704154968262      1.415534395936618       1.68627406644068      12.09351543353053     0.3201172830064968
                  13271     -6.487221717834473      20.08454132080078        1.4189804067642      1.687429663070352     0.6216320897642361      -2.64484244147702
                  13272     -8.043186187744141      16.41460800170898      1.417846460964615      1.700554036872131     0.7710952305070014     -2.422430788535896
                  13273     -2.704531669616699     -14.07648277282715      1.415042908721173      1.696658272951473      36.47849697647503      1.429962775843336
                  13274    -0.6890580654144287     -17.72793769836426      1.415914754965095      1.696273343802487      75.94482889227992      2.163635990547791
                  13275      -14.8643798828125      7.570112228393555      1.414703696515803      1.691152063538102      52.68598717251889      1.794098983902164
                  13276        -14.28076171875      7.230120658874512       1.41191447269362      1.698683096506312      59.55788124299612       1.91916786420298
                  13277      13.15654850006104     -5.504031658172607      1.411354623298201       1.69719463119624     0.3646029107427572     -3.178000430173423
                  13278     0.3028918504714966      3.751202583312988       1.41162829307395      1.695564033263347  0.0001226666041012775     -11.17586175089077
                  13279      15.67004776000977      17.01262664794922      1.412070781460163      1.696379058185527   0.000388449466170442     -10.02237482754458
                  13280      9.147987365722656      7.530289649963379      1.413811389816672      1.697950738522103  0.0001089032175604908     -11.29192037229327
                  13281      16.93901634216309      15.85454940795898      1.413327350278683      1.699420827131609  0.0003711516619472204     -10.06524617294752
                  13282     -2.589266061782837      7.127790451049805      1.413429317256698      1.700966670502581   0.002468588591475617     -8.169473738269753
                  13283   -0.06457710266113281      21.04537200927734      1.412327357316542      1.700328410414659   0.009834029712738368     -6.788426758639412
                  13284     -14.61690711975098      5.647443294525146       1.41194166860794       1.69576482300494      47.71503293600981      1.695765556508085
                  13285     -7.240297317504883      13.79424381256104      1.412047598462307      1.694674848188387     0.3820851669125288     -3.132160641010511
                  13286     -5.698124408721924      8.150293350219727      1.410414662753532      1.692378859691058   0.009196246423277895     -6.861521615703431
                  13287      1.190539598464966      25.07952117919922      1.408416776581437      1.690763483252031   0.005219909702995125     -7.430209400060306
                  13288     -3.253384113311768     -15.78214073181152      1.405016116261787      1.688827413482773      45.97887525170167      1.649684643927804
                  13289     -9.599597930908203     -8.961376190185547      1.403319378091313      1.688992086420042      9.633874908473279     0.0856772540836129
                  13290     -3.023435592651367      5.317790031433105      1.403598650429305      1.687600101336816   0.003618317715953345     -7.801979852707537
                  13291     0.1230981349945068      14.27634525299072      1.401562484745708      1.685652438505479   0.001184729169924803     -8.921081348293981
                  13292     -6.276206016540527       4.84060001373291      1.399548897936804      1.683552585049185    0.07011342177141845     -4.843165510312827
                  13293     -8.620336532592773      17.08481979370117      1.398001437990986      1.682493679630488      1.135592928664422     -2.060105019683971
                  13294     -8.776739120483398      18.48636817932129      1.396824703489944      1.681373398406066     0.9713709615695593     -2.217814929414446
                  13295     -4.828536033630371      4.906892776489258      1.395195815337002      1.679857673261944    0.02861704985739051     -5.744589380286527
                  13296     -1.635450601577759      14.39594554901123      1.393015173792044      1.677529716750427   0.004743347110033859     -7.544799995615898
                  13297     -6.899806976318359      7.080548763275146      1.390855735193171      1.675153339528746    0.04246529664426908      -5.35582482127012
                  13298    -0.1601846218109131      17.10123443603516        1.3888399621189      1.672857119464515   0.004553093919281184     -7.591527077928483
                  13299    -0.6830484867095947       20.7502555847168      1.387347689823725      1.671207963947033    0.02281645902691068      -5.98191326887707
                  13300     -7.813070297241211     -8.224563598632812      1.384620976895858      1.668580334489691      10.94198501033127     0.1874261940641177
                  13301    -0.1197608709335327     -11.50606822967529      1.382789291145177      1.670561477885677      9.245278380003047    0.01879480799705454
                  13302     -14.52007389068604      5.933572769165039      1.380084157656464      1.671157711417128      66.57938435151296      1.991475456359407
                  13303     -13.05718517303467      11.50253963470459      1.376218017949649      1.666144614242145      45.31692722974304      1.600951508970986
                  13304     -9.787622451782227      16.06281280517578      1.373755864783001      1.664305456955581      3.148593025807897      -1.06866855281236
                  13305     -12.64177227020264      0.814979076385498      1.370190450525026       1.66015014026733      14.74799709415979     0.4703844359883593
                  13306      -7.17315149307251     -11.94998741149902      1.366407328313596      1.660807692571257      13.28571940521341     0.3635980457935801
                  13307     -5.165542602539062     -14.49026584625244      1.361768370716077       1.66096756680977      23.44905249190931     0.9284338837281735
                  13308     -4.839724063873291      -15.4127254486084      1.356862847547207      1.659717934111047      30.23978053970393      1.178400631390706
                  13309       -2.5357666015625     -15.03424549102783      1.353108023145024      1.659945068832883      63.21820762870317      1.913200414799622
                  13310     -1.340299367904663     -13.79294395446777      1.349172264441703      1.658003743366744      44.81255708812454      1.565013336983696
                  13311      17.66529846191406     -2.218637466430664      1.358128825896826      1.655950041680605     0.2711981459330939     -3.537003419694052
                  13312      -10.1413516998291      -7.91600513458252      1.356300229906864      1.653654900931765      11.32721070457291      0.192375724472191
                  13313       20.5754337310791      4.193854331970215       1.35656342935102      1.652578422677705    0.06155713842502555     -5.023078731950984
                  13314      2.362317800521851      -16.6639461517334      1.356190906842858      1.648710806987028      20.35344973714623     0.7753434008241112
                  13315      11.33921146392822     -10.75221252441406      1.355058572327707      1.647949921568773     0.8120857185009985     -2.447353292633543
                  13316       13.1967658996582     -4.153354167938232      1.355214932697476      1.645518759343655     0.3283064954223358     -3.354372552986003
                  13317      10.62839508056641     -8.240364074707031      1.354558810787416      1.643063473228417       1.22088824362742     -2.042963703109521
                  13318      7.325676918029785     -8.797484397888184       1.35330871680633      1.640346012652357      2.109426281086761     -1.498704932781481
                  13319      1.850368618965149     -9.407747268676758      1.351188193943961       1.63773803996852       2.75755992612851     -1.233934037878528
                  13320      3.702247142791748     -10.54969310760498      1.350257959457733      1.634783355935138      4.008990423557247    -0.8622352449809038
                  13321    -0.3393704891204834     -17.41899299621582      1.350222045313001      1.635157618299633      88.45740251842109       2.23194873119719
                  13322     -9.008665084838867      -8.71051025390625      1.347524529328063      1.632085241814788      14.92030743432368     0.4482702772479215
                  13323    -0.8636400699615479     -18.41572570800781      1.346986781992795      1.631299950490112      88.00374289080042      2.222046006757569
                  13324     -6.739006042480469       18.7066707611084       1.34675804666726      1.633839414239145     0.8691812980544614     -2.394151212491279
                  13325     -14.07448673248291      9.167471885681152      1.345733995300018      1.640030118947738      79.82874512349248      2.128957209934911
                  13326     -12.43542194366455      12.18941879272461      1.344580678266473       1.63717487505931      34.45256809836542      1.286057223925258
                  13327     -10.07873058319092      2.273763656616211      1.343729067109569      1.638293044934102      5.178950200593488     -0.608874756631116
                  13328     -13.69316864013672      1.241065502166748      1.341789202800148      1.634051400557071       14.9017641676301     0.4439653718651796
                  13329     -8.129631996154785     -11.48169326782227      1.339271817367635      1.630110272358289      15.83990269204597     0.5007253171208242
                  13330     -5.325102806091309       5.09135913848877      1.337617256858971      1.628267193658258    0.04640323277456124     -5.334560544437634
                  13331     -4.811904907226562     -6.829773902893066      1.335791451656629      1.626323507870824      1.835274916134833      -1.65954043385508
                  13332      -6.43370532989502     -4.237682819366455      1.333561557982048      1.624284285514382      2.567626058633914      -1.32667837193864
                  13333      21.61134719848633      4.892863750457764      1.337387613612048      1.626421146682243    0.04440860629436599      -5.37980247516223
                  13334     -11.55189514160156      5.528298377990723       1.33646833374513      1.622898222187747      18.06235116789459     0.6254932290475022
                  13335     -5.987075328826904      10.34148788452148      1.334746167441209      1.623434889718341    0.02750207788450167     -5.862789010564319
                  13336     -2.006371974945068      13.32069492340088      1.332892540947326      1.623738108091733   0.004084373193264517      -7.77108525148946
                  13337     -2.232335329055786        13.174973487854      1.331038925566351      1.623168296901492   0.005397537735051749     -7.494053278679454
                  13338     -7.959484577178955      1.389899969100952      1.328924609746895      1.622280425458737      2.143878599021406     -1.511761138207621
                  13339     -3.015649318695068      13.45503807067871      1.327113696155597      1.621144317525026   0.009600506916956296     -6.922381315288185
                  13340    -0.9534536600112915      8.989400863647461      1.325295088160644      1.620191433266394   0.001277406746701542     -8.941324418361287
                  13341     -5.272232532501221      9.166025161743164      1.323484018368875      1.618688813730248    0.02024335349824062     -6.180625283731748
                  13342      1.142597675323486       14.1555871963501         1.321697052841      1.617439021870681    0.00145200119013529     -8.817632575021978
                  13343     -2.667823553085327      16.10554504394531      1.319881470064189      1.615822617915896    0.02884270864531382     -5.831092562875071
                  13344     -4.355008125305176      11.19127559661865      1.318108520056922      1.614190111168338     0.0184836910037314     -6.278416018458984
                  13345     -12.22449016571045     -4.841832160949707      1.315244855769215      1.610870667341909      13.31259358920859     0.2969275072814912
                  13346     -7.611176490783691     -13.17123222351074      1.312288306050452      1.612202237106881      13.44687873092767     0.3055398830925506
                  13347     -6.088245391845703      10.16067981719971      1.310971499313404      1.612876068009318    0.04236433221135189     -5.455241701075233
                  13348        -8.232666015625      1.295738458633423      1.308851737422093      1.610939488925272      3.087483678964236      -1.16925646214643
                  13349     -11.65106678009033    -0.2753372192382812      1.306170004800111      1.607928813963862      15.03983586457789     0.4101678628344189
                  13350     -5.082974433898926      7.264721393585205      1.304988395588045      1.608205074184337    0.03522126796062443     -5.647372967354904
                  13351      8.448092460632324     -3.369209766387939      1.304814930304844      1.607830099311396     0.3672761940119732     -3.303275058060126
                  13352     -10.93894958496094      5.612398624420166      1.303461933380017      1.605562194967746      12.69323382281769     0.2369861679637746
                  13353      -13.9859733581543      8.387569427490234      1.304106520176736      1.604648745767939      95.50148332547805      2.254984172898917
                  13354      1.310206174850464      22.49305725097656      1.303423551227437      1.604988355832006   0.007236264304123016      -7.23312001712854
                  13355      1.225602865219116      17.32195472717285      1.302122669911529      1.605621510047856   0.002630630235012711     -8.245605793977409
                  13356      19.42902755737305    -0.1239490509033203      1.301686948867273      1.605720559560552     0.1609103616739243       -4.1322547867481
                  13357      10.83796501159668      22.88631439208984      1.307586167925611      1.605462364272888  0.0006549390795301975     -9.631954361617998
                  13358      13.47409248352051     -7.614459037780762      1.308987918718317      1.604623082898426     0.6504707120175393     -2.730496495402796
                  13359     -4.594015121459961      11.63582515716553       1.30813340542463      1.603628835115978    0.03197636092032684       -5.7444686842819
                  13360    -0.4937460422515869      24.87717628479004      1.306772982625816      1.602732542176823    0.01271742964515943     -6.668091712657728
                  13361      -7.60540771484375      18.51600646972656      1.305040218549338      1.604191403719845      1.235081181552346     -2.092590244324307
                  13362     -3.810213088989258     -9.137683868408203      1.304111623032598      1.603582712670275      2.737779092967306     -1.297671213289843
                  13363      -4.40062427520752     -9.038110733032227      1.302058526525987      1.604840727886854      3.707929311715666    -0.9951360422130597
                  13364      6.877406120300293     -8.521157264709473      1.300595850335202      1.606211642751307      2.315383697669015     -1.466304323548175
                  13365    -0.6892294883728027     -18.03982734680176      1.301780907824229      1.610009550442686      104.0984325801832      2.342729648904539
                  13366     -9.136933326721191     -10.91943168640137      1.298910425784093      1.610426685188766      17.09025817755917     0.5339529119825147
                  13367     -13.50367450714111      10.58032035827637      1.300106163642655      1.609663098028425      76.09500628495852      2.027872832236879
                  13368      10.50975227355957     -1.184906959533691      1.300613249723998      1.609240661094794    0.05989394792829016     -5.119162139491616
                  13369      10.92311000823975     -5.235745429992676      1.299721007380068       1.60807121891387     0.5788750953004891     -2.852064094410963
                  13370     -13.55700302124023       3.77808952331543      1.297421742958103      1.604365285149834      33.97044755785431      1.216017558370994
                  13371     -10.99526691436768     -2.105010271072388      1.296882462685492      1.600710384749194       16.8811278976088     0.5140264687404724
                  13372     0.3692624568939209     -12.26132392883301      1.294637231128575      1.599480475702639      13.87886902597501     0.3156962320844559
                  13373      1.702992916107178     -10.88445091247559      1.295239403030019      1.597268227436329       6.14445835356359    -0.5000396843864721
                  13374      7.322496891021729     -7.531819343566895      1.295149025543129      1.595221938169761      2.140818015323935     -1.555753991672415
                  13375      5.960909843444824     -3.930588960647583       1.29531796668245      1.593699370204098     0.4607858590544807     -3.092588333785002
                  13376      8.678094863891602      -2.77330756187439      1.295196509181832      1.591731506612828     0.3392890193471687     -3.399998757360621
                  13377      5.362935066223145     -5.946252346038818      1.293707623349735      1.590079742896881     0.9645830422147009     -2.357343598020645
                  13378      14.87957954406738     -6.270505905151367      1.293214916950237      1.588103312718339     0.4636539619095173     -3.091525692650348
                  13379      9.857517242431641     -2.743548393249512      1.293160493912247      1.586100278759922     0.3063802895118066     -3.507141243199786
                  13380    -0.5335142612457275     -16.73869323730469      1.294443911383696      1.586250902473979      109.1893117288682       2.36995704369688
                  13381     -1.272142648696899     -12.76470565795898      1.291678276478654      1.582154660262768      31.08170438313328      1.108768715242209
                  13382      4.301912784576416     -9.585934638977051      1.290385385555761      1.579962688294236      3.584323174659762     -1.053668820178553
                  13383      10.95623970031738     -4.758298397064209      1.289850088347744      1.578328506590584        0.6092225459229     -2.827259905437195
                  13384      11.70108413696289     -8.581060409545898      1.288864913796944      1.576373310439958      1.065500444302569      -2.27024729245611
                  13385      20.30526351928711      2.622519969940186      1.288457600175753      1.574982157032188     0.1157098393245834     -4.491560455862884
                  13386     -1.465512752532959      23.97480964660645      1.289715689017883      1.575085476539933     0.0323983187894108      -5.76349804388269
                  13387      2.921164989471436      4.639374256134033      1.288508612064308      1.577594498891784  9.161080206486773e-05     -11.63115535077005
                  13388      8.907705307006836       18.2340030670166      1.287150118471653      1.580228387083034  0.0001955524584538579     -10.87226257221864
                  13389      10.73685646057129     -10.13190269470215      1.286185606327173      1.579664696355146      1.365125366569887     -2.022440817847336
                  13390     -7.331904888153076      20.13273239135742      1.287191598365978       1.57934463313719      1.054101054003747      -2.28041955309699
                  13391      1.492126226425171      12.18983840942383      1.288928733844283      1.580886004331634   0.001205020635513141     -9.052042337418927
                  13392     -14.42628955841064      6.528461933135986      1.289494064260749      1.579337102863093      90.81900921793729      2.177543126630356
                  13393     -2.739524364471436     -14.42299652099609      1.288159816523945      1.576896980265101      62.44148051521196      1.800322850221216
                  13394      12.76623058319092     -4.243610858917236      1.287860466233618      1.577101988485037     0.4920093853707497     -3.043266856944682
                  13395    -0.4656553268432617     -19.00789451599121      1.286122431134052      1.576910430249574      93.65091484098794       2.20409289398476
                  13396     -4.326592922210693     -13.83062076568604      1.283064809834692      1.575145640343979      39.43874469914721      1.335767401089892
                  13397      8.403241157531738     -12.61289978027344       1.28181179157884      1.575150928148491      1.561973320377742     -1.894005031523268
                  13398      5.235974311828613     -6.562595844268799      1.281618104216495      1.573406551507699      1.342565877046277     -2.046631549795674
                  13399      9.460241317749023     -11.63840198516846      1.281186501776937      1.571460390660826      1.525473663299526     -1.920483700786848
                  13400     -13.77185821533203      7.503598690032959      1.281813675735438      1.571024607706677      107.6416411659355      2.336230967880902
                  13401     -2.787755250930786      17.36473655700684      1.282014494963024      1.573220737328386    0.05557451737153093     -5.231053532106939
                  13402     -10.89266490936279     -2.156867265701294      1.280142024799377       1.57181870631408      18.05939504274113     0.5502898028496227
                  13403     -1.250696778297424      13.58395290374756      1.279496349316761      1.571409259320548   0.009746924286834904     -6.974944780686539
                  13404      -5.79256534576416      10.96786403656006      1.278432430448547       1.57149715750665     0.0553068941999552     -5.239774913698189
                  13405      1.695966958999634      25.31508827209473       1.27777673949588      1.574215792618839   0.007664239566757854     -7.214891732529606
                  13406     -9.919532775878906      13.82367610931396      1.276924304576469      1.575372327841503      5.229624080016946    -0.6892952965805801
                  13407     -2.197689533233643      15.47606754302979      1.275838221295617      1.574565080141145    0.02827483136262757     -5.910781372300422
                  13408     -8.094242095947266      5.505159378051758      1.274532490965203       1.57339542054924     0.5802934162260499     -2.890986640068839
                  13409     -3.607980728149414      21.67075157165527      1.273266875717818      1.574247500687982     0.1927751118866886     -3.993448308087959
                  13410     -7.774131298065186      18.66700744628906       1.27233962559548      1.574180115599238      1.539904967406325     -1.916267925940565
                  13411     -8.222658157348633      19.06422805786133      1.271635092200597      1.573168677546735      1.688068349549626     -1.825600352028995
                  13412     -12.97268486022949      5.536347389221191      1.268562996163636      1.570958567291016      65.52372989183877      1.829402474944128
                  13413     -7.039983749389648     -11.91557121276855      1.266316995601079      1.571587140494515      18.32265677275336      0.553756442433873
                  13414     0.0428314208984375      20.35359001159668      1.265477264753956      1.572383181440231    0.01632970909821586     -6.469308069023937
                  13415      8.550896644592285     -11.81196022033691      1.270565117388212      1.571686328655052      2.268695830366543     -1.531764580971725
                  13416     -10.53248405456543      16.18571853637695       1.26914983159711      1.572404967196483      4.210255599647084    -0.9141037524589066
                  13417       1.69038724899292       25.1224422454834       1.26821322139785      1.572383850107997   0.009578699354239516     -7.000592258517731
                  13418      -14.8778829574585       1.34524393081665      1.266780072297258      1.571052742832069       11.0746080714944    0.05029852629731641
                  13419     -11.58262348175049      2.984338760375977      1.264551605222856      1.569752849376872      18.60809317625105     0.5666517496101675
                  13420     -4.104481220245361      13.09097003936768       1.26336448445512      1.569012689399467     0.0309142071698563     -5.834895109226268
                  13421     -11.83896636962891      13.85074996948242      1.260926972583509      1.566107590727485      17.01590812817067     0.4720084843839422
                  13422      5.585406303405762      24.22318267822266      1.260165304317658      1.566334325304517   0.003040003656426748     -8.158496226504884
                  13423     -4.526808261871338       9.01917839050293      1.258760741240441      1.565857304731321    0.03587520869472433     -5.691728253548778
                  13424     -10.20303058624268     -5.346664905548096      1.257124748867415       1.56351413208652      14.04485860201168     0.2754388609161635
                  13425      20.58368301391602      1.772970199584961      1.256873648656722      1.567310128046115      0.139679410548055      -4.33299778151206
                  13426      -3.58753228187561     -14.69692611694336      1.258114066667407      1.566375905233635      61.51904826977522      1.755144655700743
                  13427     -3.707046270370483     -13.48364734649658      1.254777014001579      1.566156450670084      52.72852956244394       1.59815840618534
                  13428      21.86157417297363       6.21228551864624      1.258249541912521      1.566661764322358    0.03625559916449296     -5.681073493138227
                  13429     -10.85154819488525     -3.725003957748413      1.258858305342502        1.5653695627624      18.96773028614322     0.5784856342984014
                  13430     -12.31290817260742     -2.286572933197021      1.258028170059813      1.562099681119632      21.29582120951087      0.691506645868771
                  13431      1.117226839065552      23.74431610107422      1.257688067949539      1.562093905675419    0.01309392508840338     -6.702885189468389
                  13432     -5.581606864929199     -7.134889602661133      1.256705141279305      1.562735964577637      4.078749956399026    -0.9618586412159328
                  13433      6.850245475769043      19.77160263061523      1.256141755106972      1.562328867005797  0.0006822930042489358     -9.658409508580547
                  13434       9.37490177154541       21.9100341796875      1.260197675961619      1.562766600396278  0.0009577974176003946     -9.315728596301859
                  13435     -10.52283191680908    -0.6533184051513672      1.258832329243397      1.561857296164441      17.90723792899149     0.5186846039810307
                  13436     -14.29152584075928      3.910233497619629      1.256630946471331      1.558060723449387      47.21758975744113      1.484062060563108
                  13437      5.304410934448242     -12.22025394439697      1.255788235554625       1.55688824306238      4.577383858528668    -0.8510004469921995
                  13438      21.69507598876953       5.26760196685791      1.259470316169496      1.557020249500277    0.05908225593689179     -5.197940127526933
                  13439     -2.590484857559204     -14.21847915649414      1.258504767033386      1.555963261806688      74.06559498605299      1.934389620832739
                  13440      0.524311900138855     -15.18707847595215      1.256024747525777      1.553679230878147      54.13373623276836       1.61745453182046
                  13441      9.302565574645996     -10.44724178314209      1.255147330836091      1.553373786353208       2.19722357912601     -1.587703920232948
                  13442      13.85062026977539      11.16329574584961      1.255127119849028      1.554809707249346  0.0001111132677878662      -11.4789510615953
                  13443      6.929254531860352      10.91360950469971      1.255003508369954      1.553513477328267  6.931237538516646e-05     -11.95181023409048
                  13444     -10.86051940917969     -1.779981374740601      1.254361527750454      1.551521591572775      23.72439369458403     0.7897859735769691
                  13445     -1.082650423049927      10.11784839630127      1.254119411400717      1.550296635789194   0.002908564282233763     -8.217796377455004
                  13446     -5.603408336639404      8.603767395019531      1.253080199471983      1.549646303168658    0.04850720724384018      -5.40499213263036
                  13447     -2.439209461212158       13.6016149520874      1.252036144129719      1.548788800128291    0.02244455778264695     -6.177043398375151
                  13448     -2.127812385559082      14.26599788665771      1.250898900828241      1.547980365889813    0.02869302322481202     -5.932868410627255
                  13449     -6.363958358764648      12.60134124755859      1.249781929905566      1.546947486607088     0.1379960075704712     -4.363858455900357
                  13450     -8.993629455566406      16.79778099060059      1.248834766382517      1.546306129299208      2.587033380762375     -1.433988956337797
                  13451     -10.81553173065186      14.35196304321289      1.247630422320179      1.545060709634648      10.37678334559031   -0.04670040268771474
                  13452     -14.18536567687988      7.527698516845703      1.247680770331221      1.544791263208299      115.8847694507834      2.366190934579032
                  13453      2.407643556594849       17.6168212890625      1.247082493984559      1.544848422836875   0.001404118114973434     -8.955193870368968
                  13454      -5.73691463470459     -12.91106224060059      1.244966778130493      1.543101900957485      24.59496863380576     0.8128647155358214
                  13455     -6.986096858978271     -11.29150581359863       1.24261146176987      1.542664073005103      20.45296792822115     0.6262733881936715
                  13456      10.50676727294922     -7.256813526153564       1.24211884683123      1.545028881574126       1.30098798020164      -2.12759540357366
                  13457      11.80587577819824      -8.12242317199707      1.243616800144443      1.544594320831996      1.237485530463792     -2.176713905143857
                  13458       4.69965934753418     -13.85547637939453      1.242951373681124      1.546001014399278      4.555019540718892     -0.873190518136477
                  13459      3.746737957000732     -14.03747653961182      1.241765122658529      1.546821895819577      6.412999725488583    -0.5315172097256486
                  13460    -0.6337146759033203      -18.2226390838623      1.241083543504463      1.547528586958901      111.7852278428747      2.326642806911793
                  13461     -6.139671325683594     -12.28660869598389      1.238791704661143      1.546715714016049      23.28246612953015     0.7553901754586955
                  13462    -0.5250263214111328     -18.24902725219727      1.238178842431501      1.547503165462373      120.2062378326776      2.396912675172801
                  13463     -9.605788230895996     -9.679616928100586      1.236183403951976      1.546674785651059      14.31182588276222     0.2666416035790085
                  13464     -5.008328437805176      -14.3919677734375      1.234106694524605      1.543097514078175      42.40701601696355      1.348872337098496
                  13465     -11.42059993743896     -6.844083309173584       1.23223438148048      1.542013627419733       11.7248520758447    0.06104826571061995
                  13466     -12.76869964599609     0.6181015968322754      1.231635152921202      1.540429660171806      17.96406258085957     0.4861966589347517
                  13467     -14.46328926086426      8.909845352172852      1.231043813461581      1.538623226386947      106.1401045965404      2.260929772178761
                  13468     -6.254584312438965       13.9605827331543      1.230044316305975       1.53960013965934     0.2403997941210185     -3.829459638065422
                  13469     -7.098339080810547       14.4564323425293      1.228787788404271      1.539948589310751     0.6759894608809208     -2.796381252363295
                  13470     -10.35643196105957       8.96356201171875      1.227425359985065      1.539722424465673      8.592336194917076    -0.2551890422668451
                  13471      3.131657123565674     -7.732882976531982      1.226887438930101      1.538767558226885      1.587092294035737     -1.945214806721169
                  13472      14.55202388763428     -7.747855186462402      1.231930477478393      1.537656335042668     0.5642071505650819     -2.976072613656596
                  13473      -3.71881103515625     -16.08940696716309      1.229349019813626       1.53633297950086      58.15353092756729      1.656389133269599
                  13474      13.51091480255127     -3.280981063842773      1.229425645647729      1.535994487569473     0.3248920568993963     -3.531117769705197
                  13475      8.412624359130859     -10.65346145629883       1.22930843574592      1.535162272313614      2.858995968799723     -1.357022279180863
                  13476     -10.80990123748779       9.80430793762207       1.23046671045531      1.536065473089464      16.48619400308077      0.396560463171861
                  13477    -0.8746428489685059      13.56816577911377      1.229551583744579      1.536223330182038    0.01665263034876465     -6.501791174598795
                  13478     -1.100446939468384      11.94698715209961      1.228970613874635      1.537904818640602    0.01285951115184651     -6.759654308285767
                  13479     -8.571468353271484     -4.974799156188965      1.228087809551876      1.536233139287152      8.066146396096414    -0.3201130507547112
                  13480      17.64913177490234      16.00200080871582      1.228383027977018      1.537288938098639  0.0003647090709772597     -10.32327209639099
                  13481      14.35018920898438      16.08439826965332      1.231411609330159      1.537910429070824  0.0004468756030096879      -10.1172251398465
                  13482      13.62317752838135      18.93243789672852      1.233876941542738      1.537938039385906  0.0006272867561317115     -9.776083631238906
                  13483       14.4396390914917       18.8762149810791      1.236593517009331      1.537034369567216  0.0007614220972597275     -9.580688067986079
                  13484      -2.05659031867981      -8.87541389465332      1.237105526958872      1.537669071978733       2.45859145898738     -1.499949949704206
                  13485       -5.6974778175354      20.87353897094727      1.237909533185888      1.536997742727442     0.7055981130177817     -2.748034992766788
                  13486     -9.087801933288574      17.20560264587402      1.236862702733528      1.539030347010519      2.743642793543518     -1.389563444187096
                  13487     -3.295527935028076     -9.537800788879395      1.237394972849893      1.538397716448367      4.534263253693174    -0.8871682518465063
                  13488      15.56796932220459      -3.54657506942749      1.238033591338053      1.538196547391117     0.3053430903695798     -3.584764920353447
                  13489      22.11915588378906      4.541534423828125      1.238548390307119      1.537537360172864    0.05939315805829963     -5.222034819592781
                  13490     -2.188602685928345      -17.2509593963623       1.23740517237323      1.537548387819664      96.44187039251584      2.169565586851267
                  13491     -12.82669258117676      2.471220970153809      1.237443334244287      1.535224879390277      24.28725655470697     0.7890954498819304
                  13492      1.160088896751404     -15.48581790924072      1.236331847023704      1.532169895793332      40.42658934807554      1.295740854780631
                  13493      19.48355865478516      2.229079723358154      1.238625469817372      1.531785009040159     0.1388175787111869     -4.376739227238445
                  13494      5.346207141876221     -13.44147205352783       1.23759599899539      1.530992303675379      4.573833060133747    -0.8831421622960736
                  13495       19.4696102142334      1.844521999359131       1.23772958903562      1.530750644931788     0.1669882371145536     -4.193375584779805
                  13496      11.68419075012207     -8.725168228149414      1.237838232951205      1.529417767047208       1.28306499013065     -2.155075281327906
                  13497     -6.279642105102539      12.17114162445068      1.237573521533485      1.529260684538158      0.175300732314163     -4.145895915370759
                  13498     -13.12198543548584      10.41414737701416      1.236086483757552      1.529765330997441      68.03574937602914        1.8145173288881
                  13499     -13.67072296142578     -2.738403797149658      1.237197520519813      1.527719192651847      11.20015163996311   0.009971337892171476
                  13500      9.196914672851562      19.78634262084961      1.237404316719821       1.52956083606754  0.0004905858445980949     -10.02449436493353
