#! FIELDS time deep17.node-0 deep17.node-1 sigma_deep17.node-0 sigma_deep17.node-1 height
#! SET action OPES_METAD_state
#! SET biasfactor       16.03631500507211
#! SET epsilon   3.735419329000485e-08
#! SET kernel_cutoff       5.848558909940468
#! SET compression_threshold                       1
#! SET zed      0.1113275946462084
#! SET sum_weights        2534.63665831549
#! SET sum_weights2       19870.20460763011
#! SET counter  992
#! SET adaptive_counter  500000
#! SET sigma0_deep17.node-0      0.0418843892594081
#! SET av_cv_deep17.node-0     -0.7328536708228146
#! SET av_M2_deep17.node-0       55742.37599240035
#! SET sigma0_deep17.node-1      0.3992452513950341
#! SET av_cv_deep17.node-1    -0.05912354014758633
#! SET av_M2_deep17.node-1       116956.9085909468
                  19000    -0.6791381702260429    -0.3521807775982902     0.0423921310088434    0.07420781145000903       5025.20940433263
                  19000    -0.9201034174115481     0.9056154395425318    0.03910057202945862    0.06295298769692374      28.08528420911762
                  19000    -0.8073427533734671     0.8946415263166693    0.03838222276620844    0.06669570522557117       4770.82101774249
                  19000    -0.7322875003927065    -0.7375875385262398    0.03742606578113722    0.05935260292847109      66.48131891894857
                  19000    -0.7190313419708394    -0.4967495811520671    0.04115266015472117    0.06481751977985607      685.0555841874765
                  19000    -0.7277895464195684   0.008951891603441897    0.03900457375636812    0.08082565942109693      646.3597028366637
                  19000   0.009835615490547055    0.07112902985729945     0.0425901056467013    0.07266573113061697  4.334157319779577e-05
                  19000    -0.2893032806930266    -0.1205416886153058    0.03585396587025543    0.07280136892820128  8.530978869679362e-06
                  19000    -0.7686136347973516     0.4053754518239203     0.0385164267301844    0.06285940337126605      732.9547236353858
                  19000    -0.7667970971224354     0.3106170259110949    0.03891104184369876    0.06808520306817602      653.3808413856292
                  19000    -0.9762675307651179     0.4918566543752323    0.04174630176369066    0.08160158513887099    0.03001909720611846
                  19000    -0.9076016479377066    -0.9287618659923367     0.0381322502480046    0.06299582137233031    0.09794762984327357
                  19000    -0.8469244200204777    -0.8766544504506311    0.03700209955425822    0.06214581356755239     0.4572807967576505
                  19000    -0.9621630200353877     0.2518444856009829    0.04033738452899183    0.07021571393034325   0.004877000309689713
                  19000    -0.9949371088729502     0.6564598683513801    0.03485946752517805    0.07602660903157581     0.0127826683818385
                  19000    -0.9325960237994768   -0.05675680466217308     0.0390092417881627    0.05620779707524592  0.0007120616845416922
                  19000    -0.9815809699001226    -0.1352544910196857    0.03509245545524432    0.08015740306158527   0.000179046183255396
                  19000    -0.9080472941691216     0.1296378326920296    0.02440658608220514     0.1119455087021535  0.0003355804301407209
                  19000    -0.9008293563092747    -0.2069824007127545    0.03141484127415456    0.07145991387330675  0.0005393145790102058
                  19000    -0.9456579210430193    -0.3913478259513744    0.03367428237687889    0.07673874644675466  0.0002119865023885695
                  19000     -0.740042835394964     0.1823518832167714    0.03743311233969677    0.07379791144256553      707.9122298747025
                  19000     -0.106159599271043     0.1204275635763327     0.0407176190765231    0.07672127510919176  1.237790195627916e-05
                  19000    -0.8017297529805699     0.7725675659187169    0.03691454340886913    0.06916521520427298      2381.364609304304
                  19000    -0.7213193280074904    -0.6366725913190937    0.03844127189121869    0.06408142999588658      69.79692481746206
                  19000    -0.8956292867660522    0.01299790199846029      0.022057005764603     0.1026217076502754  6.278915230334212e-05
                  19000    -0.9361993670463562     0.3271903693675995    0.02204070226590334     0.1022675933471052  0.0001609036528456557
                  19000    -0.8874152302742004       0.38172847032547     0.0220064185714013     0.1019365432122107   0.003273683802547495
                  19000    -0.9552575349807739    -0.7477685809135437    0.02188648906848855     0.1010931615879891    0.00011852498895508
                  19000    -0.9413837194442749    -0.1822073608636856    0.02161223382605912    0.09967835889052919  6.581699508530752e-05
                  19000     0.2323478162288666     -0.333901047706604    0.02183885044139241    0.09949153120788594  8.352047214081284e-07
                  19000     0.9764207831529335    0.06891758241883927    0.04286466273757949    0.06308132260148186    0.05155036356836412
                  19000     0.8625306722514704    -0.1498774493796739    0.04211935816381978    0.06746300205699567  9.080308244109321e-05
                  19000     0.8713782597687514    0.05502496560318568    0.04473536976518351    0.06561567467703304   0.000118009722508108
                  19000    -0.7874873110003088     0.6399993774602669     0.0372247106954194    0.06289998150060491      1427.043447153226
                  19000     -0.784054012092041     0.5183695309518899    0.03772274995611671    0.05910234460249588      465.7942301683253
                  19000    -0.6899751948392616     0.1268084471047033    0.04607289406606187    0.07063055218404225      17.26306342768131
                  19000    -0.4241575975653571   -0.07644379149109382    0.03721709502903133    0.05571209673295521  0.0002217071220959571
                  19000   -0.06664960256151144     0.2211312472761486    0.03814295904953862    0.05298659022425611   5.83486749222172e-06
                  19000   -0.08166056126356125     0.3511364459991455     0.0526768940476455    0.08326244760720197  4.789398147078667e-07
                  19000    -0.6731685371789984    -0.2466813750032001    0.04097955988684852    0.05866601896418401      1313.657009470865
                  19000    -0.2358696980723321    0.05714775099872548    0.04204839870126909    0.05814153183255003  4.191882480657353e-06
                  19000    -0.2636664460019622     0.3027767934680523    0.04312776139314128    0.06768832176449324  2.606922026673498e-06
                  19000    -0.1206652244585699     -0.148722649682746    0.03740935074176521    0.05714285255293736  4.325058598761911e-06
                  19000     -0.367410106965085    0.04902600303241303    0.03623721597379018    0.05483197683446557  1.079608030496503e-05
                  19000     0.1807971657407934     0.2435768844917641    0.04495671508944679    0.06454597483778261  4.736977005748267e-06
                  19000    -0.2448037230475846     0.1294842610500664    0.03912712224518931    0.05600578564971352  5.287114309129222e-06
                  19000    -0.3442443489675996   -0.08475495188477664    0.03636500938025258    0.05638123093142194  4.586342238595959e-06
                  19000     -0.644441142417066     0.1706569900103206    0.03770752956689942     0.0559220004573897      4.919283617010396
                  19000    -0.3280959084896857     0.2689342823832417    0.03756077888451906    0.05165119439545619  5.637614548182549e-06
                  19000    -0.2883576917363511   -0.01309968548411083     0.0412382230888033    0.06094454285464511  1.193045665769088e-05
                  19000    -0.4473800527944997     0.1529826047364501    0.04057511493280654     0.0583127125373953  0.0004345864859402179
                  19000    -0.1462178097774352   -0.07620944696100765    0.03853728881535592    0.05229488835562615  8.425741426262583e-06
                  19000    -0.7030193535013992     -0.128465513174843    0.03727665359705856    0.05989717381952017      981.0304725470738
                  19000     0.9334841756245936   0.003585176359746174    0.03629783923768511    0.06063428040423736   0.003741572864431651
                  19000     0.8625085029039034     0.3950968485117007    0.04265966820661694    0.06317932959352529  7.036821307887351e-06
                  19000     0.8717601299285889   -0.02507911622524261    0.04468474317792435    0.06483547081066807  6.659347396061254e-06
                  19000     0.6194315031025132    -0.1521588484114599    0.03661444472734305    0.05623279449641622  1.929706358849655e-06
                  19000     0.9114241774775476    0.08600229560073017    0.03880020331689995    0.05656228929136048   0.007266813183607907
                  19000     0.9194983764645768    -0.1295152339066472    0.04504425104651863    0.06743995338262143    0.00028032725910437
                  19000     0.8979206085205078    -0.3117163479328156    0.04258440987815085    0.06133047295363042  1.125659972294097e-06
                  19000     0.9194729006120861     0.1634367906687416    0.03610865890569678    0.05331494249913556  0.0009076554012988287
                  19000     0.8257236463900541    -0.2639188309471978    0.03892232514183598    0.05563380562638742  8.556652948436187e-06
                  19000     0.5227106809616089    -0.1081099882721901    0.04180761266354753     0.0602428182753014  7.364098636126476e-07
                  19000     0.7257922291755676    0.06832786649465561    0.04159611624094893    0.05994179984806702  9.442309173005702e-07
                  19000     0.7455497980117798    -0.1240840256214142    0.04133274136856532    0.05958795725607171  1.465964648002265e-06
                  19000     0.6570503115653992   -0.07392758876085281    0.04129416658309854     0.0595098943858304  8.587727689085367e-07
                  19000     0.8419523303860683     0.4616776677448135    0.04133334916864402    0.06290550916300726  3.759860188780668e-06
                  19000     0.8344012749734576     0.5606164537860183    0.03486900761920014    0.05614724365564546  3.959589238805773e-06
                  19000     0.8790661097287386      0.492694629422414    0.04139890729549087    0.06249047448127994  3.122663205556964e-06
                  19000     0.7967352867126465     0.0707562267780304    0.04077392178507831    0.05904647181952998  2.967183795034579e-05
                  19000    -0.5684654100289049 -0.0008057295862010368    0.04075924263265559    0.05849294163145416     0.3230836040450644
                  19000    -0.3571168505712062  -0.009935757011825322    0.03933186740622487    0.05414341504013013  9.835174843620036e-06
                  19000    -0.1575522326256021    0.07440358922608918    0.03900796542779932    0.05373187200391061  7.631914234997894e-06
                  19000   -0.05754587377893064    0.06151891360858033    0.03806806485727875    0.05645791011260801  1.744515261398849e-05
                  19000   -0.06124628707766533     -0.257841944694519    0.04404427208588744    0.05746641279595017   7.93894626593008e-07
                  19000    0.01227923482656479     0.2084090709686279    0.04401698616630634    0.05741981276744517  1.958655036269734e-06
                  19000    -0.2037026026083733   -0.06336245095121693    0.04037248660881456    0.05065916283184362  9.337222278888396e-06
                  19000    -0.1819090355223951     0.2566360806321489    0.03914419420989355    0.05726672720233439  2.307891110134966e-06
                  19000    0.04243868589401245    -0.2010463327169418    0.04383753761193274    0.05713633253477297  7.616306229622167e-07
                  19000    -0.1800461262464523     0.4226463139057159    0.04380794866664546    0.05707344292033218  7.955476720873041e-07
                  19000    -0.1981306523084641     0.1678083091974258     0.0437792318850772    0.05700844446703023  1.357605005583177e-06
                  19000     0.2861786186695099    -0.1867455244064331    0.04375488776191645    0.05689212449662852  7.332708196122522e-07
                  19000    -0.9914430975914001     0.4088935852050781    0.04259059371467262     0.0555690139066555   0.001660061431177086
                  19000    -0.8729128241539001    -0.7331357598304749    0.04100648718762372    0.05590155619882589    0.02007229802090514
                  19000    -0.4786545985721491     0.2392452180359013    0.04063324728062638    0.05469457357938838  0.0006663850449406246
                  19000    -0.8123192643951056    -0.8206141813363087    0.03593400286167473    0.05396850470468101      0.996003964119712
                  19000   -0.09018861543854879   -0.09601618771103357    0.03729830082686036    0.05238065068623522  6.082754167293653e-06
                  19000    -0.7750212650462397    -0.4946690485724236    0.03551652065285359     0.0546613520821427      78.00560526408051
                  19000    -0.6598117602485203    -0.4416371489012895     0.0340968556283907    0.05397473995004345      373.4439385936335
                  19000    -0.8269867300987244    -0.5126956701278687    0.03652755756827344    0.05343779833344054      2.515730107204504
                  19000      -0.55153489112854    -0.1988126486539841    0.03499418726483529    0.05295002562651756      1.257691060470814
                  19000    -0.8622850147545537     0.9224785130573483     0.0339923887788698    0.05003150963710797      184.3900540956068
                  19000   -0.08766180276870728   -0.01126353442668915    0.03309757417882605    0.05133957496679467  2.208503892062144e-06
                  19000    -0.4031186699867249     0.2480550557374954    0.03301238037156002    0.05110875341982484   1.44241695613367e-05
                  19000    -0.3142923712730408     0.1642995476722717    0.03301728070829055    0.05103759918672977  1.551846499793015e-06
                  19000    -0.4991099039899409     0.1474092335204205    0.03352138336805793    0.05096151394909378   0.004461408625134019
                  19000    -0.7883366942405701    -0.8999866247177124    0.03268995468958809    0.05084666554356217      0.057002861578838
                  19000     -0.864881157875061    -0.6057215332984924    0.03242985666957978    0.05093566549027884    0.07599934359253639
                  19000     0.8307589292526245     0.6471417546272278    0.03309255662928785    0.05090434551266858  1.228440734147541e-06
                  19000     0.8444665670394897      0.210245355963707    0.03389113744476469    0.05074897232647576  2.512263997067663e-05
                  19000     0.8770973682403564     0.1751356571912766    0.03395548756477051    0.05072927197663663  0.0002069366386472881
                  19000     0.2024678289890289    -0.2166345566511154    0.03403974206396168     0.0506363094513689   1.08357147115813e-06
                  19000    -0.1391124249819031     0.2033924524806141    0.03704300476163114    0.05017107857845565  5.992709085435898e-06
                  19000      -1.00121545791626     0.1931698471307755    0.03426883500183385    0.05030149998433699  0.0001566495636505739
                  19000    -0.9735382719970168    -0.2974226756689742    0.03278292258777311    0.04818174016672103  2.398099563152524e-05
                  19000     -1.008270434652459   0.001243014650375935     0.0332174982598693    0.05104858651629288  2.842411306532542e-05
                  19000    -0.9479159712791443      0.161805734038353     0.0344428916313634    0.05023810410861168   0.000371033472502661
                  19000    -0.9941432060887151     0.3427274550779789    0.03344329794820373    0.05072105366009998   0.001232940984296677
                  19000    -0.7651382088661194    -0.6293601393699646    0.03386404987624246    0.05006866678549451      3.753603882674715
                  19000    -0.9792332167402711    0.09182166688364513    0.03501629053941214    0.05044555786426096  9.644640874998298e-05
                  19000    -0.9365347027778625    -0.3115195333957672    0.03376596692839074    0.05003040567648349  2.847262302531646e-05
                  19000    -0.9543581707825749  -0.004256470094019097    0.03319297807440607    0.05036560510879863  0.0001134313032940245
                  19000    -0.5488691329956055   -0.07570014894008636    0.03358289630832329    0.04989267761584924    0.04034427109050197
                  19000    -0.3494291305541992     0.1292172223329544    0.03374326524669091    0.04977589306814979  3.990925289883177e-06
                  19000    -0.6235938178577359    -0.2299218942985453    0.03360588781979973       0.05210882653135      68.00386636185672
                  19000    -0.9265443086624146    -0.7828048467636108    0.03263981201202325    0.04891441545716869   0.002370522122785717
                  19000    -0.9507444500923157    -0.8668388724327087    0.03260950919561289    0.04892771782862691   0.003016258636254638
                  19000    -0.4805006384849548    -0.1314213573932648     0.0325390514046358    0.04887150327964704   0.006266001720863193
                  19000    -0.3891763985157013     0.1895143836736679    0.03241521250838299    0.04862343404448118  1.742493378979512e-05
                  19000    -0.2997879525490505     0.1057781454507724    0.03275310154138412    0.04792308995822063  4.486017241041264e-06
                  19000     -0.029890526086092     0.1710933297872543    0.03245000237533111    0.04843742079326099  2.771857491087718e-06
                  19000    -0.2718182802200317    -0.3841205239295959    0.03230705143568204    0.04836471473245643  1.171418361231487e-06
                  19000     0.5837550163269043    -0.1195524930953979    0.03245774667870922    0.04832905829442089   1.33323160142944e-06
                  19000      0.859065055847168    -0.2305243909358978    0.03332714158331703    0.04820103335942746  1.093670259294841e-05
                  19000     0.7767304182052612   -0.02851877920329571    0.03340980158684604    0.04817453367940851  3.394146275719377e-06
                  19000   -0.01967824149278691   -0.07036006588710277    0.03345884263364907    0.04811704449155953  6.872377028990008e-06
                  19000     0.2595227956771851      0.326878160238266    0.03301279011767969    0.04734802530033039  1.213213145997643e-06
                  19000    -0.7469630929706784    -0.4137373414020624    0.03316300402828774    0.04690034714185533      89.57869087804171
                  19000    -0.2743848562240601       0.17832350730896    0.03272440669860416    0.04715117703376407  1.812834946765967e-06
                  19000    0.06847020238637924    0.04583171755075455     0.0327633518393172    0.04710487254604528  2.906766640089661e-06
                  19000    -0.5267587304115295   -0.03643833845853806    0.03277347841000578    0.04708072134842477    0.01345532812536353
                  19000    -0.3755640089511871    -0.1369277834892273     0.0327809527410628    0.04705723992938569   7.13649798268149e-06
                  19000     -0.316773533821106    0.05468656122684479    0.03278210465019379    0.04701090019789239  3.322988782981902e-06
                  19000    0.04579734802246094     0.1316135078668594    0.03277523715728985    0.04696465358599992  3.541237098550049e-06
                  19000   -0.01319657824933529     -0.118311382830143    0.03276204988715212    0.04689627907758245  1.729238266235127e-06
                  19000    -0.2298040339867292    -0.1058140926459719    0.03330861159001699    0.04665602272024937  4.739028938880301e-06
                  19000    -0.1716205924749374    0.01604424603283405    0.03263388057240496    0.04657090636109356   2.40386536434048e-06
                  19000    -0.6962583661079407    -0.4413687586784363    0.03249573086673882    0.04652086826352732      99.30604153728821
                  19000    -0.7427711486816406     0.0991516187787056    0.03220772469777126    0.04633843588825208      26.08518063158295
                  19000    -0.7838774919509888     0.2371264696121216    0.03185180563606452    0.04609570774428306       24.3470752543926
                  19000    -0.7645610570907593    -0.1335909813642502     0.0318313955180175    0.04608775358309863      14.50454933382503
