#! FIELDS time deep28.node-0 deep28.node-1 sigma_deep28.node-0 sigma_deep28.node-1 height
#! SET action OPES_METAD_state
#! SET biasfactor       16.03631500507211
#! SET epsilon   3.735419329000485e-08
#! SET kernel_cutoff       5.848558909940468
#! SET compression_threshold                       1
#! SET zed      0.1287287978350793
#! SET sum_weights       1592.763106270493
#! SET sum_weights2       18354.51750290961
#! SET counter  992
#! SET adaptive_counter  500000
#! SET sigma0_deep28.node-0     0.08823781719960055
#! SET av_cv_deep28.node-0     -0.7393013442569455
#! SET av_M2_deep28.node-0       98002.05831850099
#! SET sigma0_deep28.node-1      0.3570334544426246
#! SET av_cv_deep28.node-1     0.08193884557601819
#! SET av_M2_deep28.node-1       107332.9262524564
                  30000     0.5892586497198378    -0.4550640261679272    0.05047993434326747    0.06131594209007374      8309.090022345468
                  30000     0.8511430558456764     0.5249771054268894    0.05280776534028805    0.06885765737160306      4609.776996437031
                  30000     0.4651005812801682    -0.6216114147859741     0.0548703981306776     0.0717668060485947      7.551306574445986
                  30000    -0.9707236505765715   -0.09771278395790554     0.0606204245960436    0.08373471638714181      92.48703749780849
                  30000     0.7017312026389124      0.104091583073805    0.05213722979040248    0.06897126253853994      484.9903644123182
                  30000    0.03795981214403671     -0.868909242060286     0.0537943158780284    0.06740794730579078      0.413385244099246
                  30000     0.6525523977061295   -0.09264096938519799    0.05168885205690528    0.06555915131513351      913.2410139403368
                  30000      0.630216682433311    -0.6127425994001819    0.05074514156378136    0.05701300220596024      78.15591186964686
                  30000     0.1901417531451262    -0.8425703687091843    0.05308136270367077    0.06733981221128051     0.1952694587982046
                  30000    -0.2107786011305235    -0.6717093355150898    0.05625322052113648    0.07129377098039294   6.17630256363797e-05
                  30000     0.7679915363902919     0.3238480864458686    0.05328999763225038    0.06807088761199988      718.7019583446211
                  30000      -0.24259972775931    -0.7886268642290311    0.05630260707406979    0.05967133485846706  0.0007947231817866579
                  30000    -0.3374655560954514    -0.7751179302882678    0.05400265818436812    0.06263640082346789  0.0004393354525225461
                  30000     0.6684816479682922    -0.5122174024581909    0.05941012954364778    0.08770440417751946      5.098823266507174
                  30000     0.1037259789743853    -0.8744918745237201    0.05354813348897881    0.05827365061216148     0.2750005526250989
                  30000     0.1239749310728077    -0.7898625360614469    0.05274550954002235    0.05953607116095748     0.1621221395091684
                  30000     0.6320989305450004    -0.2381610397472549    0.05374698187611134    0.06052586221078685      293.9742075998531
                  30000     0.6185478434710896    -0.3608215166193693    0.05124705144214232    0.06768389236707842      851.5537973200459
                  30000     0.2580632674541529    -0.8491464343587548    0.05117067910986841    0.05652842242006707     0.1272255004644882
                  30000     0.7273997279490182     0.2178771625907575    0.05184547980224624    0.05838716777617035       358.361464806408
                  30000     0.7974670581274443     0.4233518610403564    0.04881724690894351    0.06052610524231451      665.3161827637437
                  30000     0.2775293571661951    -0.1656745194013452    0.04344663500020197    0.07175711891803295  3.372087488624245e-06
                  30000     0.2655835249530016    -0.6652611109050965    0.05231847722731406    0.05597871109686992     0.1457988849167728
                  30000    -0.2560648918151855     -0.493986576795578    0.04448028658210679    0.06504402074295969  8.601933936811231e-06
                  30000     0.7203522920608521    -0.1939009875059128    0.04444002657320299    0.06491974887023169      2.547849082874185
                  30000     0.2181455401954545    -0.7527585863805902    0.04957009877179137    0.05643882280912895     0.1502087327570908
                  30000     0.3483926930249595    -0.8084409000057955    0.05117773037312907    0.05800187951357421     0.2293398934812317
                  30000     0.6530890526909222   0.007812884005750144     0.0491947738946397    0.06435751716746975      93.23810211250046
                  30000     0.1192093964822986    -0.2784026235952318    0.04581421996799518    0.06167105232957366  2.870456342929924e-06
                  30000     0.7152457332668553    -0.6182084730919386    0.04538418378042384    0.05811342002125267      2.136759440572733
                  30000     0.3065247303212797    -0.7314787109072758    0.04930099673418026    0.06642826137752028     0.2625246767929372
                  30000    -0.5761926822213185    -0.5898820475223265    0.04966954161931809    0.06081115139843891   0.006598720663903666
                  30000    -0.5355459450498962    -0.7658704483160846     0.0509753210969429    0.05964218917906455  0.0003000702752050277
                  30000    -0.4272172342938092    -0.7462936413308365    0.05096771807936126     0.0594408848255012  0.0001539464734224929
                  30000     -0.395047260709866    -0.6637695173823859    0.04678303928659399     0.0549262807185397  3.440828462385516e-05
                  30000    -0.6687028935721585     0.7193309320745066    0.05082070603363325    0.06255088956652602  0.0003115620144491012
                  30000    -0.8327845474539681     0.6936504171030596    0.05393002501635725    0.05850877527017714    0.02052034097303897
                  30000    -0.7418462656336292     0.7868219446803105    0.05397127550942783    0.05568781596571348  0.0007692281194315159
                  30000    -0.7531211691315174     0.6793588903912354    0.05194584209603439    0.05618873140486141   0.004157691179479581
                  30000    -0.6859279870986938     0.8626556396484375    0.04519456532366065     0.0618174340308459  7.326142236053449e-06
                  30000    -0.9194883641699279     0.5104858789025472    0.05173016701165503    0.06479571162777946     0.1060011200897423
                  30000    -0.7940550934668763       0.59702073287375    0.04806538128570757    0.06010695010213594   0.008185274079832498
                  30000    -0.7204698327142935    -0.4026811515314792    0.04902908872429922      0.058044688597979    0.09135813069858983
                  30000     0.4408605675377951    -0.7847972692947039    0.05441530743780829    0.05720598339342284      1.292905280958745
                  30000    -0.2997460113035276    -0.7010121279583641    0.04509447472295294     0.0608884228694099  6.077685405924088e-05
                  30000    -0.4162485216679281    -0.3102972133669817    0.04725250910106178     0.0585405877324973  2.812830860151983e-06
                  30000    -0.5135678553317961     -0.702141081098985    0.05219010235920891    0.05849920339332843  0.0007254860676183197
                  30000    -0.6978398824822306     -0.463345175891359    0.05154480017778061    0.05723307637849204    0.04146982427190406
                  30000    -0.8704567744351218    -0.1949797961971471     0.0494660382840969    0.06209700010834165      7.290348283456747
                  30000     0.1596909704338944    -0.4767913689864621    0.04812099067752126    0.05976758485326201  0.0001699016376338475
                  30000    -0.8146739727836816    -0.2060918046332471    0.04913825161929184    0.05617063958268257      2.720682415989644
                  30000    -0.4281824730156622     -0.837575467264782    0.05187282972328671    0.05489015545356567  0.0001395017250356237
                  30000    -0.3236264288425446    -0.6108782291412354    0.04750083439034121    0.06039010597179976  1.135381702626809e-05
                  30000     0.2598038911819458    -0.4057740271091461    0.04742263734462539    0.05996818514030252  4.324781268298165e-05
                  30000    -0.4252512156963348    -0.2123948782682419    0.04734375124126958    0.05988690727139542  1.294406832748233e-06
                  30000    -0.9151141714371054     0.4121110062557378    0.05154161270425268    0.05555313533113077    0.05789060586666671
                  30000    -0.9864882215957864     0.4034650951305739    0.05031009785064158    0.05488486530820302     0.0139377740342857
                  30000    -0.8703922627284849     0.5528229555097917    0.05121306779276857    0.06052999459378199    0.05494059958531287
                  30000    -0.5692360401153564     0.1621585637331009    0.04939699358948738    0.05997021109772747   4.55217000524226e-06
                  30000    -0.6405816621058299    -0.4580869488511587    0.04908684995261581    0.05145742497202551    0.00468038928482373
                  30000     0.7546102857385558     0.1289386777693826    0.04944209208818769     0.0609750806227168       18.4426128141781
                  30000     0.5966535210609436    0.07503146678209305    0.04980138248480084    0.06003539357847529      3.209882293888612
                  30000     0.5406283195513917    -0.5245223801650092    0.04950475573258902    0.05695642548043158      218.0263702464088
                  30000    -0.9172456860542297    0.00441998615860939    0.04824869744703424    0.05772219229288091      1.377698555418561
                  30000    -0.7070552706718445     0.3358501493930817    0.04857161622884369    0.05781055738967005  6.132794398220771e-05
                  30000    -0.6624188423156738     0.5686089992523193    0.04881334585361818    0.05802957311010748  1.583512680600243e-05
                  30000    -0.7738444969293088    -0.3464659347421863    0.05173350243234034     0.0568404574466447     0.1928384772738002
                  30000    -0.1836111098527908    -0.2863793969154358    0.04941605607223322    0.05787213920910816  1.199847244401179e-06
                  30000     0.7235195235322722    0.02672928904290325    0.05183613925733738    0.05637781074738201       74.5911564953483
                  30000    0.05308276042342186    -0.4979599416255951    0.04902052274402357    0.05683217092145872  3.579064458333242e-06
                  30000     0.3549882044475902    -0.7117189822814721    0.04800368148857343    0.05390315898500762     0.3129278329457756
                  30000     0.4166921006632843    -0.3616865627518883    0.04962932976822977    0.05474805297073525     0.5666048210341543
                  30000     0.4253700021850666    -0.7143776462362256     0.0513868402175343    0.05588722656861684      1.251142501981359
                  30000    -0.8398911234251295     0.4935745073215186    0.05054993812697843     0.0567498281215985    0.01555838269195085
                  30000     0.3165575170482994    -0.8572267275966043    0.05022519499294024    0.05682420164037594    0.08195796650349869
                  30000     0.6424970749088736    -0.6903852869865955    0.05155438029685162    0.05521214368347718      8.131790095158589
                  30000     0.2888397900245258    -0.5320236665168496    0.05041083341579046    0.06042188873882352    0.00901961687756489
                  30000     0.8987247718166015    -0.3350095932884773    0.05042686417915219    0.06163114755589814    0.01082905062355144
                  30000     0.9998108605594199    0.03035836906162656    0.05075574903156162    0.05970644920028319  0.0005360434809109503
                  30000       0.87220412427362    -0.4511266753630567    0.04991975076615187    0.05988937008819235    0.02325645345024541
                  30000     0.9289188395298126    -0.1675745962663318    0.04798618640493977    0.05707360361494764  0.0001682515952174563
                  30000     0.9699914838724192      0.182920523579425    0.04990475766336278    0.05393058116932594   0.005860172961766524
                  30000     0.9790247267209985   -0.06131552208054508    0.04885191867079162    0.05534511332664826   0.000170749612130748
                  30000     0.9322035908699036     -0.104730911552906    0.04757863232504377     0.0545239330476309  0.0002966535440112021
                  30000     0.7751449499713021    -0.6082013585444512    0.04903146379915782    0.05393596148046473     0.4499398362839918
                  30000    -0.5336239778406221    -0.1178102945738994    0.04880359159296837    0.05622085568579136   3.38622720496497e-06
                  30000    -0.7159506678581238     0.4526031613349915     0.0489913870441836    0.05450397799619953  2.422944681819474e-05
                  30000    -0.1355121433734894    -0.6789063811302185    0.04898525435725307    0.05450185279676652  1.067442602423685e-05
                  30000      1.017340647054067     0.1355359695350787    0.05040376637107199    0.05656496907084744  0.0007942975616282461
                  30000     0.8264681696891785    -0.5386093854904175    0.04859530691329033    0.05319506323470307      0.032932080278172
                  30000    -0.5845310688018799    -0.2232949733734131    0.04792144902662335    0.05247890524095618  1.383191728831378e-05
                  30000     -0.496783971786499    -0.4328300356864929    0.04817654162192774    0.05247095845970799   1.68534988388102e-05
                  30000    -0.6077777147293091     0.6843144297599792    0.04839790544072177    0.05252818001046768  1.521949344418561e-05
                  30000    -0.8633751021508136     0.2792024764288208    0.05354552963467945    0.05456873907350192    0.04993280636188897
                  30000     0.6102581547734343    -0.1613701810317179    0.05003356536692854    0.05403927552335787      97.42323196744354
                  30000     0.2470495253801346    -0.9419920444488525    0.04838095126703516    0.05217555032178889   0.004571984902738059
                  30000     -0.940921425819397    -0.2539504766464233    0.04892819591842207    0.05207352322869953     0.9256502700291578
                  30000    -0.8736220269507446     0.1720285740507774    0.04977339121130477    0.05948589018336227     0.3385894613460477
                  30000    -0.4794187247753143   -0.07962822169065475    0.04913070328695047    0.05232247516603772  1.461956923005253e-06
                  30000    -0.7801583346465237    -0.2581734070192021    0.04944472379698033     0.0526770439554302      0.271719489009618
                  30000    -0.9263841547742635     0.3107960449071749      0.051492543923959    0.05687552226936207    0.04672954460950122
                  30000    -0.1396530992527815    -0.8368651824963959    0.04932374378349565    0.05317887806576291  0.0005511359190982418
                  30000    -0.0951020212394893    -0.5896979598874413    0.05096362167429772    0.05421783140405716  1.569164077041125e-05
                  30000    -0.7810800078099859     0.7442627696518985    0.04954305421188637    0.05208078175822294   0.002218252704869838
                  30000    -0.4930133902293151    -0.3267661851675977    0.04820769500522954    0.05186658376755955  4.869586886584981e-06
                  30000    -0.8860998864549814     0.6435249088290824    0.04929058453056001    0.05195093023375991   0.006850978608555581
                  30000    -0.7973154092375404     0.3941596053370977    0.05040501200173276    0.05686022735690734    0.00463656737795639
                  30000    -0.5792809724807739     0.4553953111171722    0.04869300607806226    0.05256982578877181  1.581306066263678e-06
                  30000    -0.7903280884386741     0.2760257779585983    0.04953084120802636    0.05173671154639018   0.003650028159196569
                  30000    -0.6183425784111023     0.8747462630271912    0.04850176681204613    0.05243413357416574  4.711965420924485e-06
                  30000    -0.8607420921325684     0.3507299721240997    0.04847063289772901    0.05241774153530236   0.002798110625765128
                  30000    -0.4419530034065247    -0.1497687846422195    0.04841604187006213    0.05269126072993631   1.67527692484101e-06
                  30000    -0.5723296999931335    -0.6714642643928528    0.04835568381178049    0.05277647608080406  0.0003522747485009019
                  30000    -0.3328990340232849    -0.1122135296463966    0.04802405918230614    0.05279816556875844  1.381054960871037e-06
                  30000     0.5076202154159546     -0.567097544670105     0.0485493107685418    0.05239257606720834       32.1207911499797
                  30000   -0.03827767074108124    -0.6490544080734253    0.04852920413437883    0.05240688563995665  0.0001130052657301576
                  30000     0.5181705355644226   -0.04101471602916718    0.04864967026588507    0.05225880688427883      1.595750445524488
                  30000       0.40626060962677    -0.5467750430107117    0.04875764390439421      0.052219272384834      1.210366557992931
                  30000     0.3498827599035141    -0.6520518661497572    0.04957587140356348    0.05309045704805841     0.4104748746717816
                  30000      0.190099224448204    -0.6017029285430908    0.04862663884756292    0.05211317838249534   0.001929894366016221
                  30000      0.120123028755188    -0.7248014211654663     0.0485986148254471    0.05208773369391981    0.01299724855233208
                  30000      0.503571352428733    -0.7219318469147029    0.05002681384999028    0.05287536879971251      1.200016180593183
                  30000     -0.035935427993536    -0.8285728096961975    0.04830807777233966    0.05190291672351872    0.01221137409522418
                  30000   -0.04947813972830772    -0.8986457586288452    0.04727287413714962    0.05129124869167194   0.009801651837008468
                  30000    -0.6123576723948112   -0.01564048845977953    0.04869038556266704    0.05167933410437985  8.690927094691591e-06
                  30000     -0.989093577666522     0.3004511317573492    0.05096470980263157    0.05550446885013148    0.02295233109734387
                  30000    -0.6773209571838379    -0.5714254379272461    0.04772508366372875    0.05110754167345283  0.0009315793544822624
                  30000    -0.4241547882556915    -0.5785918235778809    0.04760202512851466    0.05098769519009256  1.429602837903237e-05
                  30000     -0.908115477089065     0.2373657830641686    0.04933271766814974    0.05379844811255918    0.08923892053388903
                  30000    -0.4589014649391174    -0.3889732658863068    0.04891449925439632    0.05129865269750438  3.743984253687396e-06
                  30000    -0.9915376357669409     0.2323019284926438    0.05251591943609595      0.051811205440821    0.01838074421809748
                  30000     0.2544178068637848     -0.485067754983902    0.04889086624502221    0.05128572808376412   0.001443424630916634
                  30000     0.3613221347332001    -0.2407651394605637    0.04893282112905087    0.05127605083584784   0.003245218164748045
                  30000     0.2333570420742035    -0.2479582130908966    0.04896556966902734    0.05125288490259401  2.905485733779277e-05
                  30000    -0.2555243670940399    -0.3844189643859863    0.04896599615445678    0.05122133508593227  1.755278391155859e-06
                  30000     -0.150505542755127   -0.04727301746606827    0.04929254940087616    0.05108475710556001  1.357816869573806e-06
                  30000    -0.5635573197767021    -0.1637017994551931    0.05169591506631175    0.05139123486054122  9.620800109474168e-06
                  30000    -0.6638228893280029     0.1511194258928299    0.04920784073880496    0.05105418942575765   6.47776482123181e-06
                  30000    -0.3689421415328979    -0.3992997109889984    0.04918723754344161     0.0510377228318501  1.673997095376079e-06
                  30000    -0.1308915168046951    -0.5465213060379028    0.04920677891906706    0.05108525197035598  4.012511178038409e-06
                  30000    -0.7134395368729295      0.255188852928015    0.04955107931268268    0.05091974760610164  0.0005537240783366048
                  30000    -0.9177179932594299     0.6008894443511963    0.04898607278091164    0.05090653453664638   0.006910256477164175
                  30000     -0.611101508140564     0.2609028816223145    0.04896601565449066    0.05089179911067656  6.968687485036614e-06
                  30000    -0.4763374626636505    -0.2235420942306519    0.04894983228597115    0.05087990886114955   2.16535612562865e-06
                  30000    -0.6383920311927795    0.04992319270968437    0.04890724875988466     0.0508369032313901  2.594183756269991e-06
                  30000     -0.961149090209059     0.1633955337218983    0.04890146870187507    0.05127289912221281     0.1455113086160459
                  30000    -0.5290046334266663    -0.2363918274641037    0.04862972042193105    0.05088283306092936  3.677033208989925e-06
