#! FIELDS time deep12.node-0 deep12.node-1 sigma_deep12.node-0 sigma_deep12.node-1 height
#! SET action OPES_METAD_state
#! SET biasfactor       12.02723625380408
#! SET epsilon   2.008904905162975e-06
#! SET kernel_cutoff       5.122093479753262
#! SET compression_threshold                       1
#! SET zed      0.4602465317368982
#! SET sum_weights       1584.605604831176
#! SET sum_weights2       10782.72192723397
#! SET counter  992
#! SET adaptive_counter  500000
#! SET sigma0_deep12.node-0        1.18086802890192
#! SET av_cv_deep12.node-0       10.54178641066956
#! SET av_M2_deep12.node-0       2197434.667622644
#! SET sigma0_deep12.node-1       10.16031387440974
#! SET av_cv_deep12.node-1       4.489138052033698
#! SET av_M2_deep12.node-1       37966337.53576803
                  14000       11.0384178489666     -11.23733982526249     0.3084284508641587      1.503125755455763      16752.95207725502
                  14000      11.09544161961175      10.60372806197938     0.3817906016052941      2.033350974949987      63.10676907224624
                  14000      5.741751350381672      13.16464510223127      0.296573366160959      1.228467994947767   0.002161609742248709
                  14000      8.127492656667517      12.61731060118215     0.3196433105009949      1.564557042906672       10177.0191417628
                  14000      9.383504921835398      4.358031343904142     0.3232860797242585      1.826287995173119      1358.389921087653
                  14000      12.31696584419942      10.09546638576365     0.3529788302802129      1.731050825979496        57.835406672344
                  14000       8.76984682467913      9.725880780554483     0.3112801117798165      1.411632097652841      2810.700434830379
                  14000      13.93562826367583      -10.2441016914032     0.3193591834072444      1.465150463763061      8.381176834881167
                  14000      10.07179530188026     -2.385052331781347     0.2998763870991858      1.436736358903976      2249.717777216689
                  14000      13.14920572597184     -10.84241599996732     0.3131522956731715      1.394309396674439      13.00111755427693
                  14000      12.48753599037091     -11.30755859028104     0.3050222550615262      1.361384687636139      26.85414662496003
                  14000      13.73542192125013      9.360875380836523     0.3629892377981778      1.353970059120164      4.548999665128672
                  14000      16.67688755867398     -1.771578730515595     0.3235027667858156      1.457726946923923     0.0106615129088785
                  14000       10.2895801838359      10.97662413138593     0.3202360153086556      1.525003050838988      153.7918977495441
                  14000      3.233624896694881      12.35662643577501     0.2930362448843093      1.568772512406417  0.0003300351928128129
                  14000      8.171301908243175      3.014207782711674     0.3760735950150851      2.071427239228933      3.203042188507327
                  14000      9.409434060990767      12.96267844628349     0.3107194190128557      1.374506735342696      744.1065823207875
                  14000       6.70211935043335      -11.4106559753418     0.3745974617364999      2.400380140436471  7.982109241494804e-05
                  14000      15.83468986958737     -4.028948698692792     0.3359032233771546      1.437741485293584    0.00396193086764262
                  14000      10.23929662427076      1.367323679067513     0.3123544756242587      1.483210837997234      142.4632160875305
                  14000      7.660981704121092      13.50113633138862      0.329398699622772      1.367007166516949      1685.382922190749
                  14000      10.81297220809224      13.08470820467202     0.2996394420604371      1.364196877311001      66.97134721863715
                  14000      9.037447177251405      12.78033376455029     0.2859425246352981      1.293926493628395      1691.496658559756
                  14000      10.67433278820788     -6.560323600621213     0.2922699273381961      1.429508528038151      1346.549486536698
                  14000      14.54500742736595     -10.10777678323704     0.2921148504417783      1.283351802587748      2.191735016402553
                  14000      8.529946192602369      13.02513272273405     0.3115086523457697      1.234790499251925      4173.462558282242
                  14000       10.9660672247161      14.99625850802665      0.306908649508815      1.262340496756521      24.99505944158211
                  14000      8.916987075226777     -1.839784953481242      0.292644192636961      1.544846632244506      5.105771875993678
                  14000      9.533273304319982      9.141406362376603     0.2911546849795073      1.354785019161985      298.9795760906696
                  14000      12.80884705194027     -4.459407783945258     0.3005252555127653      1.386534147859959    0.08584325262055076
                  14000      9.701885448861452      6.572018119500632     0.3115492297923629      1.585254953572499      202.3311868622433
                  14000      15.58497507230033      4.778942240128584      0.308143290856584      1.416033247954072   0.006115380055672753
                  14000      14.99838924407959    -0.3093357086181641     0.3203463945204244      1.796588380572252  0.0001268008246677125
                  14000      16.11355896221174      1.802485981199651     0.3123519303297943       1.40812311877706   0.004115880725050373
                  14000      15.14715498940696      4.940558521805374     0.3126262247310734      1.597377413551922    0.01445608319871854
                  14000      14.57807445526123     0.2663722038269043     0.3229036162234946      1.780559701474183  0.0001877294367663129
                  14000      15.71154943858584      1.640829527848754     0.3343005363324522      1.740528896080213    0.02435099189963947
                  14000      14.62251158601239      8.119234540553567     0.3083579216570608      1.474074507871215     0.1436165524107091
                  14000      11.49978253167197     -11.85725857218219      0.303425391420979      1.362767697512119      1488.343762898877
                  14000      13.21641863519702      9.062771616574434     0.3135908049762515      1.325093111521732      10.07612653272773
                  14000      10.34865252010255      14.12205967739826     0.3158348264659037      1.470624067611898       42.3565581309017
                  14000      12.46765540411849      12.81885160916767     0.3024495287920796      1.503274372344126      7.640861944823228
                  14000      10.57200513257032     -9.386973717202231     0.2980344047177105      1.416450390453245      921.9000561556793
                  14000      12.81190676859623     -1.321552257353168     0.3182118647044302      1.386085502716464   0.009979735735067032
                  14000      11.34518692365523    -0.2575028684660727     0.2924436484807712      1.211347282442727      1.850942651688848
                  14000      11.64149858655036      13.19659787085287     0.3116403386861146      1.335832870497967      23.12686803463455
                  14000      12.01620012826213    -0.7547147355265434     0.2743334512293359      1.202872529675247    0.01949369126015141
                  14000      10.71877873732924      3.076722619657219     0.2933023389558889      1.362658781810294      7.846080781469231
                  14000      15.80289649963379     -6.579726219177246     0.3195305021817614      1.613221572965798  0.0002325946428459536
                  14000      16.40572187080117     0.4278566877576433     0.2994898479070953      1.456986236251775   0.002942391276251522
                  14000      15.45840119590745     -5.599819459638947     0.3003641846971183      1.637737581862456   0.002555334801421995
                  14000      15.19046190757107      6.943655538375987     0.3045227269330094       1.38998568370463    0.02453790535515484
                  14000      16.13962000853813      3.914462736448452     0.3046881030635121      1.352667482088641   0.004574614149771563
                  14000      14.72547149658203     -6.608956813812256     0.3157806265133654       1.56451665358364    0.02108069343721696
                  14000      15.58274190814622     -8.153606608518984     0.3294876682919303      1.488368655389025   0.002573576647407031
                  14000       9.13026303873438      7.737308069791887      0.291449202766435       1.25611614619711      1477.401357983291
                  14000      12.01941948537502     -4.097279527077061     0.3055284780333422      1.463012037327739     0.3453808411616414
                  14000      8.462631622670164      6.752187472725312     0.2868084915390584      1.335260123306109      46.50663091737152
                  14000      9.625188563310704       1.83890639896202     0.3098100350794237      1.258506169685859      121.4702650652869
                  14000      11.86935626278172      8.473339732240705     0.2674338719954087      1.212922415930742      11.12342818182664
                  14000      12.91377490556792     -9.392367656355219     0.2871616639670225      1.190825878907704      2.117845266883527
                  14000      9.401754878087601     0.5614096014186517      0.276980316679389      1.373220028202246      358.2458126193878
                  14000      8.442440075915034      10.99219770661809     0.2875082056515468      1.341837142612049      2027.258017760085
                  14000      10.61400413513184      15.66148662567139     0.2998913564451244      1.425255065617043      2.380772194529816
                  14000      4.373587608337402      10.38847637176514     0.2961168846695587      1.402104579395304  0.0001739537346431948
                  14000      14.91667747497559     -8.047656059265137     0.2907912855362524      1.347747590069014    0.02617682385347847
                  14000        11.319576810249     -1.669904543964502     0.2828401490520998      1.243605948767281      3.373689935853319
                  14000      11.57217862964302      11.28699015408111     0.2975282992858272      1.271761102732638      30.10993525546464
                  14000      16.43928283554872     -3.333701290212826     0.2940818194842416        1.3399886697261   0.001290761414750795
                  14000      16.51514625549316     -4.771984100341797      0.295617226487022      1.325894613567466  0.0003684954301159406
                  14000      15.48336791992188     -1.282153367996216     0.2955692653429174      1.320201370769294   0.001296936034255075
                  14000      14.12945301754266     -1.365657533094526     0.2806470377485898      1.308054266494895  0.0008681587857536096
                  14000      10.40999339018459      8.174894677762952     0.2783076011519321      1.301294090329287      19.35438548891559
                  14000      1.636390686035156      9.670805931091309     0.2972107709734533      1.303665191490258  0.0001851636801522625
                  14000      9.289921760559082      10.79814529418945     0.2966057814680993      1.296796448117392       51.0912289317784
                  14000      10.13814651001813      3.470294821005592     0.2782611982930921      1.221674498625159      23.42254470036604
                  14000      10.62269421251147      9.912750427069341     0.2805573460754269      1.248425447452199       44.4493758070431
                  14000      12.97958471563074      10.38555235893947     0.2819041500878433      1.203257353490346      4.473622674332481
                  14000      15.29106521606445       2.82578444480896     0.2957588149760747        1.2772348165543   0.003120008211952312
                  14000       15.0988826751709     -3.333121776580811     0.2981568755674054      1.275304182647162   0.000704297471708862
                  14000      15.07964081356212     -10.04572957373857     0.2757895013444168      1.171026731766597    0.08586629062504247
                  14000       9.81886885929846      13.78199687360332      0.276414177842598      1.222006865041207      59.25936062625338
                  14000      6.954526901245117      5.909224033355713      0.295013273449597      1.260895139549117    0.01555057991630296
                  14000      10.83441515385908      4.809500025315906     0.2701688545036384      1.234248266158567      2.161323084112949
                  14000      7.176997184753418       13.5372371673584     0.2797393259227353       1.20416195558564      48.74475234425812
                  14000      13.99237060546875      6.285998344421387     0.2799442914286402      1.203390894998399    0.05790086998477698
                  14000      13.40815675792773     -4.615825865534027     0.2675688506768174      1.115556029591142    0.01999300508110362
                  14000      10.92527318112289    -0.7586395636196615     0.2875426404733589      1.221490090692578      18.66982192641309
                  14000      9.786223061584836     -1.561086037393821     0.2629743054105376      1.190606811069499      221.0479877371042
                  14000      10.09618598401204      13.05147627551158     0.2666079013871524       1.22906788791778      25.07001839302495
                  14000      13.18438262147371     -6.450276574070066     0.2613309700799057      1.216158003705002    0.09459062707689318
                  14000      7.350835613982643      14.88893036037296     0.2736262681176993       1.12357381155559      112.9753735332453
                  14000      9.035707415506037       5.66150368129507     0.2677844597965222      1.194858041004832       387.315088289357
                  14000      11.33482587573122      6.426170768748833     0.2790192342973463      1.097291409737822      4.886250981345556
                  14000      11.37719698546032      9.030059067933081     0.2814472054032491      1.173706339869159      15.04720008162834
                  14000       13.3347928708509      12.07326781101695     0.2800641799868694      1.107272592538298     0.6742605122631724
                  14000      10.31830406188965      -7.75726318359375     0.2729605389590534      1.168446017855644      60.32724538332951
                  14000      10.36453704222469     -4.441363732128003     0.2658801593009075      1.254839453221767      271.3279990912564
                  14000      11.43725015159304      -4.98126277698105     0.2686867515507519      1.154276144395281      7.922435326971406
                  14000      11.73965531824192     -8.114064127563118     0.2682484126216714      1.152741493275995      56.26642868572344
                  14000      10.21717746257615      5.125393640845878     0.2732304167427742      1.096186148109324      22.87888535795545
                  14000      8.532727890532925      14.46934472696783     0.2773671746851045      1.121138800013196       384.864370540977
                  14000      11.58347511291504      1.609808444976807     0.2658896455799608      1.133400131623995    0.05359254253615105
                  14000      12.15296158139978      7.545003019203516     0.2789150468807258      1.090236179196145       4.69712956906358
                  14000      12.90755728136511     -11.92571285904004      0.259114726911965      1.072591592784511      2.218407488097559
                  14000      6.655471801757812      14.41764545440674     0.2637197615251267      1.127652891803381      3.102497370207875
                  14000      10.65229957995258     -4.922246402441838     0.2811900648063598      1.107001010824328      233.8841533031494
                  14000      12.10391330718994      -12.0565071105957     0.2630366248877455      1.127350218943291      16.75304395383846
                  14000      9.830240352382857      11.96265235361948      0.259087794521324      1.186160602934429       183.893401944508
                  14000      11.41242838276873      14.68249475260373     0.2591949208783558      1.131625009404156      13.40170836166336
                  14000      11.20525890207684      4.491076699901509     0.2742795320658517       1.12724657535552      1.024652869720156
                  14000      12.51100861868841     0.1692993621851125     0.2712816655251386      1.071218312283513   0.006631949136248776
                  14000      10.67820471648682      -2.26859168238115     0.2677911013540329       1.11526459299348      56.18200062724573
                  14000      10.58444699534369      1.308558298419261     0.2541717804113494      1.084627107571179      26.00222848173597
                  14000      10.42686523474953      3.565570590240392     0.2539104568091903      1.138156872530497      11.36249984700254
                  14000      12.72800935343472      9.444910277430999     0.2551944491177324       1.12085367616789      7.597857129447386
                  14000      13.52002048341077     -7.349428429568491     0.2647518783410263      1.113820442979998     0.2529165948641364
                  14000      10.07869747864334      8.163017901206187     0.2636912442329845      1.211024008221826      34.31685951669728
                  14000      9.939548566633169      10.74943139179213     0.2544651715295763      1.076896351364002      37.84279252686287
                  14000      3.770225286483765      9.325981140136719     0.2547155815945609      1.090793478260196   0.000264114794083862
                  14000      12.05445289611816      -6.10304069519043     0.2541576125509832      1.088578947979075     0.8083273253455922
                  14000      11.69328254524901       3.69282401838738     0.2616120962648847      1.040553864802738     0.1066450664378695
                  14000      14.20864200592041     -8.114036560058594      0.252724020324572      1.085762491600888     0.2347048825644575
                  14000      12.00525188446045     -8.499359130859375     0.2528969269233391      1.085860761419875      7.867843038071664
                  14000      11.17695999145508     -3.740539073944092     0.2527018654218761      1.084860938166508      4.455420914445405
                  14000      5.970882415771484      14.96463775634766     0.2532416283560113      1.085178648327813    0.01476728780881303
                  14000       2.42310357093811      9.855564117431641     0.2539519385482302      1.085454051767912   0.000261737140792674
                  14000      10.92495441436768     -8.007297515869141     0.2533089109219606      1.083377144449234      150.1725413720651
                  14000      2.883616924285889       12.7916259765625      0.251141279906972      1.069020695406897    0.00029668792635016
                  14000      15.94808101654053    -0.1761064529418945     0.2516894119690059      1.067835357262597    0.00214194787614472
                  14000      15.56810567340603      6.929341843449827     0.2601903801787684      1.082329370774773   0.005752786169289729
                  14000       15.8783130645752     -1.633236169815063     0.2531357688779057      1.066443888195689   0.001307796552479513
                  14000      14.23178005218506     -3.411154747009277     0.2534042836666022      1.065989988803596  0.0004925438329855964
                  14000      14.35465526580811      2.839226484298706     0.2536748879465626       1.06155049669301  0.0004416300801555344
                  14000      12.34872245788574      2.294977903366089     0.2537808168468773      1.059920232941974   0.002790957308146689
                  14000      10.70359897613525     -3.623124599456787     0.2537003810890319      1.057022829172892      28.92915066367542
                  14000       9.03557014465332        4.4147629737854     0.2518749632970312      1.052135748270533      63.84419375126377
                  14000      11.35836029052734      12.52355861663818     0.2514049930732444      1.048149444461472      5.625334384070239
                  14000      10.12564849853516    -0.6069223880767822     0.2505053290084941       1.04530617725187      52.95942435704212
                  14000      10.77015518226603      8.209030714104692     0.2477787734566887      1.133560132719528      14.54606823750354
                  14000      12.05496740291526     -2.451666927742667     0.2619460693513344      1.039339770770331    0.07599005668379377
                  14000       14.2037296295166      7.780375957489014     0.2488141219476518      1.035398596219554     0.1305552597798344
                  14000      13.52463361326883     -11.20250278584581     0.2541335003838225      1.070859368456959      1.627704790972472
                  14000      13.08047199249268     -7.879729270935059     0.2481301273378185      1.035419238024028     0.2379449163745919
                  14000      11.26210689544678     -8.590389251708984     0.2478243230507562      1.034376172580045      183.3972974568701
                  14000      13.65088272094727      3.810526371002197     0.2486831847245393      1.031929103680723   0.001245184001268474
                  14000      14.35931205749512      8.916364669799805     0.2488110772005495      1.031516246969247     0.1277503222354743
                  14000      12.88925035420591      7.432964135415622     0.2467422825228269      1.022443043900765       1.80065790242538
                  14000      12.67042064666748      5.017573833465576     0.2487270309599486      1.031675254205706    0.09128333591614751
                  14000      13.08207511901855     -5.251487255096436     0.2484668792991978      1.033649520323533    0.01881298866371672
                  14000      11.71154022216797       7.38409423828125     0.2479713483914007       1.03127252496565      1.485587062638649
                  14000      9.099075317382812      14.39027214050293      0.247125568512117      1.027738881082545      85.55976786684188
                  14000      6.368947982788086      13.66971588134766     0.2467755147565706       1.02561393503356     0.2978089897091318
                  14000       10.9150447845459      6.019309997558594     0.2468050880320501      1.025409685531551     0.8900615449579212
                  14000      10.57259178161621       7.04444408416748     0.2466065124514261      1.024922948944645      2.950438824860509
                  14000       12.0321626663208      12.57073020935059       0.24692407533866      1.020700722117269       2.92870405614007
                  14000      10.04604625701904     -5.310050010681152     0.2459955251618696       1.01935810776831      32.56438276570432
                  14000      12.54647064208984     -6.726881980895996     0.2437576596733356      1.012957541837799    0.09948408350151235
