#! FIELDS time deep17.node-0 deep17.node-1 sigma_deep17.node-0 sigma_deep17.node-1 height logweight
#! SET action OPES_METAD_kernels
#! SET biasfactor       12.02723625380408
#! SET epsilon   2.008904905162975e-06
#! SET kernel_cutoff       5.122093479753262
#! SET compression_threshold                       1
                   9010     -11.34426593780518     -6.935398578643799      11.96430890301506      4.500747447130837  5.979173072774214e-06     -12.02723625380408
                   9011     -13.76035022735596       9.09284782409668       11.4428785934805      4.636513607079684   0.002974068690189949     -5.832673462928218
                   9012      21.19673156738281      -8.27537727355957      11.00658080432862      4.471259075893536   0.000255959748209543     -8.360506383378699
                   9013     -5.426274299621582      -11.2950325012207      10.63837253336168      4.318232846382247    0.02230918805612659     -3.961622309118084
                   9014      24.37432479858398      1.625164031982422      10.29658935953849      4.177879116347895   0.006272448478503316     -5.296151468282744
                   9015      21.69440460205078      3.792759895324707      9.061931783605615      3.941435681957838     0.9411998914119597    -0.4711517900566904
                   9016      18.32915306091309      -8.30434513092041      8.755433806412844      3.792341046426781     0.1031314490767426     -2.755272281208487
                   9017     -13.20593738555908      -8.42255687713623      8.404081592132732      3.648481051362788      0.139158685128581     -2.535291369295561
                   9018     -8.139745712280273     -7.535560607910156      7.776811837761135      3.365716556923063      1.004364010529052    -0.7170375491555272
                   9019      1.997218370437622     -12.83647155761719      7.351568971229265      3.171900012987003     0.7883081760207179     -1.074801056073281
                   9020     -16.82977485656738     -6.276444435119629      6.978001856647105      3.012391005696559      2.528870388354537   -0.01290997171706488
                   9021       17.0159797668457     -9.476455688476562      6.755684459050368      2.910981747753537      0.416470446930718     -1.883244502681004
                   9022      14.67876625061035     -7.486547470092773      6.459222184829227      2.787800536913121      1.183203740750435    -0.9271917676610738
                   9023      7.216445446014404     -10.73992347717285      6.201789614338729      2.662302486324823      2.485021141141368    -0.2718690046196938
                   9024     -26.03924560546875       7.10539722442627      6.108593773825736      2.619981902575761   0.004567297229995999      -6.60214907359243
                   9025     -20.71179389953613     0.1788997650146484      5.980740257260059      2.584525808279452     0.5573579797486763     -1.832640566661204
                   9026      19.86188507080078      2.196571350097656      5.775587761372899      2.491634012167268      2.000461808935048    -0.6262226027506146
                   9027      16.92128753662109     -5.942855834960938      5.598972927981264      2.408000625593501       3.23722543339259    -0.2100828365940326
                   9028      18.83844757080078     -10.06115531921387       5.46258505958217      2.345635226198023      4.888607170849851     0.1512063989619139
                   9029      21.94322204589844     -10.86633682250977      5.387093638016233      2.303948338070471      6.985527264175526     0.4762914064524371
                   9030     -3.533055543899536     -10.14365577697754      5.248960519039542      2.238996818609226      2.628963058800964    -0.5555319426850834
                   9031      4.336936473846436     -6.129039764404297      5.122417241118905       2.17745482884347      2.646543951806075    -0.6011416644813211
                   9032     -23.27595520019531      5.920731544494629      5.082634614686737      2.164131372384245    0.08085356268029371       -4.1034462235153
                   9033     -20.57972717285156      3.032532691955566      5.016044980181302      2.128823842217859     0.5077434338831307     -2.295747013559007
                   9034     -4.409643173217773     -9.866884231567383      4.914529955462307      2.093747190004678      6.453088993930574     0.2095310045323702
                   9035      20.16014671325684     -10.85976600646973      4.951659877796062       2.10354854015204      13.56230723918582     0.9644635530675074
                   9036      8.313735961914062     -10.44746780395508      4.831812927405007      2.052705382616116      5.880041256295527    0.07976473048929553
                   9037      18.55266761779785     -10.06922626495361      4.853681471767151       2.06248607930209      18.82960858204278      1.252900714390296
                   9038      22.45656776428223     -10.15695571899414      4.839546060762913      2.045293895209316      20.87766606138819      1.344862984284905
                   9039      20.35468482971191     -9.934514999389648      4.843157889148156      2.038028389804199      27.94426863335293      1.633582535819563
                   9040     -19.18949508666992      11.93132209777832      4.808531151350589      2.021687258009765    0.00301025152672062     -7.517586951721432
                   9041       1.52375340461731     -10.22674942016602      4.740844042395799      2.001728481457306      4.582147647690177    -0.2137853714057778
                   9042      4.862958431243896     -12.42439842224121      4.654896121336069      1.969386279376609      4.249103726949136    -0.3238297854526305
                   9043      21.23458099365234      -10.7311315536499      4.598453010144044      1.945181121579971      30.85414950576862      1.634166872074045
                   9044      20.41535186767578     -9.020114898681641      4.533762671731377      1.912300451392458      31.06106223711084      1.609634751127215
                   9045       18.8126220703125      21.08803939819336      4.499980771066665      1.912762485996087  3.746146392758162e-05      -12.0257555476584
                   9046      19.91917991638184      21.39324188232422       4.45591182402875       2.04773067249508  6.348255608124229e-05     -11.43996090619502
                   9047      22.72185325622559      14.07371139526367      4.416195312227393      2.111603073229281   0.002233105590341876     -7.857815489500196
                   9048     -4.738250732421875     -11.45234680175781      4.377863570954343      2.121593034161548      3.687616031950506    -0.4524711528784289
                   9049      -5.95506763458252     -7.194979667663574      4.346871462099337      2.105056712145749      2.783747495948963    -0.7485825835447085
                   9050     -13.38302898406982     -9.124286651611328      4.322168549224703      2.084817902701884      1.904434675547242     -1.143555438060584
                   9051     -19.08392143249512     -2.964272975921631      4.288788588882728      2.072106574210793     0.6631310113420883     -2.212392047381267
                   9052     -2.507879972457886     -10.40785598754883      4.237913424219475        2.0517975942563      7.275120360897509     0.1610682584741185
                   9053     -12.44861030578613     -9.684358596801758      4.185058487598857      2.036831605020239      3.218721680004981    -0.6742789822325537
                   9054     -13.62927436828613     -9.622908592224121      4.154608480372126      2.023551860240427      3.687464103383832    -0.5521679180068122
                   9055     -20.68265533447266      -1.17814826965332      4.130769526446906      2.014424519778895      0.649861847746117     -2.298377622747876
                   9056     -9.850757598876953      12.17088317871094      4.107619722320064      2.006354655627604    0.00303737989498122     -7.673776237009301
                   9057      24.31468963623047     -2.676453590393066      4.081582782244755      1.995712771323229     0.7093375039162365     -2.232117136472267
                   9058     -0.178410530090332     -13.11618041992188      4.057061193734694      1.969988997889256      5.441945594956341     -0.213555945681504
                   9059     -18.89681053161621      10.93099689483643      4.033289735907315      1.962206426221095   0.009013353907206411     -6.626575525778704
                   9060     -4.325923919677734     -13.27360534667969      3.985399701813044      1.943466380150394      5.802593502660371    -0.1807636596661916
                   9061      21.74049186706543     -10.27228927612305      3.999465391415181      1.946003383423627      48.14516676681557      1.939979762738607
                   9062      16.10751533508301      1.458642482757568      3.995559848401942      1.932218736596688     0.9375135881753337     -2.006850787686938
                   9063       21.7337474822998     -1.386770248413086      3.986622109478869      1.915323030261415      1.067084093967924     -1.888419055715699
                   9064      23.89124298095703     -4.645212173461914      3.973352274781898      1.896003512764858      2.915264360314948    -0.8968605122605149
                   9065      23.94846343994141     -3.027070999145508      3.957690569142003      1.878246808350089      2.176299708088686      -1.20255390271353
                   9066      23.84112548828125     -2.561848640441895      3.935489872734453      1.860080445875198       2.82181368674707    -0.9581444821598648
                   9067      5.931957244873047     -6.484918117523193      3.907541056702836      1.843592045074599      2.847034062452403    -0.9652774843158233
                   9068     -14.41119861602783     -8.283855438232422      3.900835386022422      1.833998500121825      4.172877227443107    -0.5898843460115426
                   9069     -15.16896915435791        -7.228759765625       3.88284651694282      1.816956153324938      4.277287523175326    -0.5791291810263751
                   9070     -19.52461242675781    -0.6117258071899414      3.887747536654966      1.810855470018704     0.7741754362310055     -2.290506864038768
                   9071     -17.31576538085938     -5.335350036621094      3.870801059451382      1.795602147815065      2.891299929694481     -0.985671308788429
                   9072     -13.71180629730225     -6.384455680847168      3.842404128406319      1.777786063862139      5.656432798376854    -0.3319189167455476
                   9073     -19.19298553466797     -6.317831039428711      3.815274581782499      1.768000579627054       4.93802259336125    -0.4803525194719686
                   9074      10.60750293731689     -13.42843246459961      3.780396136185544      1.756545335439311      4.921002611268222    -0.4994893171672681
                   9075      7.237861156463623     -10.90881538391113      3.745770694408853      1.743065024103896      8.275615640186505   0.003406362242066715
                   9076       8.55399227142334     -12.05610084533691      3.708478750578516      1.727323508213276      10.28124208531796     0.2013365215787143
                   9077      22.12115287780762     -7.194632530212402      3.663644058779888      1.705575907638537      25.10592131408654      1.069285438998115
                   9078     -10.65754127502441      13.55958557128906      3.655776383242135      1.738658837397901   0.005013507083763759     -7.432376485999363
                   9079     -15.06143856048584     -7.634185791015625      3.630354766077096      1.725885105447295      8.756470005986952    0.01868384083049449
                   9080     -19.54441833496094      12.55133056640625      3.627099469361923      1.729652062005674   0.008917598102430152     -6.869554501257841
                   9081     -18.67456817626953     -3.837890148162842      3.609671541621923       1.72048267095552      3.502563779010833     -0.906462549009144
                   9082     -19.93706130981445      3.368684768676758       3.60098937828855       1.71880569171254     0.3843453562936228      -3.11955486011992
                   9083      -25.4494514465332      5.932681083679199      3.583539143435668      1.711582045609777     0.1241448662338041     -4.258716518142586
                   9084     -14.07715511322021     -8.386609077453613      3.553523443496586      1.700532735666966      10.84111813572358     0.1960479319452278
                   9085     -15.02551746368408     -7.537982940673828      3.516029292427638      1.682259234140177      14.25141341216122     0.4481466575620008
                   9086     -14.97446918487549     -7.665950775146484      3.476212510148642      1.663398501032547      18.10907233792473     0.6650397738296553
                   9087     -26.06194305419922      6.747705459594727      3.462764127633406      1.661201281926824     0.1216274284319572     -4.343364030960079
                   9088      -22.9083309173584      4.877366065979004       3.44957039714979      1.655828042800515     0.3445597823427752     -3.309116171777215
                   9089     -17.22636222839355     -6.409540176391602      3.414647491010219      1.643221384031844       18.7260531136531     0.6684691923572438
                   9090     -14.90182876586914     -8.314985275268555      3.374801929835362      1.629312692734301      27.44273399494835      1.030416919168609
                   9091      18.49055862426758      14.91830444335938      3.383238924443699      1.643254732067822   0.001206986006936715     -8.990295964261593
                   9092      14.24810695648193       18.4296989440918      3.386358584065913      1.673087280168484  0.0001497595443292991     -11.05823323159251
                   9093      16.69857406616211      20.49690628051758      3.377754646186716      1.702469008919042  0.0001715539453195999     -10.90750146662024
                   9094      4.334927082061768      22.47082901000977      3.379841616300991      1.716791873490621  5.625674101198345e-05     -12.01347788942258
                   9095      4.471632480621338      22.18182754516602      3.363552271801445      1.731331955319213   0.000103847583772524     -11.39687702077495
                   9096      11.87957668304443      23.86577224731445      3.362603492544932      1.738489984442851  8.461920299447542e-05     -11.59779631128924
                   9097      15.83792495727539      18.78042984008789       3.35994963146889      1.741104590550975  0.0003659573403693373      -10.1327274847796
                   9098      22.26464080810547      16.40590667724609      3.352165989015851      1.743572890818801   0.001321932055237603     -8.849297254328397
                   9099     -15.56107044219971     -6.454511642456055      3.327482434467519      1.738266115370036      35.10910220424819      1.327385128020789
                   9100     -15.56392669677734      10.56052589416504      3.327249604015475      1.736853579302425    0.01603538672977764     -6.364915536011191
                   9101     -17.60866928100586     -6.234012603759766      3.307145785588349      1.721533131804174      36.03813737672601      1.337699101513387
                   9102      -21.5733585357666      7.385140419006348      3.303227337589359      1.715236624565395     0.2028078804253356     -3.847224547902692
                   9103     -24.86234664916992      7.105514526367188      3.296837540183331      1.709705174504801     0.3050662948212495     -3.444120949264098
                   9104     -15.37820625305176      14.37137794494629      3.288116198532688       1.70391161272754    0.01137514340571104     -6.739262748028402
                   9105      17.12740135192871      18.63555908203125      3.291570394405944      1.707101344318875  0.0008161805656967326     -9.370892773926629
                   9106      16.43148994445801       25.2984733581543      3.291767611325255      1.713148228465007   9.24012225477521e-05      -11.5457923271376
                   9107     -5.149458885192871      21.58170318603516      3.288523688534884      1.716682610181804  5.974460163103929e-05     -11.98077868412846
                   9108      20.16800689697266      9.518031120300293      3.283553610857623      1.714079161887186     0.1122199763880064     -4.445671414878297
                   9109     0.8497447967529297      22.88431358337402      3.276711819477061      1.710639320199152  0.0001512292718334462     -11.05918533282162
                   9110      18.08290481567383       13.4127025604248      3.270267332729976      1.708598612116945   0.009235161576835434     -6.950371339459249
                   9111      19.66845321655273      10.46077442169189      3.262828898916685      1.705867247869718     0.1110151524978749      -4.46759978155819
                   9112      14.08045673370361      21.70964813232422      3.254221454537269      1.702070848889844  0.0004603995634127649     -9.957796524939935
                   9113      10.35531997680664      24.77091407775879      3.246129518100946      1.697547647988985  0.0002148031948174472     -10.72531971754749
                   9114      28.03102874755859      1.965706825256348      3.237828075463561      1.694045710410435     0.9982838863920529     -2.285874664548414
                   9115      16.26040840148926     -1.991663455963135      3.226531966485856      1.716736893414283      1.586106808048785     -1.813063749232672
                   9116      16.57734489440918      -2.32681941986084      3.216655643673968      1.737247569094524      2.559177181621364     -1.325849417086406
                   9117     -6.929017066955566     -10.48926544189453      3.195301320649284       1.74779964276826      10.77738790452078     0.1113098557205425
                   9118      16.37706756591797     -9.626752853393555      3.181418670123087      1.755284859176781      49.28848553879307      1.631469457123694
                   9119      21.45798110961914     -3.428114891052246      3.169209718547934      1.748883661027205      6.035140668215997    -0.4761203181717242
                   9120      13.30159282684326     -7.918834209442139      3.145976713948789      1.736318550211733      23.93050438300194     0.8868660637633888
                   9121      -13.4046802520752     -5.678156852722168      3.123752222037317      1.734916322571433      41.06105430954661      1.418874771973298
                   9122      13.85715484619141     -10.74806594848633      3.104178377960852      1.730785198514057      38.32982444320248      1.341373130300067
                   9123      3.179516315460205     -12.38444995880127      3.086801061040336      1.730063256104604      9.587139886186643   -0.05046353762718663
                   9124     -11.87958812713623     -9.673808097839355      3.065872088555901      1.724483645241046      21.11664437532406      0.729141878056323
                   9125      -12.5488452911377     -8.775118827819824      3.047834322208479      1.714960900806567      37.72432614429817      1.297947290041741
                   9126     -13.78932189941406     -10.17780685424805      3.032873401679481      1.703121573448181      27.73288969658605     0.9784129227474212
                   9127      21.98489379882812     -10.76573085784912      3.015244330534966      1.696272635236846      52.26675281020415      1.602295194724201
                   9128     -7.934328079223633     -10.96062088012695       3.00223508704349      1.687661584090354      13.47253063345002     0.2371743633490405
                   9129     -2.428798198699951     -11.36471557617188      2.987491272524111      1.678845228182235        12.292970773681      0.135388391771372
                   9130      17.02736663818359      20.32523727416992      2.982531158176331       1.68107019750193   0.000866826926597039     -9.424647703804995
                   9131       15.2974328994751       16.6378002166748      2.974870867324469      1.705975386010688   0.001650547801852731     -8.768489806114497
                   9132      16.61167144775391      23.97028160095215      2.966640352824109      1.724557198856591  0.0003348051694053654      -10.3557407540289
                   9133      11.72478103637695      23.47963333129883       2.96006708884698      1.733642884130739  0.0004630565878396009     -10.02840386443907
                   9134      16.85947036743164      18.12176132202148      2.951957445004717      1.742838341211813   0.001992834798546286     -8.566393040501854
                   9135       15.7746410369873      22.84418106079102      2.942446050964335      1.751546856055013  0.0008803504878814901     -9.381629321534977
                   9136      13.53068351745605       23.7198657989502      2.934388413372183      1.753409017541804   0.001135452789443927      -9.12884223085309
                   9137      18.26225662231445       16.9722957611084      2.925774494226039      1.754596955222437   0.003364261513678803     -8.044927809854546
                   9138      17.99485969543457       13.3267879486084      2.916682648191163      1.754323801983529     0.0212449009249748      -6.20528740740688
                   9139      13.68156433105469      23.52418899536133      2.907726888040856      1.752416402886683   0.001801996702500194     -8.676672088999871
                   9140      11.21338653564453     -9.359847068786621      2.888658817997741      1.748379595809799        21.162860059092     0.6855500783993795
                   9141     -10.53934860229492      -9.70523738861084      2.881906257520147      1.750324826237491      28.99512055195976     0.9992015006170808
                   9142      22.77141761779785     -2.646795272827148      2.872490119520819        1.7581762069484      4.628100901511407    -0.8345764859778875
                   9143     -2.883105278015137      21.76419258117676      2.866968456817588       1.75788809142427  0.0001394651034167644     -11.24650723180129
                   9144      14.87041187286377      24.36388206481934      2.859053456407044      1.758907686135069   0.002312593454157142     -8.440381496783264
                   9145      19.34761619567871     -8.176982879638672      2.840194419596091       1.75410586624053      43.88710750487235      1.401272940591217
                   9146     -17.14642143249512      2.977159976959229      2.841025897408805      1.757627939707614     0.3464192562008922     -3.438154571696709
                   9147       19.3773307800293      -10.0622615814209      2.835824657515209      1.758042150361106      63.11574979547353      1.765324479368741
                   9148      20.51192092895508     -10.07714557647705      2.829071287865692      1.763308818057606      69.90373096630199      1.868080154600472
                   9149     -13.32228565216064     -9.754534721374512      2.812451832251443      1.760165442314017      34.84595238144811       1.16422201922536
                   9150     -14.94383430480957     -7.037786960601807      2.813939158393749       1.75103037268374      47.99090615196104      1.479621860018837
                   9151      19.12012100219727     -10.50750255584717      2.808576563331893      1.750924762973116      71.41384308778176       1.87513419533781
                   9152      16.18196868896484       22.9503173828125      2.803316466012546      1.754823790145733   0.002417334346368754     -8.418097654118066
                   9153      -7.99965238571167     -11.01900482177734      2.790679417135793      1.750827336615227      16.37143958905579     0.3957324388242596
                   9154     -22.59244537353516      10.83999824523926      2.799845534274315      1.747556220444346    0.02908349153003915     -5.935981365540824
                   9155     -14.52528095245361     -6.865925312042236      2.793825429961755      1.739615397937709      51.86178377695158      1.543478592955298
                   9156     -15.51235580444336     -7.612658023834229       2.78735562751637      1.731373985627712      57.82487919150392       1.64524835191666
                   9157     -17.72689819335938     -5.439911365509033      2.775006948321006      1.722820801295095      35.59362464409714      1.150603323878193
                   9158      23.50939178466797      3.605240345001221      2.772047750271609      1.725051385796728     0.6803944917888296       -2.8064187822792
                   9159     -14.33420467376709     -9.010735511779785      2.759345286637259      1.718983229175492      51.17224896336975       1.50574436522179
                   9160     -23.23225021362305      3.954793930053711      2.758855123419253      1.715118957834523     0.3296190043647665     -3.541699013289892
                   9161     -19.73273658752441     0.5237455368041992      2.758964232988677      1.710245740035186     0.5355091759591881     -3.059224268977158
                   9162     -19.20065689086914      2.085631370544434      2.757721356229051      1.705804804343175     0.5439402621301453     -3.046653496126487
                   9163     -26.26534843444824      6.495236396789551      2.754929062081508      1.701252968997733     0.2310623584128735     -3.906490355652146
                   9164     -16.77456665039062      9.115566253662109      2.751115463616635      1.697057384922768    0.03316288977736451     -5.851600966520599
                   9165       21.4683666229248      10.98257446289062      2.750597866892698      1.698431896144433    0.05918282766536092     -5.271779561107807
                   9166      -5.81224250793457     -9.570235252380371      2.749087194208149      1.693366723120046      13.62486483384502      0.163704624101233
                   9167      7.202561378479004      -12.8638391494751      2.738641253512403      1.691719646986855      6.664701790063692    -0.5561467455873216
                   9168      9.600239753723145      21.17336845397949       2.74266906959087      1.693727150284116  0.0006543404992933209     -9.782199040927324
                   9169      5.916050910949707      20.93473243713379      2.735880357330613      1.702044731600875  0.0002764216167930667     -10.64147909366138
                   9170      7.924015522003174       23.9063835144043       2.72882866915179      1.709059111060116  0.0006060826889570702     -9.854858095191455
                   9171     -22.79296493530273      4.527226448059082      2.726853690035276      1.706810498706136     0.4789857599535934     -3.184488951473447
                   9172      20.47658729553223      12.34979343414307      2.726072555516097       1.70768922590413    0.04655846580816585     -5.515222765414688
                   9173       14.8933277130127      22.21881294250488      2.729162306451591      1.708701681658017   0.003080361020950795     -8.229159342221715
                   9174      8.851473808288574     -8.985867500305176      2.727710424328106      1.707507106542829      9.469647293714534    -0.1995906930203835
                   9175      5.344520092010498     -12.68286800384521      2.717619453395061      1.708098658482081      8.038410701262761    -0.3668108721595926
                   9176      10.73467445373535     -10.85093784332275      2.705232402811124      1.709047959631402      17.57283623035548      0.411299190865444
                   9177      7.688881397247314     -11.39098167419434      2.695204872372614      1.709246189402422      13.19182768677616     0.1209447782884128
                   9178      24.04502296447754      2.908943176269531      2.694260506267849      1.708138289193627      0.865956056123222     -2.603572699804805
                   9179      22.92583465576172     -1.903127670288086      2.691667905807464      1.702865209079721      3.396607747600311     -1.240928911730208
                   9180     -6.412067890167236     -9.390113830566406      2.681499610364506      1.699324506405565      16.65854914898094     0.3433511498597951
                   9181     -15.18866920471191     -7.504170417785645      2.675499194197222      1.693327804350176      66.88004711028236      1.727552944284701
                   9182      -3.77000617980957     -12.02172756195068       2.66795842187667      1.688819575660962      12.00509562548155   0.004495133735272889
                   9183      19.03659820556641     -10.66271305084229      2.658165956525185      1.683393181116547      66.83672043647179      1.714521124473555
                   9184      1.683603405952454     -10.18098163604736      2.651199964980338      1.679705008299739      7.351112308248116     -0.497697235840701
                   9185      5.630441665649414     -10.68788719177246      2.640582988855098      1.674069763253069      11.30622549581171   -0.07456854373279873
                   9186      2.740270137786865     -10.60512828826904      2.630660904992173      1.668122406523652      10.09459817750806     -0.195245171645104
                   9187      7.834150791168213     -12.41774559020996       2.62037231568153      1.662760386662999      13.66469614530676     0.1004316866383563
                   9188      20.72536659240723     -10.11292266845703      2.611127268997629      1.657290460455435       76.0964764650731      1.810788596141447
                   9189      18.86734580993652     -10.59657573699951      2.605221624467413      1.653692726280016       79.4117792754755      1.848995847963238
                   9190      17.43504333496094      20.37191581726074      2.603279181680215      1.659906353077912     0.0021370814431168     -8.670960545620689
                   9191      23.94078254699707      3.759241104125977      2.600799440076818      1.658894460722002      0.835243719032159     -2.704240864189026
                   9192      24.39689826965332       3.20448112487793      2.597405594431122      1.655292464607451      1.039906940244309     -2.488557378095319
                   9193      8.262144088745117      21.68660354614258      2.592377815643767      1.659409728556801  0.0008280903164389966     -9.623530261952261
                   9194      23.61126708984375      4.391622066497803      2.589205939653108      1.669191529973327      1.021178842297907      -2.50153108943497
                   9195     -22.59745979309082       4.95612907409668      2.588416469195108       1.66680837377664     0.4942193849303394     -3.228998244288038
                   9196     -20.00046348571777    -0.9410662651062012      2.597187644240162      1.664361010897958     0.9581246311493935     -2.565086371744388
                   9197         -19.1591796875      2.596302032470703      2.603572405979194       1.66069227730247     0.6212172777447303     -2.998134734645602
                   9198     -20.99446105957031      6.591286182403564      2.607585973514304      1.656901013205245     0.3701729567159129     -3.516590469158611
                   9199     -24.29335784912109      4.091699600219727       2.60930480470444      1.652955718642785     0.5550854865796273     -3.113163703971407
                   9200      9.341400146484375      24.40289306640625      2.606801396505196      1.655302135720023   0.001159489384998875     -9.283847467664762
                   9201      4.769830226898193      -9.46628475189209       2.60000597417349       1.65388144471782      9.345534992378692    -0.2926420670374713
                   9202      10.41007041931152     -13.04607486724854      2.593115261220932      1.652413664777341      11.36624319053477    -0.1004345726452982
                   9203      -3.84173846244812     -12.51730155944824      2.585139118933763      1.650447294887233      10.93367141720613    -0.1435066024356265
                   9204      3.189836025238037     -9.258869171142578      2.576293784742899      1.647518718593719      9.159107261587295     -0.325808503082199
                   9205      4.294291973114014     -12.47826099395752      2.566713104788561      1.643262418329355      12.83550032389116   0.005345058637786049
                   9206      13.02581214904785      23.89898490905762      2.569098449867058      1.644328205366428   0.003448730201643992     -8.215041632779226
                   9207      6.267735004425049      23.52407455444336      2.563736670888073      1.654339335914907  0.0008192887495547382     -9.648385819287967
                   9208     -20.03107452392578      1.918193817138672      2.561043091595932       1.65826872531758     0.8099691340897702      -2.75074979762176
                   9209     -8.543970108032227      17.32237434387207      2.557465626858384      1.662693217004698   0.000373039142589506     -10.43255113199066
                   9210      9.645717620849609      25.04315185546875      2.552952503905526      1.664247094901569   0.001811586179683647     -8.853108529392413
                   9211      23.67839431762695      10.91518402099609      2.553078862914753      1.663900499278714    0.05128566586688475      -5.51005882532263
                   9212      20.42292022705078      17.46712875366211      2.552444602190686       1.66643318500176   0.002846315064115065     -8.400172403085467
                   9213       18.5316333770752      13.95499134063721      2.551568920805471      1.665084642769151    0.02302264826224656     -6.310871863083747
                   9214       16.5407657623291       21.4123363494873      2.549568067849562      1.665303976390197   0.003596371764198874     -8.168077564428193
                   9215      14.40841674804688      19.81013298034668      2.546936740835558      1.664401739819896    0.00308334710027754     -8.323561863039465
                   9216      19.16609573364258      13.11275386810303       2.54364950324679      1.663013430361407    0.04314942396172829     -5.687034487196531
                   9217      17.27861976623535      22.13435363769531      2.539714579013306      1.661547274884567   0.004698450652640705      -7.90690092144587
                   9218      23.89429473876953      2.627543449401855      2.534979519136417      1.659557142610995      1.544045526848058     -2.115037133792767
                   9219      22.57701873779297      7.393851757049561      2.531207524762479      1.658527713970867     0.3621632458019394     -3.567212866884674
                   9220      19.07653999328613      19.18283081054688      2.526292137445215      1.657119604811117   0.003833763879041905     -8.118254049752679
                   9221       16.4879207611084     -3.002098560333252      2.520902067143627      1.654080567164245      2.128306296130619     -1.802990810443109
                   9222     -7.285698890686035     -11.38972568511963      2.512489346294235       1.65900577471303      18.97481572722824     0.3844257227748943
                   9223     -16.23887634277344     -6.154294013977051      2.511091510676317      1.658697386964012      61.14452978052667      1.553811099229539
                   9224       6.48867130279541     -10.57357215881348       2.50657644863651      1.660196896159548        18.383029294082     0.3511025686789742
                   9225      18.17564582824707     -7.449743747711182      2.496254317646711      1.655929316616516      38.64163872316526       1.08730471146207
                   9226      -14.3797721862793     -7.335636138916016      2.490667093921671      1.655243861518623      77.60479941601896      1.781948789294163
                   9227     -1.566027402877808     -10.16370105743408      2.487156721177267      1.653953602964464      13.53102155908208    0.03311425212545488
                   9228      23.97741317749023    -0.3860797882080078      2.483939475814689      1.653402350170785      2.300542783421522     -1.740353332953996
                   9229      21.94959831237793     -6.876089096069336      2.477155298992194      1.646922603834544      28.01029071637494     0.7524118568168746
                   9230      17.87063026428223      7.970902919769287      2.473711679761323       1.64409689292718     0.1961934155825189     -4.211922747120779
                   9231      20.23028373718262      10.57741165161133      2.469582882526749      1.641667738102468     0.1113380818810249     -4.781601436693803
                   9232     -6.536530494689941      17.86357498168945      2.466518594433117      1.646501315985882  0.0002591473696392414     -10.84283277503374
                   9233     -11.41146945953369     -9.458717346191406      2.464080033234947      1.643434548839768      47.97165562652724      1.283037729697289
                   9234     -8.807429313659668     -9.541010856628418      2.454615868399092      1.639424760219924      33.32318671735487     0.9123897425135816
                   9235      24.61016845703125      3.634319305419922        2.4507426725011      1.638034452533166      1.643565290947785     -2.099423445391182
                   9236      9.621777534484863     -13.44169044494629       2.44467889772999      1.635848134857945      12.68372846906465   -0.05978427426501029
                   9237     -4.722177505493164     -10.44621086120605      2.437059450436685      1.631392859057946      24.37867722417477     0.5877557856933338
                   9238      22.93793869018555     -1.599784851074219      2.434134587682078      1.628675649471983      3.855004235321795     -1.259448821099384
                   9239       8.44821834564209     -9.751797676086426      2.427114372205527       1.62489436540485      19.32572031687427     0.3474033116909535
                   9240      16.52673530578613      2.714135646820068      2.423752030832131      1.622190854275639      1.077875764183849     -2.542092814740633
                   9241     0.7305901050567627      -12.8000373840332      2.417930560488054      1.618265524216797      10.98531276690277    -0.2253532909963663
                   9242     -16.49281883239746     -7.340417385101318      2.417058356940482      1.613460472298609      82.31229721104879      1.785273581499878
                   9243     -3.471822500228882     -11.16066741943359      2.413948799066467      1.608288739314605      23.32734777580358     0.5198816136678824
                   9244      14.59499359130859     -11.49699878692627      2.404595357286293      1.602972608610471      37.36325537753822     0.9837497553813679
                   9245      -12.1962718963623     -9.398299217224121      2.396060034895672      1.597141646036578      62.16858826580253      1.485711742743541
                   9246      5.128643035888672      22.74198532104492      2.397123206539608      1.601134468981062  0.0008663038185281565     -9.692472519924419
                   9247      15.62662887573242      16.87373733520508      2.394442226851702      1.611347526155192   0.005014499082628761     -7.931380045862126
                   9248      19.23618316650391      17.97177124023438      2.392638093851481      1.610363967631825   0.005700785902226351     -7.804473867857562
                   9249     -9.150508880615234     -10.14335918426514      2.387564793748342      1.610597622165408      39.73985292224787       1.04305435762444
                   9250      10.94287300109863     -14.01352787017822      2.381772783546133       1.60875933222337      9.787612459650182    -0.3617535045996343
                   9251       22.7962818145752     -9.718254089355469      2.374406851232679      1.604485397718865       67.5182127991021      1.563768706619922
                   9252       21.2316951751709     -9.240627288818359      2.367530822926128      1.600223035702058      86.59163294926552      1.807014361460114
                   9253      19.97484588623047     -10.81950378417969      2.363657219197882      1.596560420468734      95.98180490029732      1.906040893691616
                   9254      -14.8387451171875     -8.600165367126465      2.357644721402675      1.591917816017558      79.38752814222156      1.710764449653026
                   9255     -6.069151878356934      8.628718376159668      2.359501431792085      1.590507809652637   0.001091468051934102     -9.483907385140675
                   9256     -11.55068683624268       13.3566951751709      2.357477026731166       1.58878213978486   0.006733291362387541     -7.666310847182084
                   9257     -21.51930236816406     -0.661402702331543      2.360571622583176      1.588409046774769     0.8221575151335342     -2.860365973832145
                   9258     -18.48893737792969      1.569540023803711      2.363341534214035      1.587319133868686     0.8509608501646878       -2.8254455344348
                   9259     -12.47506523132324      13.27454471588135      2.364410989288248      1.585394127919171   0.009568362417888384      -7.31411064328343
                   9260     -22.10495567321777      2.375147819519043      2.362890889210099      1.582868349055647     0.9125386742074002     -2.758579791565593
                   9261     -19.72939300537109      4.749517440795898      2.362577983233459      1.580824221699614     0.6771280662812997     -3.058374511940676
                   9262     -18.37388610839844     -2.827761650085449      2.360806604160946      1.577281321330855       7.00631376101839    -0.7246616815338266
                   9263     -15.06769371032715      10.36540699005127      2.357775103522456      1.574605816049461    0.02072160769376487     -6.551034300403622
                   9264     -25.15479850769043      2.292801856994629       2.35597724883659      1.572115229166261     0.5760640669373501     -3.228338210032674
                   9265     -4.409231662750244      3.038032531738281      2.353523541297065      1.569324111120721   0.000159189918378265     -11.42503341889957
                   9266     -21.86600112915039      12.90143871307373      2.350727454186987      1.567233128592831    0.01041796807187551     -7.246366117257427
                   9267      22.87815093994141     -5.576639175415039      2.347167050043234       1.56526965834787       14.1603924905189   -0.03446340298690957
                   9268      14.88742065429688      23.27456665039062      2.354356559683248       1.56718597857261   0.006469256672362081     -7.721324371795089
                   9269      19.38434791564941      11.22075653076172      2.358562208748611       1.56988982349255     0.1068896449274575     -4.913080106227024
                   9270      15.35511684417725      20.11349868774414      2.362187525549718      1.569656962993694    0.00594591364479418      -7.80078528410831
                   9271        20.218994140625      16.53207969665527      2.363878315730618      1.570463321772258    0.01088071525861477     -7.195268403720626
                   9272      18.10254096984863      18.34718322753906       2.36404864822679      1.571611132745625   0.009357996348796166     -7.345226520472245
                   9273      12.36505317687988      24.37825393676758       2.36357321203757      1.571446636020238   0.005245095912523271     -7.924469998876893
                   9274      21.38035011291504      16.88087463378906      2.362146669657424      1.571322517948666    0.01116442135588346      -7.16971419162495
                   9275      22.04006958007812      4.931269645690918      2.359874309144379      1.570217395731411      1.478827006565298     -2.285107766676453
                   9276      17.95575332641602      2.150077819824219      2.357154167441806      1.570088610728269      1.557932346634332     -2.234232803088787
                   9277      6.464818954467773     -5.854533195495605      2.355134109418527      1.569621060988715      2.193561632970929     -1.893220974697289
                   9278      2.833663702011108     -6.415383815765381      2.350712330814103      1.571399581544795      2.652099971439903      -1.70414256883233
                   9279      20.42475318908691      5.984681129455566      2.348286948134368      1.571253436052539      1.126839328128913     -2.561202983504584
                   9280      7.186717510223389      24.14706420898438      2.345229814360168      1.572248544199207   0.002007809262075161     -8.892000297460553
                   9281     -4.099640846252441     0.5191164016723633      2.349622300789973      1.571065480853903   0.001501126915427784       -9.1817099586639
                   9282     -8.920047760009766      2.852108240127563      2.348159943480387      1.568740577543784   0.009073665392180122     -7.384653251912352
                   9283      -22.4440803527832      5.504034996032715        2.3522249256517      1.566282214070812     0.8302415229892737     -2.868151591441633
                   9284     -20.38154411315918     -2.016857147216797      2.355296947828463      1.563811382342957      3.084031143465349     -1.556149012860842
                   9285     -6.742392063140869      3.811037540435791      2.353996580595471      1.561516248887262   0.002338199985040279     -8.742781437163096
                   9286     -7.976129531860352      1.062664270401001      2.351024649740841       1.55909939492446   0.005409217512100048     -7.906870650256124
                   9287     -24.78853225708008      3.019597053527832      2.348884366689158      1.556579103460776     0.8768687879804009     -2.821146317842212
                   9288     -15.62114429473877     -6.428394317626953      2.347550838353563      1.553488501836682      101.5743629586348      1.928487392579961
                   9289     -16.05217170715332     -6.955648422241211      2.345733841826554      1.553617476080871      117.3738605117158      2.072369174273716
                   9290     -13.30670547485352      16.45263290405273      2.343504021941844      1.556336273119586   0.002937167049215303     -8.522507394307951
                   9291     -22.83638763427734      9.716146469116211      2.342874309832093      1.554263398306781    0.09790975592300197     -5.017508249064377
                   9292      17.00624465942383     0.0299983024597168      2.344615580496814      1.554852028047297      1.499742407393334      -2.28738421010173
                   9293      19.79633140563965     -5.858468055725098      2.346231506882833      1.551685872328925      24.39059422102796     0.5001705873083755
                   9294      15.69684219360352     -4.728647232055664      2.348083742798883      1.549012174108407       7.16845479346492    -0.7252723051879583
                   9295      2.820383548736572     -5.767062664031982      2.349284090423997      1.547279945106771      2.425122145480805     -1.809688367278985
                   9296     -5.658057689666748      7.782332897186279      2.349813787972035      1.545942265208091   0.001120403672781264     -9.490275960039842
                   9297     -15.75660610198975       1.43467378616333      2.346760498281448      1.543482302254125     0.6862954551466491     -3.075549500919763
                   9298     -4.558315277099609      2.808628559112549       2.34703507771479      1.541124177006791   0.001755268675895538     -9.045647758645709
                   9299     -6.682089328765869      12.46218967437744      2.344942071206556      1.538961105206709   0.002753144997566812      -8.59782251927945
                   9300      18.29861450195312     -2.679687976837158      2.343207659506488      1.538888271778292      4.829816016865355     -1.128789999423407
                   9301       19.4296989440918      13.77712059020996       2.34498806289343      1.539717671689577    0.06206938641355794     -5.481802417270335
                   9302      21.28594779968262      19.02860450744629       2.34583077090168      1.540529022645467   0.009257962012924883     -7.383685262697587
                   9303      22.33877372741699      1.022144317626953      2.344861995044903      1.541778835997231      2.775695852957156     -1.680114553091999
                   9304      16.38763618469238       20.8007984161377      2.343804320521563      1.541127609910352   0.009991564753992304     -7.307903730868926
                   9305     -16.08249664306641      -8.29764461517334       2.34276629544751      1.541224066106695      122.3145551015458      2.104325990331798
                   9306     -9.470870971679688   -0.09247446060180664      2.341287716110045      1.541457549918647    0.03729004124809807     -5.991778879063599
                   9307        -10.81494140625      8.322444915771484      2.339042269612317      1.539290971242181   0.008731846899615299     -7.445894326735866
                   9308     -10.29503917694092          0.62158203125      2.338412243514858      1.537066061769651    0.05280290436133694     -5.648020881923519
                   9309     -9.651754379272461      1.173788070678711      2.335302546047695      1.534906684796152    0.04496615381566571     -5.811413583593837
                   9310     -5.388274192810059     -3.676799535751343      2.332258439008016       1.53402049405064     0.3709607324790523     -3.703109330620322
                   9311      21.73607063293457       13.9521312713623      2.333201000236233       1.53280143638765    0.05677813460180724     -5.580445185885365
                   9312      19.48809051513672      9.459467887878418      2.333496873548168       1.53435855769617     0.2259002845206056     -4.198360647686619
                   9313     -21.47595977783203      10.99378395080566      2.332902526127945      1.533467868808557    0.05515343170310087      -5.60917076138629
                   9314      17.85798835754395      16.40252876281738      2.333469087082853      1.533528802759428    0.02546289485362966     -6.381784878904734
                   9315      18.93283843994141      1.401415824890137      2.332507891161251       1.53292726130985      2.712985292292759     -1.714006614745663
                   9316      3.984944343566895     -9.223062515258789      2.329272407669899      1.531749839866267      14.92918237380906    -0.0108948526732553
                   9317     -24.60140609741211      6.511053085327148      2.330586914908627      1.531118902117805     0.7123750109903578     -3.053211312280795
                   9318     -8.374710083007812     -1.308017253875732      2.330840322886981      1.529002634844935     0.1230632829739875     -4.810391468095733
                   9319     -14.20664501190186       9.39784049987793      2.330473275693908      1.527231683385677    0.02828141092238531     -6.282201853434207
                   9320     -9.678753852844238     0.2630510330200195        2.3285374812052      1.527033082484394    0.08326831652009627     -5.203299499265832
                   9321      -8.74019718170166       4.24124813079834      2.325663842975385      1.524892156219877    0.01116862658014049     -7.214896831361082
                   9322     -20.68039321899414      3.132124900817871      2.323464435807014      1.522714033886047      1.496162648616875     -2.319722163877781
                   9323     -4.951737880706787      13.41672801971436      2.321908590760656      1.521026171417145   0.001473454156480249     -9.244550546764211
                   9324     -17.97926330566406     -6.095155715942383       2.31658287427886      1.517175867734667      94.61198511296779      1.820548572101291
                   9325      19.35475730895996     -10.79532527923584      2.314775379908403      1.517735158799554      122.3166340867527      2.076965480985601
                   9326      15.48204612731934      13.44020462036133        2.3178757723184      1.517496921518269    0.03379279065163363     -6.115973841663517
                   9327     -4.706401824951172     -9.283136367797852      2.314703744212967      1.514967478890714       28.7408049651679     0.6268141542763648
                   9328      14.26466369628906      -1.25571870803833      2.314983882937046      1.513855458206973      1.484995509331631     -2.336705260204154
                   9329     -1.958486199378967     -7.016570568084717      2.313373948939059      1.511320129913651       6.15491960886369    -0.9172371458300143
                   9330      -3.49429988861084     -4.598567962646484      2.310736937546918      1.511075081359111      1.257273614778611     -2.506845969332308
                   9331      16.77634811401367      19.11119651794434      2.309786218181593       1.51188545216918    0.01592124730508967     -6.875767677827769
                   9332     -1.992128849029541     -7.623740196228027      2.307088132771877      1.512690253333342      10.66305040841618     -0.369519010682358
                   9333      17.78133392333984     -5.754800319671631      2.303874534759929      1.509318463128643      23.29590619337859     0.4083487169961541
                   9334      19.14592742919922     -9.362248420715332      2.303658153048488      1.509355429118471       134.073222217449      2.158387723228781
                   9335      23.95475387573242     -2.281922340393066      2.303061380430264      1.507573559921665      5.461002603728782     -1.043806297036218
                   9336      22.41417694091797    -0.7355623245239258      2.302315071988758      1.505385179697532      4.817408739071968      -1.17097926820475
                   9337     -13.41628360748291     -8.416401863098145      2.299726348240096      1.503654760084451       124.710876295901      2.080507442517012
                   9338      21.60080337524414     -5.811440467834473      2.297381006111187      1.500266619276544      27.32451310492255     0.5590174206190026
                   9339     -7.269051074981689      20.45530128479004      2.295773862191938      1.501455577368116  0.0001795656449481879      -11.3736441170945
                   9340     -12.37271404266357      6.350029945373535      2.297655863099864      1.500351282287528    0.01974850942439229     -6.673267994784349
                   9341     -17.80228233337402     0.1808342933654785      2.300857113296162      1.498406239981716      1.520182735173894      -2.32966511807127
                   9342     -21.61286735534668      8.821237564086914      2.303277279055103      1.497301673907331     0.2656751596647963     -4.073662718226287
                   9343     -21.56892013549805     0.9896440505981445      2.304811148979566      1.495341443901113      1.661457031812033     -2.241131153457388
                   9344     -15.69408512115479     -7.838116645812988      2.309058964883288      1.496226501487068      160.5574943966058       2.33225902456601
                   9345     -2.669018745422363      21.93496131896973      2.307651642636003      1.497135922180693  0.0002081162532540371     -11.22380883855499
                   9346     -14.94833183288574     -6.973149299621582      2.309981651554467      1.502317103378408       169.299444972824       2.38973782978613
                   9347      17.13203811645508     0.6846880912780762      2.311207168341137      1.500987192392043       2.33815012592947     -1.892926350371949
                   9348     -16.06252670288086     -3.409457206726074      2.307581993693073      1.499128345122973       23.7393825179457     0.4220400206712526
                   9349     -1.939394474029541      22.13194465637207      2.305338707692275      1.501487350126717  0.0002746906234288243     -10.94436071955297
                   9350      14.70208930969238      20.38164520263672      2.303711180988966      1.504913408370653    0.01287154749599768     -7.095658698213325
                   9351      20.47809219360352      20.36733436584473      2.304495891194365      1.507936312185075   0.008981165972272581     -7.453200992715317
                   9352      18.21394348144531      20.71320343017578       2.30571186690343      1.507810186534001    0.01585832026773941     -6.884192537214695
                   9353      20.56207847595215      8.028379440307617      2.306407049146505      1.506570505337324     0.4663992090462357     -3.503365951142011
                   9354     -12.62504863739014      10.32571220397949       2.30550884983352      1.506547339187727    0.02406428445831556     -6.468084011011867
                   9355      20.98200416564941      -10.8565788269043      2.302489698290542      1.508573340887649      129.1438339423392      2.119902772621463
                   9356     -2.136594772338867     -12.21949100494385      2.298246099850047      1.510098628297056      17.99768827613834     0.1483851384916773
                   9357      10.83587455749512     -11.14933776855469      2.294366899441995      1.510312735025253      23.87875321190524     0.4295833456700345
                   9358      10.05542659759521     -5.189087867736816      2.291212666108119      1.510082021529244      2.081526591936099     -2.011832657140119
                   9359      22.75175094604492       9.26038932800293      2.290238736593618      1.508852109818558     0.2689435882753285     -4.059427811156796
                   9360      21.88284683227539    -0.8058977127075195      2.288752630651113      1.508158786458599      5.230390178526945     -1.092797008541051
                   9361     -17.71266746520996     -6.576311111450195      2.285652365559419      1.507216886263269      128.6077798863168      2.107504203762893
                   9362     -3.235173225402832      1.471773862838745      2.288000746159013      1.505879504311358    0.00320908922303786     -8.490892012096998
                   9363      1.491693735122681     -11.93240928649902      2.286532278882557      1.504084067639352      15.53036691913541  -0.008161649719738005
                   9364     -4.317365646362305     -12.64438438415527      2.282043034860419      1.503054866858221      20.29165158824519     0.2566008600567182
                   9365      11.79916095733643     -11.15226173400879      2.276788212704381      1.501320348184213      28.17341145193857     0.5813099868706351
                   9366      6.142230033874512     -12.52333164215088      2.272134657839097      1.499714351751823       19.6483029120429     0.2178059798602327
                   9367       16.6837272644043     -4.725264549255371      2.269138391832341      1.497829215881698      11.61210953488044    -0.3107138683525121
                   9368      14.80304718017578     -11.51098728179932      2.264174237823087      1.493578343865302      47.99954608428464      1.103397071436284
                   9369      17.31587982177734     -11.05272769927979      2.257632551632251      1.490294257785956      105.2355988439077       1.88331253046992
                   9370      3.834939956665039     -7.581546306610107      2.255471932002013      1.488182444076101      7.087357458971258    -0.8169520843057674
                   9371     -16.87094879150391      1.041286468505859      2.255969596500095      1.486984190079834       1.23915955541258     -2.561416150177021
                   9372     -24.77583122253418      4.431207656860352      2.257038370331604      1.485889522960166     0.9854616249690032     -2.790757410491573
                   9373         -17.7392578125      5.360457420349121      2.256529531577989      1.484680402289463     0.5034523413719318     -3.463418080913047
                   9374      19.96687698364258     -6.244163990020752        2.2524954114998      1.481484480634371      36.67193441546259      0.820915604393777
                   9375      17.99794769287109     -2.640008449554443      2.252208127455588      1.479272413284676      6.288426598564675    -0.9440070389453189
                   9376      19.53797912597656     0.6931991577148438      2.252664402039996      1.477381752141894      3.658222473908136     -1.486816918659321
                   9377      10.19183921813965     -12.79591941833496      2.248714206187338      1.474591306860981      22.53497286479862     0.3276284980097829
                   9378      23.87104415893555     -4.267621994018555      2.247511048109657       1.47222872499492      10.32871835156723    -0.4546504141855555
                   9379      16.85358810424805      18.94430351257324      2.246117850363041      1.472775993123142    0.02221702456083901     -6.596723449338021
                   9380       -11.013840675354     -10.28283405303955      2.243104583627904      1.473457118498377      57.78013583554091      1.265937933789647
                   9381      20.06649017333984      2.044742107391357      2.241547619777871      1.471999240902176      3.574351255679005     -1.518607687910041
                   9382      2.077442169189453     -12.56899738311768      2.238287618924721      1.469591519437815      16.25794445149282  -0.006902133694557498
                   9383      18.14587020874023      20.12365531921387      2.238708425387271      1.472109433572484     0.0254381563988018     -6.465088961223287
                   9384     -13.05101776123047       17.9272518157959      2.237643501877306      1.472085331150894   0.001126677785099267     -9.582558111838644
                   9385       19.5743293762207     -7.314557075500488       2.23162935708408      1.471342363618665      67.51754266596299      1.415115169916003
                   9386     -18.22077178955078      -5.28164529800415      2.227136675226328      1.468064726178503      78.62042614957437      1.563113905015135
                   9387     -23.10030174255371      8.514158248901367      2.230827970251902      1.467309334324851     0.3363974460173332     -3.889838214817785
                   9388      16.31096458435059       20.2137336730957      2.231221496704456      1.469148183922497    0.03090383463952836     -6.275822460669739
                   9389      5.260862350463867     -6.383518218994141      2.230101441946374      1.468458097073703      4.538458002019542     -1.287332096184019
                   9390      -11.1595573425293     -9.188444137573242      2.224055489298685      1.465017709135302      85.62281699846802      1.644972043941376
                   9391      6.630095481872559     -5.279770851135254       2.22150677179811      1.463976117473778      2.772408077893134     -1.787121335617878
                   9392     -1.166637897491455     -11.58329772949219       2.21699599184021      1.462273705990714      22.07738475923678       0.28452003618417
                   9393      9.980559349060059     -12.36437702178955      2.212259884448223      1.460312939368087      27.83384806910903     0.5127387422593983
                   9394      4.065084457397461      24.06267547607422      2.211284278647637      1.462669620034818   0.001040445340851303     -9.680449118166749
                   9395      17.80963516235352      19.27779388427734      2.212014274031949       1.46557587812336    0.03733299515760045     -6.097905376190915
                   9396     -3.122706174850464     -12.33772563934326      2.208507753321484      1.464027419862372      25.15825406100399     0.4125148292300047
                   9397       4.49886417388916      -11.8570032119751      2.204201217175959      1.462578219165243      22.89385931482078     0.3152552735242246
                   9398     0.2166075706481934     -9.261919975280762      2.200379860123729      1.461270559259558      15.45477308170268   -0.08032520879629357
                   9399      4.127673625946045     -9.757173538208008      2.196142079645442      1.459319567771009      19.55984115063756     0.1519716276487839
                   9400     -4.349118232727051     -10.35128593444824       2.19123306967092      1.456139573469342        35.000968622354     0.7294495587480131
                   9401      1.197408199310303     -12.86622619628906      2.187806078458967      1.454136288460947      18.92488783692211     0.1116098175676115
                   9402     0.3279509544372559     -12.55680370330811      2.183564597745185      1.451791775607882      23.16882537782138     0.3103854059774778
                   9403     -17.15484809875488       16.1065845489502      2.183458504995353      1.450942688009666   0.002695929712314267     -8.749068006904313
                   9404    -0.3983712196350098      22.91462898254395      2.181696790221761      1.459710555217064  0.0003949634219361742     -10.66455572989461
                   9405     -23.66129493713379      9.983269691467285      2.181591331061106      1.459881594766616     0.1760849489472124     -4.564558238331168
                   9406     -25.76177787780762      6.229771614074707      2.182598670539569      1.459257020474415     0.7449360746061925     -3.122192650749073
                   9407      3.718301773071289     -12.00830841064453      2.180059300750114      1.456787664798732        27.723330567233     0.4916807638643269
                   9408      16.26251983642578     -5.110815525054932        2.1796153557026      1.454608603875536      16.79971992430681    -0.0109319165954315
                   9409      25.72978973388672      1.143550872802734      2.177841072904724      1.453469012424031      2.516022851115114     -1.911212819061078
                   9410     -16.40840530395508      14.55563926696777      2.176784449685844      1.454230388801442   0.007835190025550658     -7.682983981216271
                   9411     -21.90732574462891      1.048604011535645      2.175892012164542      1.453116382967983      1.638635122347087     -2.341166580617966
                   9412     -18.82551193237305     -3.854759693145752      2.174875249951736      1.450009472285878      31.97753655627675     0.6273956550001291
                   9413      16.40462684631348     -9.668784141540527      2.170295021509985      1.447510441782281      97.64136534447229      1.739830071659162
                   9414       20.2928295135498      8.155037879943848      2.171476361207639       1.44739679001985     0.4339107749220525     -3.675921855309878
                   9415     -13.70856857299805     -2.597775936126709      2.170151558455457      1.446400483412428      7.686294666557266    -0.8028655321613414
                   9416     -26.54594802856445      6.249896049499512      2.170803804805338      1.445052436112438     0.6661938231113848     -3.249110914541582
                   9417      -8.49620246887207      3.011708736419678      2.170433126674693      1.443706931402718    0.01974221502958208     -6.769034646350566
                   9418     -23.30706024169922       6.16737174987793      2.170396873600881      1.442263523410744      1.095530823638659     -2.753816585392795
                   9419      -6.30324649810791     -10.22728061676025      2.166437946252435      1.439521140328801      40.23345661901143     0.8459143256844786
                   9420       20.9267520904541       4.09703540802002      2.166254437734938      1.439016680323534      2.495271955509585     -1.934822060713542
                   9421     -10.36247730255127     0.4887523651123047      2.167368313163837      1.440884799355043     0.1287742620363911     -4.897102686896663
                   9422     -2.299220561981201      9.508868217468262      2.165930595691394      1.440060508956283   0.000463206715929156       -10.525981308817
                   9423     -20.21421051025391      1.099944114685059      2.165127620721217      1.438742805565216      1.909623136057895     -2.203024515128168
                   9424     -20.50437927246094      9.162049293518066      2.164593385091327      1.437274839925644     0.2464331846286226     -4.251862413516495
                   9425      24.40126800537109     -4.262346267700195      2.162821790386681      1.436327552493277       9.29448353526354    -0.6232550595440149
                   9426     -18.80401229858398      13.13496017456055      2.163613889222352      1.436553305722742    0.01649963071744205     -6.956570066043169
                   9427      15.34876251220703      22.91896820068359      2.161921537027087      1.436968270467925    0.01289307003192075     -7.203711779874904
                   9428     -13.87906360626221     -7.342246532440186      2.161811270585294      1.436791264642838      151.5017392751432       2.16777645131754
                   9429     -19.52514457702637     -5.169394016265869       2.15720466469966      1.434141403667465      53.60088992353401      1.124765848776305
                   9430     -13.02165412902832     -10.03163242340088      2.152405334259827      1.431140628362061      89.53748403158666      1.633535684795637
                   9431     -6.785853385925293      7.585428237915039      2.150164102623172      1.430432384316414    0.00301315657933562      -8.66742553526718
                   9432     -21.44181632995605      2.383028030395508      2.148920592456965      1.428910763953861      2.059887833534417     -2.141649766123617
                   9433     -24.19224166870117      6.095370292663574      2.147710727906559      1.427408651670223      1.278247325377039      -2.62042638586705
                   9434       15.6021146774292      23.56964492797852       2.14667342905213      1.427790347929365    0.01215125883993086     -7.276454481003405
                   9435       2.56024694442749      11.85681056976318      2.147932119987859      1.428263094928662   0.000111542301260396     -11.96632140801712
                   9436     -10.01711177825928       19.3396110534668      2.146902122607536       1.42919431064206  0.0003706957378397518      -10.7651715634874
                   9437     -12.74442100524902      1.028927326202393      2.145008374180811       1.42986004849262     0.3020814030567495     -4.062518137919948
                   9438      -8.57515811920166     0.1757776737213135      2.143177792392204      1.428399688808107     0.1006107950163584     -5.163830738819797
                   9439      -20.6443977355957      1.268998146057129      2.141431707786894      1.426812569070411      2.604130234712105     -1.912163066420862
                   9440     -7.236679553985596      11.88069438934326      2.140350280654776      1.425405870951071    0.00499782198075851     -8.169506386476257
                   9441     -21.88849639892578      1.547134399414062      2.138565467254341      1.423891422244588      2.719700320914339     -1.872128892639922
                   9442     -25.47791290283203      6.918962478637695      2.136989432140671      1.422435562155161      1.076894814622572      -2.80032906788687
                   9443     -20.22838020324707      2.118329048156738      2.134895006656206      1.420858263435632      3.167158951080868     -1.723665889997997
                   9444     -13.77361679077148     -9.627702713012695      2.130536671807555      1.418025129976463      121.6444452871558      1.920562049166468
                   9445       22.8394889831543     -2.902076721191406      2.133509914849956      1.418205728748752      9.669718096262679    -0.6100192854265152
                   9446     -1.093531131744385     -13.36827945709229      2.136280060349171      1.417331278816779      19.76001771643795     0.1053229237929274
                   9447     -22.77315711975098      12.60428047180176      2.134411841480184      1.417279197569345    0.03549192109038303      -6.21769949735084
                   9448     -5.194850444793701     -2.867060661315918      2.132987399773259      1.416077694523814     0.2358917550180187     -4.325147263632578
                   9449     -9.171184539794922      15.84295082092285      2.131178898654725      1.415047883537325   0.002175489473597096      -9.01284233804374
                   9450      3.075634717941284      13.31754302978516       2.13036798334105      1.416430671732031  0.0001287036512633538     -11.83974266500852
                   9451       5.03540563583374      23.17792892456055       2.13132962135614      1.418863616767748   0.001663180607207364     -9.278600593978176
                   9452     -6.775299549102783      18.49068260192871      2.129349384391397      1.419957465410386  0.0004169832770867398     -10.66220045717919
                   9453      9.357086181640625      24.87499237060547      2.127860702781533      1.421295833517582   0.003018310567242159     -8.682551308781184
                   9454      22.33234596252441     -6.637516021728516      2.126885982294711      1.420240473294624      41.87562845062364     0.8540097180652311
                   9455      11.63058185577393     -11.20858764648438      2.123708520074657      1.420245524614395      36.72501248364397     0.7212722714144711
                   9456      20.22493743896484      12.21730136871338      2.126193514277058      1.420225505107053     0.1257471663627802     -4.954512454498875
                   9457      22.28223419189453      16.26640319824219      2.127172373819363      1.419532247783471    0.01960347105144951     -6.813107060084254
                   9458       24.2592601776123     -6.245402336120605      2.126470262433087      1.418434217167296       24.5887507070052     0.3201266863663293
                   9459     -20.62033462524414      1.324568748474121      2.125538140360429      1.418265568470847      3.718610358145415     -1.569369668153011
                   9460     -1.143974304199219      21.68209266662598      2.125228301895672      1.418385644970314  0.0004418274027820525     -10.60737206990432
                   9461     -7.710378170013428      19.97830390930176      2.123427304954439      1.418841542187203  0.0004020933046442671     -10.70213364954256
                   9462     -16.57808685302734     -7.371212005615234      2.124368249905847      1.419271633260058      176.6849203784036      2.291806890892592
                   9463     -6.980589866638184       2.07625675201416      2.124339864441507      1.419493171436263     0.0367923432233464     -6.184883945826244
                   9464     -13.94573593139648   -0.04513883590698242       2.12352779377097      1.418155954617953     0.9991166550104411     -2.884626986111834
                   9465      13.79140377044678     -8.403986930847168      2.121372134342729      1.418037816645018      33.66722741627839     0.6316826789674906
                   9466       7.47847318649292      15.89812564849854      2.122218885960241      1.418357321897247  0.0001289711755926674     -11.84013946576534
                   9467     -25.34674835205078      6.324188232421875      2.121810354397802       1.41767703182997      1.477336428367836     -2.494649354423704
                   9468     -2.076775550842285      21.80327796936035      2.122215584170887      1.416758037850199   0.000562405755231534     -10.36863457910179
                   9469      -10.1491756439209       19.4681339263916      2.120245395703028      1.417279252186469  0.0005918503638648311     -10.31816528423628
                   9470      10.50445556640625      10.83568954467773      2.118768482314813        1.4165272710919   0.001348135209135022     -9.496169074385685
                   9471     -7.795682907104492      20.92207145690918      2.117045161431831      1.415777188093178  0.0004524845740280113     -10.58923634567915
                   9472     -13.93863105773926      7.740265369415283      2.115168851466191      1.415465968575885    0.03291143923494538     -6.303520970964519
                   9473     -15.15118503570557     -6.910515308380127      2.117391885798209      1.417274330360619       204.046288991198      2.431088090817044
                   9474       12.5853157043457     -10.86165237426758      2.113213214499222      1.418537321751509      45.62426784059689     0.9320962754305278
                   9475     -13.23159122467041     -10.17188167572021      2.111422073394761       1.41822743399295      108.9753629912164      1.801711909667327
                   9476      11.29199409484863      15.97967910766602      2.110500950008499      1.418956441140341   0.001625438329159939     -9.311310135593766
                   9477      9.523812294006348      19.57640075683594      2.110493793107793      1.420268173869795   0.001252239869865124     -9.571233195659692
                   9478       7.06660270690918      23.99333572387695      2.109087525434632       1.42140848424933   0.002984572709623011     -8.702574430606445
                   9479     -19.91274833679199      12.27626800537109      2.107615537453939       1.42186483933111    0.04704263314046275     -5.945353905984658
                   9480     -4.812582969665527     -10.09901428222656      2.105129971829308      1.420133800466792      41.77149331307213     0.8411630168900528
                   9481       20.7452278137207      6.939657211303711      2.105853239771351       1.42027833530595     0.9671205528798228     -2.924037950914174
                   9482     -5.237273216247559     -5.403053283691406      2.105914880640557      1.421354173168463      2.441692752989882     -1.997127808649267
                   9483       15.4547758102417      3.733956813812256      2.105205950016556      1.421489789723903      1.231876965782721     -2.681521649392118
                   9484      2.897634983062744      6.327902793884277      2.104577027931656      1.420472756245805  0.0001279426320117447     -11.85500374293753
                   9485      3.613095045089722     -12.72970676422119      2.102723867812793      1.419654265637245       27.5694694374248     0.4241765176231393
                   9486     -21.02071762084961       10.9127254486084      2.102720984453785      1.420578655114398     0.1575331840364594     -4.740002059749648
                   9487      -13.8893871307373      16.51009941101074      2.101724534115806       1.42146093131419   0.004114205502020858     -8.385045569323887
                   9488      -10.9737606048584      3.300924777984619       2.10188778298203      1.420458732820364    0.04930807253682816     -5.902031126525867
                   9489      19.60679817199707     -10.61549377441406       2.09999213206333      1.420850665502943      157.7597123219509       2.16808300363118
                   9490      17.74465751647949      11.60165977478027      2.100499950113294      1.421039715581724     0.1299318080776479     -4.933360748014579
                   9491     -12.77582740783691     -7.204324245452881      2.098719991514911      1.421260093048735      163.9587425825325      2.206306910933254
                   9492     -18.28755569458008     -5.988792419433594       2.09791916692542      1.418604311278964      131.1590207565534      1.980850561161838
                   9493     -15.10038280487061     -7.229486465454102      2.102684141946808      1.422393254413191      241.6818187034868      2.596998182827448
                   9494     -8.022915840148926      17.96723365783691      2.101702560685333      1.423323545760245  0.0008850753942540589     -9.920274718117374
                   9495     -7.268337249755859      5.943616390228271      2.100078761129798      1.423554748597904   0.005021008386978304     -8.185171968926916
                   9496     -15.63007354736328     -5.353852272033691      2.096788376030949      1.421047914920676      151.5003709133377      2.126210056010749
                   9497      19.89653778076172      -10.9795093536377      2.093769447650782       1.41892937408625      140.4602579784873      2.047613803454219
                   9498     -5.937773704528809     -12.92589092254639       2.09314907329045      1.419100200063086      19.16669576042999    0.05568743727918589
                   9499     -4.626401424407959     -12.93805313110352      2.089838574821384      1.418907510384922      23.24770424944983     0.2470010136341609
                   9500      18.09111022949219     0.6756129264831543      2.089876627712018      1.418482481942959      3.270899625697222     -1.714421692371051
