#! FIELDS time deep27.node-0 deep27.node-1 sigma_deep27.node-0 sigma_deep27.node-1 height
#! SET action OPES_METAD_state
#! SET biasfactor       12.02723625380408
#! SET epsilon   2.008904905162975e-06
#! SET kernel_cutoff       5.122093479753262
#! SET compression_threshold                       1
#! SET zed      0.3003712390744983
#! SET sum_weights       663.6997707970837
#! SET sum_weights2       3839.756726822016
#! SET counter  492
#! SET adaptive_counter  250000
#! SET sigma0_deep27.node-0       9.800114067896461
#! SET av_cv_deep27.node-0      -6.191557122410856
#! SET av_M2_deep27.node-0       45987199.37204077
#! SET sigma0_deep27.node-1       4.519848313603533
#! SET av_cv_deep27.node-1      -1.892582914789353
#! SET av_M2_deep27.node-1       28938546.58762508
                  14500     -4.836914272202135     -13.46639474162325      2.607684211004646      1.790054371926366      737.4657284814485
                  14500      7.213603078715676      11.72807499891541      2.386599250829283      1.718189428751781      9.896122425550283
                  14500      15.37665178474694      4.817244620327312      2.687419471999138      1.993960446202409      69.50761978646328
                  14500       18.7714031662398    -0.4751641359526603      2.192021666918127      1.600836435419856      3199.468645543367
                  14500      1.433958312974633      15.24167706241193      2.274727040834309      1.722450111922816      2.650448266483161
                  14500     -26.86508482965895       4.85963017550882      2.720850311674117      1.765932850106445    0.01195455012979449
                  14500      10.38334148799307     -7.186286897487499      3.012189368038135      2.201371342955359      131.9904538563023
                  14500      -24.3877439786426     -6.332627918617683      2.399711225324233      1.933838620448547      1.190047599780703
                  14500     -26.65241409199088       11.0723422357546      2.954647830185475      2.025287998196038   0.005705923623599887
                  14500     -7.857887840632872      21.79463144958518      2.819387275014371      1.797238725107688     0.1507636636766135
                  14500     -9.745340644763314     -13.78590174191253      2.389092302725465      1.728990270991379      1752.449242409895
                  14500      1.982311172051864     -11.50784606245412      2.526825772349885      1.854217379776255      390.3624370796574
                  14500     -19.88411690874024      2.297172554821944      3.234607005590311       2.11573569774241   0.001129894348558106
                  14500       4.71579767649166       13.8469267188484      2.213752943687617      1.773189645263695      7.726102145892167
                  14500      13.19053774751908      8.860328848512905      2.382901930389864      1.709926265422978      25.31728904434721
                  14500     -3.427310747585301       19.5067421794097      2.220814633823383      1.702520876155376     0.9508813381429058
                  14500     -15.74040680346876      19.80904514528349      2.281264761226193      1.848682286369112    0.02194564756286728
                  14500     -19.29835896762794     -11.71441469968891      2.633683619360689       1.91007431129122      15.30733515303527
                  14500      10.50248369923158      3.900989529076884      2.410145646548933      1.861823010302127      27.97690813609316
                  14500      18.91151215776794      1.364942619113931      2.235960315220559      1.709830595905461        296.73455029416
                  14500      16.80645812733145      -3.98163986447692      2.223949725517383      1.830818752433898      133.7477076518048
                  14500     -1.883289131104022     -10.66411767605276      2.339549538622716       1.75139407871887      118.1828540947517
                  14500     -3.365665798561368     -5.649670253016526      2.441524768108988      1.634478031124682      2.940188505778598
                  14500     -27.43003780334623     0.4762628643487316      2.531370552603322       1.93686250274226    0.06158329864683305
                  14500      14.12240470856587   -0.08806454896010801      2.085783300839478      1.562727328568765      362.7193863606497
                  14500      2.329270362854004       9.02970027923584      2.872543656874749      1.938388263343034    0.07154890754153143
                  14500     -13.94299540878463     -2.031420505065208      2.197945931250351      1.724082935876279    0.02025722105753295
                  14500      4.016677591030664      11.65952406543768      2.418686547330487       1.64129571221299      1.637315343327773
                  14500     -16.19143579272355     -10.63876627781169      2.226883595336846      1.647907410127293      16.19413940734187
                  14500     -24.30142144514543      13.12055278562016      2.439483151590714      1.733101414624782   0.003193970418093365
                  14500     -20.20311523525989      17.36384404477291      2.464142019319548      1.673568057768189   0.001617235161945645
                  14500      8.685863496535745     -1.297605391425394      2.264713849181813      1.680159002064931      12.59207581678015
                  14500      7.676174967987642       6.83705118361616      2.114195453983612      1.622688276454072      17.40891843392516
                  14500      8.848048021542809      9.010344899769306      2.173060618231887      1.777924054827434      11.14379810240165
                  14500      5.993522723666826     -11.53875189201787       2.14299626028592      1.675233140071721      196.1884267217123
                  14500     0.3070699206444783       20.1787200607709      2.146267639986473      1.526061707487542      0.285654175465469
                  14500      7.663791687968445      14.09695674114567      2.061255579203062      1.526915224493835      2.055676252444378
                  14500      -13.4681586258234     -14.64195338619487      2.413853217043618      1.593476139671766      243.0089984260821
                  14500   -0.03305152827270399     -9.161180355518921      2.108172836566929      1.591343116997366      29.56828460331116
                  14500      -19.2795774470624     -7.995541913725914      2.254571005114712      1.603161881153495      2.434754405905026
                  14500    -0.7662776977530673     -7.174707514150589      2.160821747716894      1.609084522543944      14.02331155015716
                  14500     -2.132452964782715      -4.06890869140625      2.338033046300729      1.686797040724882     0.6568289159252209
                  14500     -23.57974137407921     -1.852171457426412       2.30026122557123      1.654741448281268    0.06352131099134393
                  14500      4.639435138676044     -9.254713817584786      2.120767171064863       1.59944750589889      47.44554144707957
                  14500     -6.452590942382812      5.793726444244385      2.254672212802435      1.650984086636755  0.0001597853595550855
                  14500     -17.16610336303711     -4.457694530487061      2.198693346151157      1.635565988166353    0.05364417678294982
                  14500      6.824391692990957     -2.977503914381446      2.044609170604361      1.558861617516366      5.107729150812157
                  14500      12.84553155053147      6.591435507909789       2.13355588981414      1.605907824926891      49.85622348008474
                  14500     -22.74657484149735     -8.206222074435647      1.984514184787073      1.582953055672668      1.263623069939815
                  14500     -17.10274314880371   -0.03824567794799805      2.157899910389172      1.596716632121976   0.001831002769292995
                  14500     -2.438666020857231      16.30411816828171      2.058964419923317      1.514989467056342     0.2231311266538784
                  14500     -11.62675952911377      10.21047973632812       2.11335432423258      1.590438346587243  8.146003942176866e-05
                  14500     -13.86162078185769      21.69062544252649      2.144530565165105      1.555125934007324    0.04774176717354006
                  14500      3.442679405835819      17.36045003854624      2.325608722669168      1.600288369526141      1.830982720603091
                  14500    -0.4843409858491464      17.73906726619078       2.13908126049601      1.595733203236253     0.6858868605209164
                  14500       14.2500682662705     -3.857081111000713      1.989897601253727      1.516199728322789      32.74695082405292
                  14500     -19.18780708312988      15.08279037475586      2.038853323421844      1.559609968931251  0.0004219399779885797
                  14500      17.31091117858887      6.521858215332031      2.039963223651051      1.557972628038648      5.687229754198286
                  14500     -13.43791768777893     -11.56272213638618      2.086051389571308      1.592738951351011      46.95970781782286
                  14500      5.502963965742343      10.14097402253504      1.933329238190197      1.543957093872125      2.636969664868974
                  14500      12.54961143414347      1.443364837009143      1.948146009628713       1.51845766128396      79.80959995088426
                  14500     -3.959344148635864      14.02982330322266      2.007875394975335      1.537759474341834    0.04430562945285275
                  14500      16.40682987236478    -0.7699493163250101      1.928136186591668      1.587759829149861      523.3218868644586
                  14500     -7.389242022997103     -3.998484931339678       1.98749854539306      1.457959573756284     0.3771427805015587
                  14500      -15.8945255279541     -6.483340740203857      1.975926722282622      1.529709272170854       0.24321098110577
                  14500     -4.747174380070046      21.51405311468659      1.943702459617362      1.538108478359305     0.1446805892063169
                  14500     -11.90871381018187      19.64044593874264      1.929694577450561      1.505172926738786    0.02226198771989242
                  14500      -21.9635642024886      15.43534685703061      1.978132498048608      1.579763119759976   0.002153207612213065
                  14500     -8.621658325195312     -12.09084224700928      1.929697189625775       1.51548594385129      57.48284851599601
                  14500     -20.87866408225157      -2.76655439961219      2.064888465494391      1.481455852632086    0.05569088877587138
                  14500     -24.97435298511855     -3.893627846508132       1.86109491176449      1.529739782186142     0.1824021989323998
                  14500      14.63441507409889     -6.195979000772845      2.013843938948429      1.584207521575359      67.34936660712474
                  14500     -11.19136189122767    -0.9870421326343727      1.878537397316013      1.615097463012205   0.005961857278147954
                  14500     -10.49344955854873      21.13998205980335      1.883320852960944      1.576624596071875    0.07029182871943021
                  14500      12.16435169534167     -4.049560583997547      1.906951948790909      1.656036297203352      44.28970289629658
                  14500      -11.7533712387085      11.94974327087402      1.867488647749801      1.484482887069284  0.0001109040442854657
                  14500     -26.99733065495685     -1.703903082817312      1.830170689792372       1.54086921228832    0.04688536628842155
                  14500     -23.11133575439453       2.93342924118042      1.872558163351611      1.484326803733714   0.001835747777234936
                  14500     -29.06645584106445      2.342634677886963      1.873940982731239      1.479448259622168   0.005724710721627277
                  14500     -17.46341705322266      13.85806274414062      1.877793700085884      1.479016457931282  0.0002470553267622573
                  14500      10.74485407197117       10.7898165911942       1.91696340968966      1.610751712440721      3.652718877829699
                  14500     -1.785552024841309       13.7135705947876      1.858968375014661      1.468484971803521     0.1207577323418602
                  14500      15.62286524823965      7.772020924324713      1.854967409626839      1.449574235965914      11.23454505969252
                  14500     -11.97003071435872     -5.784623810049612      1.929021741071695      1.473946667869807    0.06355970008250669
                  14500      1.267766952514648      3.159551858901978      1.836171793896951      1.452454196308415   0.006636985008411582
                  14500      6.272878170013428     -6.232746601104736      1.834177687238816      1.451049326909047       6.24356853208648
                  14500      3.347448587417603     -1.667436718940735      1.829400702437029      1.449159298786324     0.2923614230374322
                  14500      4.972178936004639      2.121038436889648      1.820269078538839       1.44642674287858     0.2655120023391755
                  14500      12.77094268798828     -9.178190231323242      1.821125317518939      1.448354118577266      5.993538927390359
                  14500      1.262565612792969      -13.7996244430542      1.811169819124505      1.443835730060407      18.92837307072313
                  14500     -16.60697523020814     -2.516651095051011      1.799798905691303      1.467175927578158    0.02066734682164012
                  14500       -4.9886794090271     -3.610050201416016      1.799286805197153      1.435030886770041     0.2271358628097969
                  14500     -21.91213417053223    -0.5064249038696289      1.782424914236128      1.418020812702183    0.01242969410704763
                  14500     -12.55208778381348      5.378730773925781      1.781029141928134      1.418975649143932  0.0001145202757850841
                  14500     -20.58522415161133      6.493266105651855       1.77842598931736      1.413097605334466  0.0002975004807225247
                  14500     -24.88433456420898      7.797845840454102      1.768756613662295      1.404509978626199  0.0009118126488834007
                  14500     -1.472882986068726     -14.14087581634521      1.766989288840342      1.403148403251298      33.47471112233629
