#! FIELDS time deep19.node-0 deep19.node-1 sigma_deep19.node-0 sigma_deep19.node-1 height logweight
#! SET action OPES_METAD_kernels
#! SET biasfactor       12.02723625380408
#! SET epsilon   2.008904905162975e-06
#! SET kernel_cutoff       5.122093479753262
#! SET compression_threshold                       1
                  10010      21.33871841430664      5.407502174377441       12.1512465605993      3.271608523660208  5.979173072774214e-06     -12.02723625380408
                  10011      14.91547966003418      7.170804977416992      10.37555133546295      2.790980944312338      1.057188319469307    -0.2612633138357714
                  10012      13.14278125762939      -7.43308162689209      9.937804382777234      2.992566033450365  7.992618848440992e-06     -12.02723625380408
                  10013      14.30497550964355     -8.852750778198242      9.552458527749593       3.11955630506086  5.170729552488744e-05     -10.15814383454818
                  10014      8.060270309448242     -19.96827697753906      9.206759731526551      3.220799899139286    8.5317985856784e-06      -11.9648641537167
                  10015       14.3259744644165     -5.455924987792969      8.898602445040787      3.216539610470035   0.000574728303294281     -7.790134283944211
                  10016      15.36512565612793     -5.331418991088867      8.610493838793547      3.163434059015962   0.005900741133871158     -5.510758983181779
                  10017      15.96810054779053     -3.621229887008667      8.311853065207167      3.065198535536918    0.04941274866833677     -3.452473400742993
                  10018      2.658656597137451      5.736087322235107      7.666468303081425      2.838879538074417      2.862415617110837     0.4492098871774722
                  10019      -6.07271671295166      12.97308254241943      7.476601169489025      2.802407667789734     0.1690257906092665     -2.418168241307943
                  10020     -25.11434745788574    -0.9449067115783691      7.418801521369224      2.763147558441701    0.00108983128161567     -7.484065909882436
                  10021     -12.92025947570801      11.26696300506592      7.188490145729658      2.686310432590546     0.4767162302708542      -1.46290554986474
                  10022     -24.38701629638672     -5.899736881256104      7.083221243567259      2.661654582309802   0.001160543117053488     -7.504911945523463
                  10023     -23.66742706298828     -4.967521667480469      6.994138419598749      2.630813956660181   0.007531694049259143     -5.658991073386177
                  10024     -14.71950817108154      10.60156536102295      6.604018138276848      2.498672985839076      1.986443063407172    -0.1929378094297767
                  10025      20.46933364868164      10.41300392150879      6.304256195948919      2.391899448390935      1.466704947969594    -0.5863903580911897
                  10026      15.86698532104492     -9.296945571899414      6.186299174224773      2.545512004725064    0.03979377668704042     -4.150097398374716
                  10027      20.37991714477539      11.32281303405762      5.955821752565498      2.452450771605726      3.973954020550555     0.3784970990877208
                  10028      11.22475910186768      -2.20123028755188      5.854004948571961      2.415598541467911     0.1765421907909034        -2.767843758035
                  10029      17.29745674133301       7.76413106918335      5.679983250225551      2.348394483921251      5.829150222618251     0.6708299090637992
                  10030      16.70707702636719      5.815323829650879      5.537891025976254      2.292877396750168      7.377859631346302     0.8571833532759798
                  10031      20.29167366027832       10.5764102935791      5.396651603340096      2.238152435986037      8.740600123286333     0.9766867578317618
                  10032      15.85153388977051      9.877010345458984      5.285462540309549      2.195195282320545      11.72720192855195      1.230420737424884
                  10033       1.27517557144165     -25.59306144714355      5.210242937144662      2.203435845779479  2.289539190289785e-05      -11.9266520221505
                  10034       18.2167854309082     -2.297290325164795      5.136716053900408      2.294964134398463     0.1554847482411462     -3.076797944706401
                  10035    -0.8018112182617188      8.943216323852539      5.033636130144349      2.254153059630428      1.339955733733076    -0.9611679917912181
                  10036     -16.88405227661133     -12.39556121826172      5.005461719001136      2.248326524981704  0.0002099199306137747     -9.730790051298397
                  10037     -8.371381759643555      12.54078674316406       4.96402161681895      2.226849510367281      1.290823815341526      -1.02463683734127
                  10038      21.67934226989746      4.610323905944824       4.82278547740092      2.165152949104268      6.030547189849616     0.4599589159983488
                  10039      7.938359260559082     -18.26913833618164       4.76546108170129      2.257175153683987  8.860810336986984e-05      -10.6385003496483
                  10040       4.44321346282959     -23.16465950012207      4.706836584669503      2.346950416418666  5.505182677522862e-05      -11.0878241782588
                  10041      10.68333435058594     -16.57378959655762      4.651253264355689      2.414160771580824  0.0007466164520129575     -8.464192034617161
                  10042      15.88871574401855      0.804262638092041      4.571960160825921      2.436823701845408      1.309070857165181     -1.002766423297849
                  10043     -8.913478851318359      14.14452075958252      4.502850358761793      2.426549541225811      1.381932718590182    -0.9680575456415366
                  10044      14.28926181793213     -2.835038900375366       4.44357098974587      2.408192891195295     0.6358700294379611     -1.765147635467422
                  10045     -6.983759880065918      12.52266120910645      4.356614140981677      2.371997099491481      2.736623277399278    -0.3405692807148289
                  10046    -0.4240486621856689      7.268601894378662      4.282860355445416      2.353973379372044      2.690963646815514    -0.3820963451245384
                  10047     -9.874397277832031      15.88859176635742      4.213633269464278      2.328408878160254      1.928464697581167    -0.7424868742759112
                  10048     -9.158747673034668       15.8277759552002      4.143508526301816      2.312569909884673      3.356779362138914    -0.2118371899916754
                  10049     -8.710156440734863      14.43985176086426      4.061159579518761      2.283536200114043      6.161804000647686      0.362841840473245
                  10050     -23.24415016174316      1.179291248321533      4.030319378108262      2.276062199620632   0.003470541016645053     -7.129873818682615
                  10051      1.209707260131836     -25.79709434509277      4.000753860057267      2.330758024919521  9.773365631231714e-05     -10.68330971772433
                  10052      11.06838798522949     -10.01500606536865      3.963594370188509      2.386680706268734     0.0364288760241774     -4.748060165264816
                  10053     -21.93666458129883     -9.926580429077148      3.938092128255075      2.399879328978502   0.002048234686140291     -7.627383655830136
                  10054      19.09553909301758      10.18932914733887      3.941019459017706       2.40459743364732       17.6042643950757      1.434241604520573
                  10055      20.12512016296387      9.556242942810059      3.945736465066217      2.410132593873796      21.30595809082159      1.628582638978719
                  10056      13.06809425354004     0.8947412967681885      3.909546341164016      2.386636520283393      1.297893349582852     -1.188672648661782
                  10057     -6.408077716827393      10.71751403808594      3.857421526310707      2.359758044750642      3.665973335236095    -0.1750695732916264
                  10058      6.992859363555908     -18.83412933349609      3.832669048608257      2.350579078508068  0.0005327418458382507     -9.021971940116879
                  10059     -10.18452644348145      15.30436515808105      3.784637882223329       2.35141235061821      6.993012906331971     0.4481563513030101
                  10060      1.315531373023987      7.856817722320557      3.736038674113635      2.330888017555888      3.226551813708508    -0.3470322939227198
                  10061       7.94345760345459      2.442742347717285      3.711363557666946      2.313455127643121      1.478863558151309     -1.141306096566553
                  10062     -14.22511196136475      1.381453514099121        3.7035255428251      2.299603444953023    0.02069394702613348     -5.418613628871128
                  10063     -22.07796859741211      3.156035661697388      3.708410808949267      2.282786515371404    0.01661356295108141       -5.6442570893243
                  10064     -21.87940406799316      3.441475868225098      3.706863434994488      2.266287528339593    0.03485899431522476     -4.910836463638048
                  10065     -19.07056045532227       5.73936939239502      3.700921050990175      2.248690274310448     0.2232779799500317     -3.063129570584146
                  10066     -1.999191999435425      10.53493595123291      3.657178186671023      2.224068977354497      4.603928388715561   -0.05978131112431158
                  10067      -4.25025749206543     -26.26877784729004      3.643861808971602      2.226082472627192  0.0001048047189348113     -10.75284590286257
                  10068      21.48056030273438      9.068812370300293       3.65072243843295      2.235435470542592       28.5621323109084      1.768721420845858
                  10069      20.67652893066406      11.10746383666992      3.666340673773264      2.230401403366488       31.0542210079489      1.854388883809436
                  10070    -0.7685642242431641      9.606934547424316      3.631837045097694      2.205906720062864       5.18039756998643    0.04303753144701251
                  10071     -2.658987522125244      11.00149726867676      3.594318750813736      2.181066845504218      6.824012972634163     0.2968948196977899
                  10072      12.10694980621338     -2.959684133529663      3.580765727250548      2.167679898742306     0.7709379313974949     -1.893634821778001
                  10073      3.848805904388428     -23.44418907165527      3.558538665525972      2.215420914855005  0.0002033089864440944       -10.118712748755
                  10074      1.855249404907227     -24.51663589477539      3.537379454894326      2.243499035970438  0.0003289378979095039      -9.63094018382527
                  10075     -22.60651016235352    -0.4360289573669434      3.529767747264577      2.254362020236406    0.01446407917908523     -5.844709412678442
                  10076     -9.645647048950195      14.76869487762451      3.489206155656589      2.234333622699029      9.011221484177362     0.5693664068330569
                  10077     -22.66866874694824     -3.233791351318359      3.485127641268728      2.224879930370354    0.01032772211373607     -6.207437413602527
                  10078     -14.70694923400879      8.080859184265137      3.475038168156024      2.210713781099123     0.9882893045599405     -1.655580403285899
                  10079      -14.0457706451416     -20.71639251708984      3.464451136450424      2.209564574816357   3.14199494982422e-05     -12.01543934481084
                  10080      11.51351261138916     -2.573692321777344       3.44723060250606      2.225174577898892      1.146412246245995     -1.508677662305494
                  10081     -9.732233047485352      15.02782344818115      3.405835980558369      2.203475496379409       12.5501672472456     0.8625388005087217
                  10082      11.67067718505859    -0.6815934181213379      3.391357588582631      2.193008662218306      1.825970441632672      -1.07410517767559
                  10083     -1.355380535125732      9.848678588867188      3.357763513905846      2.169745714993654       9.15243353012294     0.5171834122239133
                  10084     -2.487874269485474      11.04139709472656      3.314490203715849      2.152491404877933      11.65356532326836     0.7378204594344437
                  10085      7.217358589172363      9.156527519226074      3.287103533542323      2.135861871574692      3.775047237068044    -0.4054315614603088
                  10086      -6.44984245300293     -0.494562029838562      3.271419484868606      2.128067421172974    0.04229375670266811      -4.90539906311944
                  10087     -18.68125343322754     -1.170656204223633      3.267514995620241      2.117759560309534    0.01959838704388411     -5.680641036714006
                  10088     -22.06173706054688      5.384297370910645      3.256991167540074      2.107946183470975     0.2155864969559549     -3.290596658265331
                  10089      16.76623725891113      6.603776454925537      3.221752679263949      2.085780844821769      19.10272907664105       1.17217851986962
                  10090      9.158088684082031     0.7952172756195068      3.210523771028224       2.07202738299634      2.192040611363777     -1.002926973010203
                  10091      0.228948712348938      6.726274490356445      3.179549629005781      2.052137928554891      7.190209943375778     0.1656205715970363
                  10092     -16.48336219787598     -18.90480422973633      3.166568075395695      2.046064075932449  5.935038264577159e-05     -11.54620713101125
                  10093     -3.089208364486694      10.03969764709473      3.134559360287916      2.042334645286107      17.35410749869422      1.027689917118639
                  10094      19.84143829345703        9.9876708984375      3.139408549965282      2.044596791877256      43.40929232756825      1.947187050257358
                  10095      2.265908718109131     -24.37739944458008       3.13381356832266      2.047287202678055  0.0006212681821635492      -9.20770295896406
                  10096     -10.83162975311279     -23.02571105957031      3.120593786398039      2.071457168447128   5.68732549738443e-05     -11.59113125876658
                  10097     -4.003430366516113     -26.14658737182617      3.106646540507652      2.092387894032695  0.0002948929419290647     -9.939769869187277
                  10098      -9.32624626159668      14.59044647216797      3.077474629854982      2.082637879519327      15.84579221216978     0.9379271248923933
                  10099      17.45947074890137      9.150933265686035      3.068924926613903      2.084136037903233      43.24645609749664      1.939875501218402
                  10100     -16.37639427185059     -8.848603248596191      3.059666892781191      2.091192835433454   0.001583287038685483     -8.274933000882895
                  10101     -23.13411140441895     -0.411677360534668      3.048371623000535      2.094614578259865    0.02853072420698219     -5.385518113244668
                  10102     -21.87500762939453    -0.7090239524841309      3.046769854443907      2.086160202515241    0.04188392788098422     -5.006167492025272
                  10103     -23.24926948547363     -1.403290748596191      3.040327233932437      2.078409724800392    0.05288004159328562     -4.778882600029979
                  10104     -23.22275543212891      -10.2619800567627      3.031185823204561      2.071507990994597   0.002181137576557222     -7.973399471729687
                  10105     -15.67317008972168     0.3661305904388428      3.023847581677733      2.063842369126778    0.03234073040060303     -5.283049814141227
                  10106      -9.60099983215332      13.44351768493652       2.99556559816858      2.043783590945426      17.41970608223962     0.9868164500977786
                  10107     -22.33889579772949    -0.1188015937805176      2.982240918074827      2.044708235890793    0.08667955113133913      -4.32032867097976
                  10108     -9.892334938049316    -0.1555819511413574       2.97107030727135      2.037053331190886    0.03213354452527319     -5.320149716257212
                  10109     -13.28903198242188      7.596438407897949      2.958429304771364      2.027184681533993       1.30989745751987     -1.621466182669456
                  10110     -6.223616123199463     -21.43857574462891      2.947060585435432      2.034085363869295  0.0001061846355646033      -11.0421981084767
                  10111         12.27587890625     -2.311541795730591      2.939917104029892      2.042495442324511      2.270009874460608     -1.070383618583262
                  10112      21.43463897705078      10.51410865783691      2.967883842963995      2.045373053533374      52.21124960727675      2.076005863158735
                  10113      17.64911079406738       7.85999870300293      2.974406418324093      2.034039345373419      45.96116974103823      1.945143539635592
                  10114     -2.471474170684814     -27.26454162597656      2.970640547950559      2.042073154194673  0.0003821982094290296     -9.749549566349888
                  10115      -9.51686954498291      14.68943500518799       2.94487280896334      2.037553103775935      19.78057133953925      1.093793965422095
                  10116     -8.579353332519531      15.09042263031006      2.919065289786205      2.026443601035416       22.6767520944733      1.216164556240893
                  10117     -9.917963981628418      15.77574348449707      2.896802924885285      2.009466731209952         24.68918707418      1.285120944263284
                  10118      18.19768142700195      11.31984710693359      2.879636771128653      1.999800554127739      47.95984910516657      1.938354300175197
                  10119      7.177165508270264     -17.62783241271973       2.88223608796274      1.999827445973196  0.0007878510969656919     -9.077295638481619
                  10120      7.314990997314453     -15.73525047302246      2.875701742475364      2.008401093914201   0.001877153910951658     -8.207084369135011
                  10121      3.212093830108643     -25.02748107910156      2.865973956573777      2.022798839364139  0.0007418068130136129     -9.131752851158467
                  10122       6.21058464050293     -18.61588668823242      2.857500122925094      2.027092739241179   0.001443097079067062     -8.467135448919159
                  10123      10.49935054779053     -13.75033092498779      2.847093253624768      2.035455164110797   0.008057389213626797     -6.746869170704723
                  10124      9.455782890319824     -15.45255756378174       2.83859859887742      2.034159241090719   0.005972244481511329      -7.04996090013461
                  10125      6.364368438720703     -18.79863166809082      2.830702327778326      2.030919643373967   0.002869043017529473     -7.787484679622657
                  10126          1.06982421875     -22.26055908203125      2.822390996612825      2.028912242161937  0.0007600682966649844     -9.119739561123119
                  10127      4.432857513427734      6.456241607666016      2.811220905185405      2.023968994829621      4.298022180974823    -0.4858872350875649
                  10128       19.6172981262207     0.2336935997009277      2.803926894605033       2.02400759135033     0.9786642168071276     -1.968187783511902
                  10129     -10.40757465362549     -24.79876518249512      2.796459624886028      2.024473884449678  0.0001113817646167732     -11.05160438404372
                  10130    -0.2775731086730957      -26.2920036315918      2.798595116596893       2.02085557763208   0.001011518799777555     -8.846385294699283
                  10131       9.27705192565918      3.544546604156494      2.791086145470559      2.017755630787532      2.392507855403134     -1.081962734366306
                  10132       6.77769947052002     -1.910768270492554      2.779536594497853      2.018699623161292      1.195965966329977     -1.779029528158997
                  10133      6.705830574035645       5.52556848526001      2.765712943408848      2.016806399411816      4.138326423501725    -0.5436163234530157
                  10134     0.8049460649490356      7.454154968261719      2.747163262667905      2.012201097608928       10.2238447425187     0.3517992452836228
                  10135      16.03209114074707     -10.12427711486816      2.740575983922587      2.011755902997404    0.03535520056812005     -5.317855246670153
                  10136      15.71160697937012     -6.975624084472656      2.731050027316643      2.016939729675871     0.2266635446675039     -3.460742506533051
                  10137      20.30270957946777      10.78755187988281      2.740659761303203      2.027985853124083      72.17437413787971      2.311605342773626
                  10138     -3.276861190795898     -25.60519027709961      2.734607795559153      2.028311276959105   0.001140809008808105     -8.745547525661003
                  10139     -1.439747095108032      7.315750598907471      2.718262829331293      2.025963526430139      11.97415158694288      0.506067204175785
                  10140     -13.16865921020508      10.21237373352051      2.721696914909323      2.020915943003328      3.937441634302637    -0.6073839230844988
                  10141     -16.84453201293945      2.654273986816406      2.726364507001496      2.015237523645695     0.1053915534547197     -4.229088180016723
                  10142     -21.50916862487793      1.116235017776489       2.73304999607875      2.010618168524947     0.1096678891487066      -4.18915974954255
                  10143     -8.608809471130371     -7.342986583709717      2.734470309888515      2.005434221719166  0.0003801894824841289     -9.855763939939559
                  10144     -9.860891342163086     -8.120248794555664      2.731647000097637      1.999850902276068  0.0005562543697173213     -9.479029017322505
                  10145     -22.59603691101074      5.341066837310791      2.730270119741051      1.994560230443511     0.2060859603333957     -3.567359276046657
                  10146     -20.40697860717773     -6.729952812194824       2.72560800822462      1.989186071614292    0.00756478835915997     -6.876555338532862
                  10147      -15.9561071395874     -17.81435012817383      2.721896110739687       1.98592511399837   9.77837614437946e-05     -11.22805993959439
                  10148     -5.861736297607422      12.56156158447266      2.703998687386225      1.981359699999796      18.62032866698486     0.9200474204993861
                  10149      18.51049423217773      2.183350563049316      2.706719393636466      1.975629179547896      3.004937555493643    -0.9058404485885163
                  10150      11.94013595581055      -3.54349946975708      2.707902906743005      1.968595519277424      1.902337039654711     -1.366143495945885
                  10151       12.8283576965332     -13.69508934020996      2.705575222521469      1.968221150829018    0.01682831275723768     -6.094969322348528
                  10152      14.38695526123047     -10.41940593719482      2.702384539570092      1.966960489471056    0.07055672582411285     -4.663435773938372
                  10153      9.708752632141113          -17.197265625      2.696730817425885      1.969443646078408   0.007755074604514911     -6.872338042907121
                  10154      6.033320426940918     -20.63443374633789      2.688548563732385       1.97652327471498   0.002776302032123337     -7.899016082466285
                  10155      1.587732791900635     -25.63676071166992      2.683403857957249       1.97257301124606   0.001939706272847478     -8.261515352030923
                  10156     -3.841216564178467     -14.80229949951172      2.676279244354117      1.971717003247764   5.39089605403814e-05     -11.84760312487248
                  10157     -21.96657752990723     -5.949672222137451      2.674541754752708      1.967657298244891    0.01572875331999791     -6.174364615969346
                  10158     -18.73724555969238     -15.25911235809326      2.677443910386417      1.966403003433012   0.000253149010000722     -10.30318520987868
                  10159      -21.9616641998291     -2.911075115203857       2.67501439449472      1.966413434852077    0.07787774651370984     -4.575170482220271
                  10160     -4.167935371398926      11.97989940643311      2.658042425971295      1.966262931684969      19.38817309620578     0.9356664184997925
                  10161      -3.67129111289978      12.32173156738281      2.641472563115137      1.961618026115244      22.46677955490564      1.074422459436463
                  10162     -6.143721103668213     -17.34127426147461      2.639519778312647       1.96133709620032  7.134572444408681e-05     -11.58647120990794
                  10163     -15.80150413513184     -19.80643272399902      2.633523305950084      1.963475552574869  0.0001555120873753164     -10.80846984475396
                  10164     -22.59573173522949     -6.300882816314697      2.629039662750906      1.962838731958428    0.03360080454891828     -5.434916378499109
                  10165     -10.33291339874268      14.68584442138672      2.609928776395351      1.962494715011711       34.9318332474076      1.504216449389701
                  10166      -14.3941478729248      9.336662292480469      2.603635228165552      1.962168301963068      3.022775053949677     -0.945587428458199
                  10167     -19.12192916870117      2.191797018051147      2.600817812817142      1.958808163165289       0.18021531083339     -3.768162325832985
                  10168     -2.266232967376709      10.16707801818848      2.583237116902593      1.947761906775233      24.12909234436634      1.116421044505687
                  10169     -1.528264999389648     -26.60538101196289       2.58502914764698      1.949094099700257   0.002438185802167183     -8.082121057395661
                  10170      13.49695491790771     -1.856487512588501       2.58064953911473      1.947203507026753      2.882643817431014     -1.009578265304661
                  10171      2.804843425750732      6.374074935913086      2.576931954121939      1.937861307019506      10.64454840114404     0.2905108446047764
                  10172      13.33495616912842     -7.517132759094238      2.576643603466671      1.933142068703285     0.3387238972998046     -3.159657150011483
                  10173      3.593597888946533     -22.81168746948242       2.57161249466219      1.940072085035629   0.002344694811449558     -8.131063269743942
                  10174      3.757956981658936      6.344292163848877      2.563038840247135      1.933688090179314       11.7204573173225     0.3792370106641251
                  10175     -6.799158573150635      13.12267398834229       2.54458760528662      1.924739080481719      34.75824423034629        1.4544542981613
                  10176     -22.87774276733398     -5.121862888336182      2.545651391056238      1.923133236974284    0.06090889066146973     -4.892755311680449
                  10177      -18.9524974822998      7.262537956237793      2.546139539851676      1.918806580325897     0.9392774379495352     -2.159084157610226
                  10178     -21.67947959899902      3.932098388671875       2.54493213640909      1.914480702255042     0.3149394345914984     -3.254546034915132
                  10179     -9.519180297851562      14.74466323852539      2.531997622860973      1.904598871203649       44.5072879756914      1.686211434625297
                  10180     -23.68876075744629     -3.708942413330078       2.52640085355924      1.904367277737935    0.09911552484669336     -4.423245174833997
                  10181      7.151718139648438      6.275310039520264      2.517167869818862      1.898607791788027      7.572081351407601   -0.09399823966307827
                  10182      7.425708293914795     -17.37961578369141      2.520960488186439       1.89629916097509   0.009480121724574428     -6.776735472354973
                  10183     -15.81446075439453     -19.17091178894043      2.518319435888114      1.904057125539405  0.0002731164424215486     -10.32075509876361
                  10184     -19.10079956054688     -11.26598358154297      2.512956281315847      1.911342104324565   0.002360526883813214     -8.162326401311532
                  10185      -9.45862865447998     -20.60038185119629      2.509729682787518      1.912472230151388  0.0001389729719119055     -10.99538077416751
                  10186     -8.387775421142578     -21.90047645568848      2.503416320100305      1.918650353437934  0.0002474924758082572     -10.41757355360874
                  10187     -1.271013259887695      8.024818420410156      2.489856221769547      1.912591533164828      20.74868211074638     0.9104453431003343
                  10188      11.46750068664551     -12.77370071411133      2.489325850103729      1.909986374617455    0.04006874662378185     -5.340772096699584
                  10189       16.4277172088623      -5.91215991973877       2.48666453190283      1.914787820028522      0.649623935510415     -2.553534061084309
                  10190      12.79842376708984      4.347821235656738      2.488751595420321      1.908276427097464      5.961001431829056    -0.3395013510719558
                  10191       4.47160816192627      6.584286689758301      2.484094036648399      1.899891131843902       14.8592115228929     0.5676030818868562
                  10192      0.800450325012207     -26.17425537109375      2.480080690806904      1.900562865563909   0.003549133956787959     -7.773331978917947
                  10193      7.803057670593262      8.626852035522461      2.473633520850338      1.900978738633703      7.060259824552934    -0.1801826383515722
                  10194      8.699857711791992     -1.523389101028442      2.469997365355368      1.899871035256272      2.451553163390087     -1.239996641815015
                  10195        4.7347092628479     -19.32757377624512      2.465936031463936      1.895780267738706   0.006002743377787539      -7.25605821726611
                  10196      14.41913795471191       3.86653995513916      2.461517381700137       1.89383978451066       7.27232826334103    -0.1592606231126662
                  10197      12.55069541931152     -3.287765979766846       2.45629032313338      1.891426333899279      3.142967205437566     -1.001570746309708
                  10198      -7.66276216506958      13.48188877105713      2.444057695618446      1.884670598821719      47.23066186144698      1.699734501036938
                  10199      11.08014678955078     -14.85039520263672      2.442362052353254      1.887486742432233    0.02715863015135651     -5.760570111715806
                  10200      9.858925819396973     -13.85995197296143      2.437712620362504       1.88881560674959     0.0411355063689244     -5.346595011439207
                  10201      11.31882381439209        -16.39990234375      2.433446295816692      1.889189442176949    0.02947171379291551     -5.681589479676899
                  10202       15.7550802230835     -8.815704345703125      2.429903827810849      1.885110600053858     0.2701343549146548     -3.469719161895986
                  10203      18.24864387512207     0.5053896903991699      2.424717416021208      1.882488714929887      2.142701016027396     -1.402344637146426
                  10204      20.25151824951172      11.09854698181152      2.421210969561423      1.879823085421058      69.86794119864258      2.079330889104839
                  10205      14.32678508758545      5.923089027404785      2.411638882904544      1.874620538764288      15.83264652851419     0.5880653532604694
                  10206     -1.422728061676025     -25.67486190795898      2.406394455410207       1.87416045103947   0.004273602039726362     -7.631729389375698
                  10207       15.0345573425293      8.251540184020996      2.392779382440181      1.869106506125001      35.02937669141687       1.37138166632947
                  10208     -23.10220146179199      -1.30046558380127      2.392473524653127      1.871235100232378     0.1417511246032733     -4.137477431560316
                  10209     -9.839852333068848      14.25450992584229      2.384881968894278      1.870442278377753      52.07254775019339      1.765240943469093
                  10210     -9.611784934997559      16.18482208251953      2.374545024208635      1.868707060685752      43.42024630787944      1.578256966406693
                  10211      -21.9334602355957      2.978000640869141      2.374952439579871      1.868951294879386     0.2837571631787108     -3.452003086721257
                  10212      -15.8647403717041      9.670370101928711      2.377859321354212      1.864621263557146      2.687752506476482     -1.204757561722225
                  10213     -6.890966415405273      12.85936164855957      2.370361341900067      1.855729674404155      48.78303813635143      1.685981554493767
                  10214      10.75067520141602      9.966326713562012      2.365268121455137      1.850520469040779      8.103223799379839    -0.1141011987514491
                  10215      14.19654178619385      9.859655380249023      2.356527130398908      1.840757454501949      32.16775141699343      1.255609067781251
                  10216      16.24640655517578     -5.785070419311523      2.354304357887323      1.837319830545501     0.8448486730605348     -2.386766063928296
                  10217      16.77650833129883     -4.012700080871582      2.350240363990275      1.842323039316055      1.444737835158692     -1.849248723122852
                  10218      -2.73990273475647      5.414007663726807       2.34494046889578      1.837075709541354      8.470657040751989    -0.0856783888233163
                  10219     0.8075655102729797      4.803580284118652      2.336830584111977      1.831324840021554      10.22309788460439     0.0957633785007732
                  10220      -7.24565315246582      11.50691318511963      2.324697467852438      1.821857797931125      37.18043223072701      1.376507763929634
                  10221     -1.544165134429932      -14.4831600189209      2.324389310818586      1.825934822941742  0.0001048773639113184     -11.39989092441869
                  10222      11.70437622070312     -14.39583683013916      2.319431868713424      1.824834125333961    0.04752962365966018      -5.28631224357571
                  10223      -9.50306510925293      15.27081489562988        2.3097256603499      1.818194868732187      59.31510886545311       1.83511549332564
                  10224      -23.0630054473877     -1.004862308502197      2.311460107671219      1.817316471192589      0.170086643258868     -4.018928454249865
                  10225     -17.64453887939453      9.001073837280273      2.313280137995461      1.813800588391883      1.927134350015946     -1.592596487730245
                  10226     -15.90831089019775      5.329679012298584      2.314765865201347      1.810269199816054     0.7166592990168481      -2.58309212076688
                  10227      8.219772338867188      6.125049591064453      2.310405987247381      1.806119418434144      7.429569730790019    -0.2486497169709772
                  10228       4.70875883102417          4.77099609375      2.306825697238902      1.800806920942091      9.076312504330302   -0.05294622681719072
                  10229      17.38229751586914      5.172808647155762      2.303308220524552      1.793436526178885      16.58056086323596     0.5439895479787986
                  10230      19.46817970275879    -0.8814935684204102      2.306365891378947      1.789479626089007      1.313203405239586     -1.992654057242591
                  10231      18.80156898498535    -0.5133135318756104      2.308237139255932      1.786256245564644      1.913864912729802     -1.616990752659643
                  10232      14.25847625732422      4.333548069000244      2.302431915517276      1.779837990974959      12.49814324623981     0.2533468543079065
                  10233      19.35200309753418      1.433828830718994      2.299231472591049      1.775424795358446      3.193521347675531      -1.11498268233129
                  10234      10.69159889221191      -9.13566780090332      2.297265016330865      1.772046410617523     0.1302218116116984     -4.317383205797072
                  10235      3.456043243408203     -23.07885932922363      2.292650431002364      1.784109565549058   0.003163578060404637     -8.030145106084463
                  10236      11.82764720916748      8.907533645629883       2.28516442895479       1.77982013524305      17.04448348750254     0.5560553943265349
                  10237       17.9115104675293     0.2042274475097656       2.28102980793416      1.777017721925112      3.330829642041157     -1.079936553498822
                  10238      19.83375358581543      10.56363201141357      2.274265499659262       1.77122210016722       70.9537772163841      1.972634041872878
                  10239      16.42074966430664      11.43751430511475      2.263917010768722      1.763960187073961      48.52396273032219      1.583994142709529
                  10240      14.02534961700439     -3.955018997192383      2.259646677735872      1.760736740780251      2.327136664888712     -1.457142100798017
                  10241      5.044958114624023      -22.5874137878418      2.255698500239624      1.765977125936554   0.003305007872588322     -8.012874094260733
                  10242      19.12756729125977     -2.264107942581177      2.250913595373939      1.764736921979541      1.724935446985851     -1.758194070913352
                  10243      10.16895294189453      7.585803031921387      2.244517731994663      1.760159551952557      10.88527150524937    0.07858427488157038
                  10244      18.70243644714355      10.03254985809326      2.237798693108429      1.755868583492665      74.05264726988639      1.990511098651509
                  10245      14.02815723419189      9.379673004150391      2.228623368368883      1.749390162710103       34.0170632618056      1.204792077942756
                  10246      8.570134162902832      8.647215843200684      2.221970375012506      1.744820394566891      8.996633549948582    -0.1308250609092794
                  10247      13.20742416381836     -1.028916358947754      2.217153336018434      1.741219080712728      2.955972882602172     -1.248084091069252
                  10248     -4.920365333557129      12.02637481689453      2.207878707819769      1.733558416345405      35.00374281487863      1.214941869841845
                  10249     -23.96870231628418    -0.9326810836791992       2.21745667970774      1.731200236070137     0.1624902798159246     -4.154682751544744
                  10250     -17.48249626159668     -5.344776153564453      2.227104018396352      1.727928229331285    0.01792362518083328     -6.356731864672948
                  10251     -22.17177963256836       5.39551305770874      2.230543471976497      1.725180754024626     0.3915870488881197     -3.272691847472949
                  10252      -24.3937816619873    -0.1996870040893555      2.235121106814096      1.722103234442488     0.1862275313006968     -4.015665800120406
                  10253     -10.65973281860352      1.507956504821777      2.236729176545614      1.719541156640072    0.02882496483949404      -5.88216283849327
                  10254     -18.38858413696289      4.632990837097168      2.238539981918187       1.71619688924171     0.5408299358711602     -2.951437311043357
                  10255     -23.66983985900879     0.1961350440979004      2.237581241424096      1.713825255788144     0.2527324847055302     -3.714021880410167
                  10256     -13.86437225341797      9.977163314819336      2.236256281589948      1.710020456581302      4.522990108340759    -0.8322396997227752
                  10257     -21.36468696594238     -1.084878921508789      2.235672844311686      1.707088478059917     0.2450254245580385      -3.74978329491217
                  10258     -13.16405868530273      10.76357746124268      2.232574614557048      1.702627895606508      8.241510474981959    -0.2382095305914442
                  10259     -17.84891891479492      7.936219215393066      2.230387529851671      1.699621046695116      1.968334422862058     -1.672953123833472
                  10260     -23.05302810668945      3.268492221832275      2.228518763570182      1.696622085485382     0.3380528176000048     -3.437298233049196
                  10261      -6.22734260559082      13.66120719909668      2.219359115682177      1.690305289352521      52.05535796567045      1.591713851945294
                  10262     -24.98185348510742      1.820842266082764      2.216344888491322      1.687712920520509      0.246914331072127     -3.762201638400805
                  10263     -20.62998199462891       5.48477029800415      2.213481760303455      1.684490491922623     0.6675036707019868     -2.770902018620356
                  10264     -11.38408470153809      11.05977821350098      2.207093034657242      1.678657772117758      17.74493391361323     0.5030493701012155
                  10265     -22.80810165405273      3.978398323059082       2.20387755466276      1.675534725794136     0.5466135301784139     -2.980384066475724
                  10266     -21.49665641784668      5.102018356323242      2.200333488541837      1.672392614726506     0.7726637162453949     -2.637768624579137
                  10267     -18.40647506713867      7.507397651672363      2.196524095230283      1.669204390382311      1.544951107847051     -1.948505982815389
                  10268     -15.18282127380371      4.444283962249756      2.192794513756534      1.666447205953538     0.4190409818221174     -3.256637353886243
                  10269     -21.88069915771484       1.47341513633728      2.189248411923009      1.663570729912003      0.468384816995375     -3.148661935493327
                  10270     -15.77072238922119      10.49203491210938      2.184187289868218      1.659643686908017      6.476111895450003    -0.5267544447482038
                  10271     -15.45378875732422     -18.12079620361328      2.180556777300393      1.666421740275175  0.0003027173950049314     -10.49517347510269
                  10272      -17.2699031829834      8.142780303955078      2.176132593378802      1.668809224320942       3.25581967982093     -1.212617841346888
                  10273     -16.50876235961914      4.986310958862305      2.172222882989723      1.666019126489677     0.9289919373674016      -2.47018868301005
                  10274     -18.65304565429688      7.712576866149902      2.168045651821541      1.662878572365815      2.591072865954212     -1.448273156729228
                  10275         -23.0087890625    -0.8648381233215332       2.16445920267394      1.660614183504422     0.4137799735566858     -3.285784349356653
                  10276     -17.26287269592285      6.837373733520508      2.160259230645285      1.657755302800737      2.812349024239504     -1.373008726866505
                  10277     -10.88078308105469     -2.169489145278931      2.156670160280698      1.654916262408896    0.01248013043429245     -6.794023115479489
                  10278      -14.7129373550415     -5.474798202514648      2.153635786334247      1.653314873256582   0.005899357724310795     -7.545693531756138
                  10279     -12.52290630340576     -8.005754470825195      2.150174961036179      1.650922052142241   0.001234216174456721     -9.113157521006054
                  10280     -12.14421367645264     0.7450394630432129      2.146609845020989      1.648449654878853    0.04185330699722897     -5.592580941856103
                  10281     -19.92876434326172    0.09601354598999023      2.143176629907438      1.646010784777553     0.3763331422278818     -3.399358223497364
                  10282     -21.84980010986328      4.177550315856934      2.139566516377767      1.643435173589519      1.055573328526507     -2.371245527444578
                  10283     -22.17468643188477      4.277481079101562      2.135802065118375      1.640761774540784      1.237843634653645     -2.215347758618789
                  10284     -22.75453186035156      1.004440784454346      2.132250302035659      1.638144798372677     0.7221490314064419     -2.757502965236619
                  10285     -22.54533195495605      3.294832229614258      2.128595842691142       1.63584843201108      1.297321155944822     -2.174795890319054
                  10286     -18.57485389709473      5.520250797271729      2.124833870186475      1.633371605071977      2.193118097022444     -1.653057213191725
                  10287     -21.18134880065918      3.153847455978394      2.120993054802353      1.630541784229771      1.635373871504175     -1.950053311988809
                  10288     -9.829961776733398      16.03863906860352      2.112455214442444      1.625327147628119      56.82992165232248      1.590901472148669
                  10289     -24.91213798522949     0.6203498840332031      2.108993818456108      1.623022239788563     0.6876668378139021      -2.82667134533306
                  10290     -22.55909729003906     -4.156484603881836      2.105591634318706      1.620546029966657     0.1601215315621731     -4.287184044170992
                  10291     -10.25930786132812     -22.83625984191895      2.102625881114879      1.624136913641915  0.0002735994693380922     -10.65840328539555
                  10292     -10.00096035003662     -23.57305526733398      2.099513202713674      1.628970186986649  0.0003722595603411257     -10.34898716791367
                  10293     -17.40849113464355     -8.015053749084473       2.09646995962294       1.62946472373523   0.007645815420656346      -7.32781175682128
                  10294     -22.51443672180176      3.566985607147217      2.092895937312984      1.626681721553905      2.011677620121351     -1.758661581548722
                  10295     -8.549654006958008      10.22916984558105      2.085705788279333      1.622086140362338      24.86389536700301     0.7495156318591822
                  10296     -19.25365257263184     -4.297429084777832        2.0827583230971      1.624442751751906    0.08320235743703315     -4.950343131358644
                  10297      7.892061233520508     -20.05793762207031      2.088679996735791       1.62356525814573   0.006978704419090696     -7.426456700518682
                  10298      6.371208190917969     -17.85287666320801      2.094029081969967      1.624107098297882    0.01303497501605426     -6.798792462321758
                  10299      14.88946056365967      7.039570808410645      2.090869575417416      1.625386487032871      33.07444403755154      1.039365069206868
                  10300      17.73641777038574    -0.7890629768371582       2.09921644353977      1.623041672177334      3.566336797160561     -1.185316422479945
                  10301      6.752982616424561      -18.0496997833252      2.102903381454852      1.621757378518917    0.01797322396219658     -6.474764372383754
                  10302      8.846843719482422     -15.12504196166992      2.102117724440771      1.623726500510766    0.04088441656105712     -5.652058709792286
                  10303      9.255690574645996     -14.28093814849854      2.102719196228602      1.622337274713283    0.05651263869448515     -5.328913239456098
                  10304      17.67916107177734     -5.883480072021484      2.104337711279868       1.62079300803759      1.010075658201461     -2.445779932500324
                  10305      1.167876243591309     -26.12191772460938      2.101731927048367       1.62367655627519   0.004678776225676896     -7.819985405868153
                  10306       11.9867115020752      1.407696962356567      2.098288201582427      1.624902265280307       3.70933232961858     -1.145300066315932
                  10307      21.22613525390625      10.37660598754883      2.094925258428027      1.621899873640556      77.04336173296871      1.884763001488211
                  10308      21.11508369445801      9.570503234863281      2.092929979799441      1.621142392727179       82.7173498465681      1.954403941038317
                  10309      9.622244834899902      7.428615093231201      2.088592510818278      1.620058804181741      13.40542354761499     0.1318907127835333
                  10310      -24.4946174621582      -3.12241792678833      2.088947047261152      1.620137899123406     0.2577619406609253     -3.819268929637384
                  10311     -13.24892997741699      9.850080490112305       2.08803411615507      1.620330534577141      10.66457790649572   -0.09694055657051746
                  10312     -14.51257801055908      5.353742122650146      2.090889350241084      1.618746653164089      1.241892183701549     -2.246843649477471
                  10313     -21.83339881896973      5.348911285400391      2.092172414348529      1.617002249208204       2.04957056622918     -1.746314279692713
                  10314     -18.82651329040527      8.158322334289551       2.09228112589595      1.614760384707403      3.540181866768925     -1.201101905162171
                  10315     -10.49674606323242      13.51103782653809      2.085755544712437      1.610995009760286      58.86459725204703      1.604501510951996
                  10316     -20.11953353881836     -10.89039993286133      2.086274191749199      1.611650804675835    0.00254363864914978     -8.444242395504558
                  10317     -18.96470260620117     -16.79059410095215      2.085664612818429      1.613975010488848  0.0002760639931168048     -10.66381171106475
                  10318     -20.65411186218262     -8.246852874755859       2.08523302756726      1.613717882309942    0.01521051115555361     -6.655068694865924
                  10319     -4.913559913635254     -26.18993377685547      2.082920071463398       1.61631147546587   0.001943567318340017     -8.712034196060809
                  10320      17.58123397827148      8.876436233520508      2.079649532943003      1.614231596392446      77.93981061263349      1.884273806052706
                  10321     -2.592803001403809     -24.59942626953125      2.080056690418176      1.616417017079034   0.003517580982286435     -8.120096117700012
                  10322      1.036503553390503      5.203839778900146      2.075654268554897      1.615697393163284      12.04668600492192    0.01611120033719666
                  10323     -21.31506156921387    -0.5892138481140137       2.07381894633542      1.615559572664038     0.7193148991113075     -2.803104359967076
                  10324     -10.58056926727295     -14.57782077789307      2.071574260489961      1.616226845412099  8.873075804431303e-05     -11.80422230987618
                  10325     -4.418771743774414      10.40543365478516      2.065469198544546      1.615268536465528      29.33499177201073     0.9009181951666252
                  10326      11.55766868591309     -2.234901189804077      2.066023502018059      1.613296186388842      3.561890328803455      -1.20852495317292
                  10327      11.14666652679443     -12.32260704040527      2.066809358022379      1.614149606367043      0.070288483863243     -5.133054505514957
                  10328      14.61133193969727     -8.844943046569824      2.070190771286121      1.612555459055603     0.3206474564459841     -3.614673601954709
                  10329     -21.47579193115234     -6.850313663482666      2.069622474882029      1.612765843586645    0.05360826609688567     -5.403456674295345
                  10330     0.3188669681549072     -8.377506256103516      2.068086543959057      1.612103783718437  0.0001619499192609019     -11.20678108346286
                  10331     -22.91822814941406     -6.128130435943604      2.067103605220225      1.610399832643457     0.1046573191629803     -4.737154500175966
                  10332      18.40707206726074     -2.166400194168091      2.067632385164447      1.610302996368892      2.710047833609592     -1.482928680733514
                  10333      11.76851463317871      -6.95709228515625       2.06752248709199      1.611142410703784     0.6527557867072806      -2.90597918418915
                  10334      17.81992149353027    0.07049226760864258      2.068466968697916      1.608901101857865      4.440058325820736    -0.9896948500243177
                  10335      12.36800193786621     -12.12612819671631      2.070154151897135      1.607733337704631     0.1027890711032014     -4.755349348998432
                  10336      19.16153335571289     -1.335839509963989      2.068426216693578      1.607143299889387      3.826490034308615     -1.139527267140066
                  10337      12.13949012756348      1.102304458618164      2.067464899778118      1.605264089277372      4.046489632011582     -1.085260298393943
                  10338      4.639381408691406      8.446155548095703      2.063304348282214      1.603318252611418      11.27529117585811   -0.06372365166190719
                  10339     -5.326491355895996      10.92505359649658      2.056004073834773      1.599940934008345      41.13372861733272      1.224837972502238
                  10340      1.966428756713867     -25.09041023254395      2.056037533398307      1.603155322731634   0.005601440438155691      -7.67469862770888
                  10341      15.04358196258545     -2.352566719055176      2.053812944092692      1.602097491559372       4.00596535781428     -1.103925170572956
                  10342      14.23764133453369      1.659353017807007      2.051587770613782      1.599639272030215      5.602478276479586      -0.77112028774854
                  10343      20.64886665344238      10.14287853240967      2.049525776594717      1.597318193238934      98.26614488349456      2.090892591982647
                  10344      16.20992088317871      8.843487739562988      2.043327601544133        1.5936866931918      70.10918867154703       1.74796202688207
                  10345      8.915066719055176      6.874094009399414        2.0391204923371      1.591124179147599      11.71664142255653   -0.04475194538593539
                  10346         -13.2705078125      12.44838047027588      2.037024941367794      1.587928559255918      21.32645506578637     0.5511475777634566
                  10347     -21.87779998779297      3.330358505249023      2.039637283281337      1.586094041867492      2.231605994927924      -1.70595359186989
                  10348     -15.37456321716309    -0.1980445384979248      2.039742086186477       1.58428291439619    0.06840659247055932      -5.19205232273299
                  10349     -20.19850730895996     0.6245827674865723      2.041254258728494      1.582386862207776     0.9401130113030648      -2.57197785653935
                  10350     -22.44219207763672    -0.2502017021179199      2.042066677112047      1.580718710156493      1.109767301382203     -2.406729150957553
                  10351     -17.61248397827148     -9.909285545349121         2.041158640826      1.579127792627847    0.00445908805216826     -7.925142235441371
                  10352     -20.21627616882324     -14.72399806976318      2.040729979764014      1.582331457205791  0.0006749905527940189     -9.811326422178894
                  10353     -19.34000015258789     -14.38555431365967      2.039937839657568      1.585415203447121   0.001012849967141152     -9.403943005899704
                  10354     -21.96689224243164     -11.14555931091309      2.039074090852723      1.586990578288643   0.004501280317773588     -7.911779576525611
                  10355     -19.53088569641113     -16.15630531311035      2.037578015586968      1.588511558425705  0.0007898441218320997      -9.65183714125887
                  10356     -14.69652271270752      -20.8194694519043      2.036557313318242      1.588056612123855  0.0002915571462071715     -10.64922422803408
                  10357      -17.3739128112793     -17.53946304321289      2.034388167793582       1.58865218819146  0.0005864004888979645     -9.951147979681281
                  10358     -11.12348556518555      14.37699317932129      2.028174383364058      1.586835916674414      62.01228770370572      1.613489166697242
                  10359     -21.23037338256836      2.069441795349121      2.025831448479216      1.586707862126954      2.057056148028477     -1.793804044155851
                  10360     -13.63142871856689      3.518003702163696      2.023288836492848      1.585094053365008     0.4181474031329406     -3.389274701426026
                  10361   0.002899646759033203     -26.79596710205078      2.020731708046424      1.584047026604616   0.006183842870084684     -7.605094219556798
                  10362      8.681724548339844      1.883435726165771      2.025382728474555      1.583288213931028      3.006808554556818     -1.416579749113305
                  10363     -16.23683929443359      7.231664180755615      2.024793511819794      1.582970911771865      4.223523622491763     -1.077280608909704
                  10364     -12.04672622680664      13.99101638793945      2.018396782446195      1.580732572919698      55.45927438400154      1.493119372649884
                  10365     -18.74716758728027      -5.34658145904541      2.016347286317817      1.579533829158057    0.06577185429007411     -5.245867420856275
                  10366     -20.78794479370117     -8.722116470336914      2.014966408332745      1.578137109976096    0.02721535716136636     -6.129847733353491
                  10367      18.63545227050781     0.4647459983825684      2.013040481685413      1.576812952457242      5.384035217378762    -0.8442314201857068
                  10368      12.25516319274902     -2.433651447296143      2.017218929363218       1.57437545298087      4.842331129460184     -0.949746807326283
                  10369      21.36030578613281      3.464931488037109      2.018539137006746      1.572152130130903      3.804619479726469     -1.191686005945795
                  10370     -1.163622617721558      8.371779441833496      2.017679641407763      1.568567398330741      20.04971725953182     0.4676044269005977
                  10371     -18.02724838256836     -12.81009578704834      2.015874537962319      1.567287541187797   0.002409245990509044     -8.560763389320032
                  10372      11.96723747253418     -8.729083061218262      2.015051066566229      1.570174972301057     0.3447717677786473     -3.595762526198873
                  10373      -22.0328311920166      3.049925565719604      2.013973394547376      1.572127441954293      2.984739099339631     -1.436669817684713
                  10374     -18.42899703979492      5.723758220672607      2.011896712116122      1.572683440595835      3.323855120661758     -1.329734938053634
                  10375    -0.4542436599731445      7.637945175170898      2.007937343938197      1.569591015600751      22.29173652590595     0.5694176329230309
                  10376      13.90502166748047     -8.354206085205078      2.008839868334451      1.568361296332093     0.5394779275191842     -3.152286219921251
                  10377     -7.268106460571289      11.74847793579102      2.003821637876212      1.567891342907383        59.008858773738      1.539753879035588
                  10378      12.10660076141357     -4.307507991790771      2.002833668047547      1.566001782416542      3.476281402822741      -1.29366959377838
                  10379      11.02380657196045   -0.08386683464050293      2.003587262705619      1.564113722945235      4.982767423533643    -0.9344774995617715
                  10380     -4.740478038787842      10.13479328155518       1.99740998848097      1.560089898894599      41.04120398249502      1.168449818466958
                  10381     -1.780919075012207      7.754780769348145      1.992800837936355      1.556352538388249      24.69252271621479     0.6556650449687468
                  10382     -9.228903770446777      13.46706485748291      1.989657894569226      1.553591056773543       87.6987528179905      1.919717950615071
                  10383      14.33401966094971      7.114779472351074      1.984155436182372      1.549765926426896      38.71968909224101      1.096923986272127
                  10384      20.79795455932617      9.562837600708008      1.982117766018218      1.546964240902445       101.728793948662      2.060049196007536
                  10385      20.70549201965332      10.60873699188232      1.982932966438439       1.54520377934415      112.5543662157304      2.160447701259446
                  10386      5.962455749511719     -11.89518547058105      1.983055823871951      1.544664963086837    0.01266385266240844     -6.932279057434037
                  10387       19.7721118927002      8.265132904052734        1.9797346669775      1.542234141686149      93.48103740266107      1.971232041395764
                  10388      12.54034233093262      3.969000339508057      1.978883763339505      1.539604014856839      8.639647601293627    -0.4123015263287706
                  10389      3.562532424926758      6.774269580841064      1.975575363289802      1.536407509600026      16.14650364242499     0.2092886164562868
                  10390      21.22147369384766      3.308647632598877      1.973359861710039      1.534294418165931       3.73491131652801     -1.257189210521716
                  10391     -2.549837112426758      7.406882286071777      1.969527380916412      1.530970560339864      21.65456915864288      0.496190470599592
                  10392     -21.25367164611816       6.69284725189209      1.970476611967858      1.529696720373266      2.107396857267494     -1.833923090251288
                  10393     0.1476471424102783      8.973499298095703      1.966858606490247      1.526610169962364      23.87938205904656     0.5897812660412904
                  10394      6.951835155487061      3.763872146606445      1.963999882854218      1.524449366990437      4.535551896319374     -1.074158303850504
                  10395      9.513561248779297      8.312824249267578      1.960547697495263      1.521565227492151      13.79504166548657    0.03455115823101742
                  10396      10.25750827789307      1.198668956756592      1.957809525539626      1.519411519749809      4.626903017270541     -1.060684390796279
                  10397     0.9671413898468018      8.203044891357422      1.953257310648033      1.515745189595416      27.26599605168077     0.7083244455835866
                  10398      8.805709838867188     -15.95260906219482      1.951448747330712       1.51574434808356    0.04497707931272372     -5.699845087757375
                  10399      11.70784091949463      7.971845149993896      1.947803609524466      1.513712941036884      23.71422040800039     0.5646213016903636
                  10400      4.746593475341797       6.55966854095459      1.944039765850013      1.510906662111043      15.90226020865468     0.1612178198203379
                  10401      18.67057037353516      1.409450054168701      1.941965477759688      1.508732009004473      5.124624785845214    -0.9736940296087634
                  10402      7.334286212921143      6.872676849365234      1.938374536834669      1.505938823583187      13.59706143631476  -0.001601541869088329
                  10403       20.5970401763916      11.38369750976562      1.934591142857328      1.502694675605704      99.12854615435027      1.980851907761578
                  10404      17.42938804626465      2.200870752334595      1.932765222872652      1.500569240163088      6.192302326959875    -0.7946182758908411
                  10405      5.336306571960449     -2.334280490875244      1.931317167461637      1.499050488243755     0.6361418242599366     -3.072021107642298
                  10406     -9.792634963989258      15.59515857696533      1.926368224382212      1.495122683645049      75.08257798620704      1.693711793521169
                  10407     -21.55030822753906        1.5855872631073       1.93199736362321      1.493759097161125      2.248692341378791     -1.812522437734713
                  10408     -9.089798927307129      13.54183006286621      1.931344043949644      1.490634050013257      91.26669330032212      1.888482137322897
                  10409      4.936590671539307      7.176703453063965      1.929076255806087      1.490323486660822      18.10094768095265     0.2692772594808023
                  10410     -10.20395851135254      13.76086139678955      1.927097867748152      1.487384454627974      97.08441620023925       1.94589372234381
                  10411     -18.56565856933594      8.408743858337402      1.928618143503073      1.485659093075211       4.01731765898018     -1.239444804349621
                  10412     -24.63614273071289     -5.603904247283936      1.929906582556656        1.4845501225323     0.1090390057776474     -4.846187733527508
                  10413     -8.496752738952637     -24.82050895690918       1.93122655117348      1.487825646175053  0.0005119721777132305     -10.20449070015007
                  10414     -7.724762916564941     -2.183786392211914       1.92987578663139      1.488280495193333    0.01155750815189011     -7.088064433125273
                  10415     -21.60504722595215      4.691409111022949      1.928855435286496      1.486625415242666      3.139673909933015     -1.485167039564167
                  10416     -17.34406280517578      7.473438262939453      1.928200663646712      1.484842584607129      5.162109353404523    -0.9894801836109813
                  10417     -13.45828533172607    0.02071022987365723      1.926876731853294      1.483629340516921    0.05643484065404715     -5.506998309080642
                  10418     -15.68933391571045     -9.136814117431641      1.924956946362947      1.482887046456581   0.004226802400188536     -8.100136510324775
                  10419     -9.993794441223145      2.125314950942993      1.923125210410084      1.481660180458869    0.05338674863560547     -5.565799438976605
                  10420      13.39569473266602     -12.46855545043945      1.924177485342702      1.480782791243653     0.1000785389941095      -4.93745205569299
                  10421     -2.910091161727905      7.699578285217285      1.922960697249881      1.478385571926838      27.24856583682194     0.6670960792179831
                  10422       16.3166389465332      10.59811115264893      1.918445097522368      1.474661867568305      72.26107862862156      1.637507885316609
                  10423      6.170850276947021      1.425559878349304      1.917753997129632      1.473126659430807      2.100786188683139     -1.901868021878994
                  10424      9.096248626708984      5.091599464416504      1.915891913637128      1.470972710822434      9.251895055489499    -0.4217859445676208
                  10425      2.863091945648193      -24.8038158416748       1.91580860878708      1.470626056994655   0.005854329310521171     -7.787467357019034
                  10426      19.66111373901367      10.68045330047607      1.914303189793782      1.475449939451426      126.5525833096858      2.196253072538537
                  10427     -10.10721206665039      15.05304908752441        1.9103623561848      1.473290199245069       101.046589426077      1.967651260313191
                  10428     -9.517909049987793      13.16762351989746      1.909084556609006      1.470704881452085      103.1001965009528      1.985345430005607
                  10429      21.62903213500977      3.942282199859619      1.908245814839395      1.469173684651165      4.638041243900293     -1.117544848067214
                  10430      16.35994148254395     -7.775189399719238      1.908612986747528      1.467926084103724     0.5883434070987711     -3.182938606499795
                  10431       11.0654354095459     -4.966679573059082      1.907019561272264      1.470079335533488      2.195051795636221     -1.865657904808673
                  10432      20.81111907958984     0.9787817001342773      1.906884797189276      1.468411629055242      3.855559556829718     -1.303553147562374
                  10433      13.65322780609131      5.137662887573242      1.905334582484564      1.465782613191805      17.36884365416601     0.1990034389726379
                  10434      11.91590881347656     -12.03535842895508      1.904087672033201      1.464406450011829     0.1283929449347517     -4.709928348309388
                  10435     -10.23893547058105       12.8397102355957      1.902919350464586      1.465078364510448      100.2027030729738      1.949771603018987
                  10436     -3.950917482376099       9.04514217376709      1.900551338843086      1.462392151905463      32.54326208601849     0.8220664213721617
                  10437      19.36136245727539      9.438218116760254      1.898561168622122      1.461119622856782      128.8141077241946       2.19594816468678
                  10438     -8.012409210205078     -15.32863807678223      1.897053011187973      1.463870101789445   0.000113958063756292     -11.74101622183094
                  10439      10.65352439880371     -8.174236297607422      1.896502654496019      1.463105928644166     0.3776521449634309     -3.635930253564918
                  10440      13.60947895050049     0.2511391639709473      1.895081194589603      1.461554903412269      5.670088988018819    -0.9287541335612685
                  10441      15.90806198120117     -8.736491203308105      1.894090920830483      1.460159026998007     0.5121094803243624     -3.334653998802291
                  10442      10.56816482543945      2.693967819213867       1.89169464796199      1.462104272423742      5.839427359043641    -0.9007390173342336
                  10443           -24.16015625     -3.396159172058105      1.892833523271669      1.461543390529038     0.2697326505851007      -3.97547757578712
                  10444     -2.422199249267578      6.757922172546387       1.89259777371997      1.460059459142729       26.7945368273833      0.621904044702802
                  10445     -2.504687786102295       6.03972339630127      1.888921407424166      1.458080822862635      24.06692176904052     0.5112439039511951
                  10446     -8.541747093200684     -21.54637908935547      1.889960836510019       1.45823046734537  0.0003696329976900387     -10.57194164473186
                  10447      12.89302444458008      9.353382110595703      1.887025992129895       1.46010419985962      31.78445245912442     0.7897655959693369
                  10448      15.57897281646729      3.769455194473267      1.885477926424727      1.458824497175934      11.63773538105976    -0.2166563298060633
                  10449     -2.212796688079834     -26.58229446411133      1.883765030532528      1.462219995756573   0.005052675865769277     -7.957330527166981
                  10450       15.2475118637085      7.964757919311523      1.879274614510062      1.462026594891792       55.7381102448696      1.348652027982753
                  10451     -7.106706619262695      12.24566173553467      1.875255729837646      1.460015311074941      76.98549975667385      1.668087549919562
                  10452     -20.46628761291504      -13.9919261932373      1.877547078781889      1.459865960795683   0.001797404919362033     -8.995822063812339
                  10453     -15.51835823059082     -11.30826950073242      1.878728923274414      1.461627103526721   0.002148484176260731     -8.815568508031566
                  10454     -21.39342308044434      2.305977582931519      1.879476571864878       1.46225100844794      2.804326301569648     -1.640587815139328
                  10455     -17.78744506835938      7.173002243041992      1.879173564348677      1.461928813623563       5.05944423357744     -1.050876103607468
                  10456     -25.52907562255859    -0.7581539154052734      1.879417549103428      1.461306679146545     0.5332210490096985     -3.301247780409552
                  10457     -19.11296844482422     -1.072436809539795      1.879451019454006      1.460357992783208     0.5211613091490604     -3.324755842614392
                  10458     -8.474764823913574      14.55598831176758      1.876712664628128      1.459441793828404      119.8299102213761      2.110927514313712
                  10459     -14.00729846954346      11.83284568786621      1.874074826121222      1.458056226318564      21.05661020272704     0.3697123417180168
                  10460     -9.851132392883301      15.65669631958008      1.871201171040366      1.455689962794701      110.4239219587895       2.02366584492543
                  10461      1.577544927597046      2.295248031616211      1.870940881818268       1.45451616127766      1.850728133646043     -2.066027594208124
                  10462         20.47119140625      11.13199996948242      1.872161509946221       1.45270823999098      127.6782151073044      2.167314869842403
                  10463      16.97189712524414      5.266223907470703      1.874676131286823       1.45052099026266      23.17395418113021      0.460666192032025
                  10464      10.69401741027832      8.634220123291016       1.87428620580263      1.448249300125382      21.63960558976721     0.3903870708488444
                  10465      5.941522598266602      8.243692398071289      1.872306318047012      1.446137025887187      13.61047499041255   -0.07581490789005579
                  10466      19.34073829650879    -0.8557713031768799      1.872977305467161      1.444776032647204      4.658756309717925     -1.148489353676765
                  10467      14.20131301879883       6.70210075378418      1.870555142835137      1.441703792487023      37.81367672974398     0.9420102120427127
                  10468      18.28614807128906      9.386880874633789      1.870016956592912      1.439483254925007      129.9937344220771      2.174996448077906
                  10469      21.18795967102051      2.050463199615479      1.869214863988191      1.437812034118293      3.897708905756383     -1.333691559755569
                  10470      15.11399936676025     -5.264398574829102      1.868967895662241      1.436595831097871      1.969293713115296     -2.017383884442794
                  10471      4.298656463623047     -23.90125465393066      1.867169645133222      1.440709996608277   0.004380469011352137     -8.123761210728803
                  10472      8.108561515808105     -19.04839515686035      1.865293152113237      1.443599631128984    0.01535492190009524     -6.868482747683422
                  10473      3.849779605865479     -23.68106842041016      1.863477496267509      1.445694258671182   0.005670031330501971     -7.864248111202748
                  10474      9.393102645874023      -18.3226146697998      1.861667198322875      1.447391505366724    0.02176463149228566     -6.518955132776885
                  10475      10.52475738525391      -12.7474193572998      1.859772144690094       1.44888068513714     0.1131369419637453     -4.870632525223376
                  10476     0.2117114067077637     -26.87246704101562        1.8579875357474      1.450294802687356   0.007214825751961313     -7.623077959364106
                  10477      8.477504730224609     -17.03054237365723      1.856154330191087          1.45004757818    0.03638631909579188     -6.006180774047419
                  10478      12.63887023925781     -11.64730262756348      1.854463407559251      1.451399953561915      0.171071102565322     -4.458273543933045
                  10479       21.0778865814209      8.807672500610352      1.851635227845593      1.450022713646679      116.3018366059176      2.061115726455973
                  10480      16.80561828613281     -3.804796695709229      1.850850355986642      1.451610744269801      2.772095802550475     -1.674798876518409
                  10481     -7.458117485046387     -17.42489624023438      1.849952366448125      1.451573056561919  0.0001474189501935694     -11.51714579896938
                  10482      21.02339935302734      11.55668449401855      1.850074433650764      1.451623135175919      130.8429189122063      2.179184216641211
                  10483     -8.674060821533203     -25.14353370666504      1.848624981933093      1.452124706790531  0.0005947016799089856      -10.1227022492135
                  10484      7.813664436340332     -2.464676141738892       1.84931718905143      1.452625860296637      1.836137290003039     -2.086868094573095
                  10485      2.573749303817749      4.374268054962158      1.846805491138048      1.451692101896183      11.08837316389288    -0.2906371769376447
                  10486      5.974822044372559     -2.401116371154785      1.844930796037044      1.450530081898629      1.069815665327077     -2.630864311970767
                  10487      16.38049697875977    -0.5755820274353027      1.843510993904346      1.449818950045278      6.031345086300035    -0.9026408609617543
                  10488      2.621687412261963     -24.38844299316406      1.841911603506973       1.45114314980083    0.00896235362772306     -7.414288333979126
                  10489      11.85922718048096      2.760444641113281       1.83982387194077      1.450992871490574      8.717261583033176    -0.5354984451339645
                  10490       16.3903694152832    -0.3939676284790039      1.838307892061455      1.449906754711426      6.968155508546604    -0.7610261726963692
                  10491      14.29025650024414     -10.53417682647705      1.837031942167124      1.449064463679291     0.3134920123064923     -3.863633554697921
                  10492     -8.381229400634766      -20.1274585723877      1.837736965351542      1.450584368969385  0.0003428092608926532     -10.68055646473766
                  10493     -23.30537796020508     -8.262815475463867      1.840569646952247      1.450536621282777    0.03894002683980333      -5.94644540514773
                  10494      19.04486274719238    -0.2195801734924316      1.840566524353132      1.449496876285505      7.129660769147372    -0.7371679138396341
                  10495       7.49265193939209     -18.80512046813965      1.839118260650131      1.449874582896597    0.02811572069544183      -6.27338459641548
                  10496      2.290326595306396     -24.37734031677246      1.837408261004392       1.44988916819884    0.01152956817385942      -7.16571875656321
                  10497      15.31066608428955      6.591104507446289      1.833448598422982      1.448814217920225      51.66898856818703      1.239080380430459
                  10498      21.16105842590332      10.72060585021973      1.835349331735312      1.452560332094557      175.8072882575985       2.46722952114654
                  10499     -4.566930770874023      9.988704681396484      1.832003717471188      1.452610973729294      45.43320681223974      1.112294667984479
                  10500     -5.764328479766846      9.886820793151855      1.828740084991893      1.452139430068836      46.91838773639595      1.142353349408889
