#! FIELDS time deep19.node-0 deep19.node-1 sigma_deep19.node-0 sigma_deep19.node-1 height
#! SET action OPES_METAD_state
#! SET biasfactor       12.02723625380408
#! SET epsilon   2.008904905162975e-06
#! SET kernel_cutoff       5.122093479753262
#! SET compression_threshold                       1
#! SET zed      0.2131476870670266
#! SET sum_weights       595.2867828710024
#! SET sum_weights2       3057.470554190197
#! SET counter  492
#! SET adaptive_counter  250000
#! SET sigma0_deep19.node-0       12.15129499614612
#! SET av_cv_deep19.node-0       5.504731638206386
#! SET av_M2_deep19.node-0       49077056.50140563
#! SET sigma0_deep19.node-1       3.271621564474335
#! SET av_cv_deep19.node-1      -5.139583237081592
#! SET av_M2_deep19.node-1       30945048.96110241
                  10500      15.91530212618819      7.780778923676139      2.689599886227071      1.901281137803385      479.4213876184768
                  10500      15.07908453157762      -8.30298544880454       2.59136413894869      1.847434624187549      2.978294347288089
                  10500      9.105772659865959     -16.20623854093918      2.467423061730113      1.855939458744634       0.18041156985988
                  10500      12.81403439524918     -2.839139389599044      2.792980061927135      1.959522685892909      31.35269818499227
                  10500    -0.7176257922140958      7.281724510171069      2.982085902870557      1.983905727706644      335.6041922289398
                  10500     -9.726523303031989      14.39147782619091      2.345308574799461      1.911996583344792      1546.371392587741
                  10500     -23.08641244556216     0.1727920805448882      2.469761658776544      1.913814116456892      5.145642365907709
                  10500     -13.48074556037722      11.03568844006368      2.702637995523073      2.006849276414805      106.3696391678976
                  10500     -23.56050441434958     -3.721260667006113      2.489382007513757      1.896698335374865      1.001432590338197
                  10500      20.19730623471427      10.23501567773083      2.507410842068816      1.873809680384142      2199.220908308833
                  10500      1.247723006650765     -25.91052192192228      2.413711730028604      1.850986972258932     0.0370930575805564
                  10500     -21.25512766039427      -10.8186242009887      3.084037281182427      1.948780815178969    0.01384473804404787
                  10500      17.74055696813092      5.146003183688052      3.025320701204954      1.700752954460511      45.78506223421579
                  10500      12.51893213381668     0.6511478826691464      2.766538462825146      1.883240968824421      36.02696719791563
                  10500     -6.398882818949767      12.40859605239783      2.521480908609993      1.869215411230898       407.916428561718
                  10500        8.6479204205637      2.566435378443332      2.807106602961857      1.952163816367968      21.54598602352119
                  10500     -17.78456138664793      2.111855777031783      3.170370736174308      2.110537641357124     0.3386415417148462
                  10500     -21.89036825717913      4.033010489937966      2.209378972172999      1.848799561486231      21.65491955707007
                  10500     -4.220767773315165      10.13102031168898      2.628417873701226      1.759132755442714      315.3023186342807
                  10500     -2.014516495091953     -25.91774941276885      2.438747434260898       1.92097021933886    0.01821626836882782
                  10500     -16.34638978544359     -18.32405303529026      2.516585806175541      1.968034691792149    0.00150630050728757
                  10500      9.116432056758079      7.907656620460879      2.366831576936144      1.833449472769737      69.63431875247701
                  10500     -6.723464691782754    -0.8571017843128502      3.078733753575889      2.124402132502755    0.05385126485455822
                  10500     -20.23971183369516    -0.1484072577721039      2.190998644136119      1.721969458688396      2.576520748835199
                  10500     -10.20144335797983     -23.45489694428547      2.303174030551955      1.831744474373285  0.0008141140492698354
                  10500     -16.74702365715081     -8.465503391774456      2.319285454158722      1.728616943554336    0.01345590485953036
                  10500     -10.67201804255356      1.172311756569223      2.470025487983205      1.902799280048633     0.1561985649976017
                  10500     -8.365941545950426      -21.0968718213426      2.320951381982529      1.814893540614681   0.001205092341867458
                  10500      11.72637826317392     -12.63011294530055      2.349531927551048      1.836341097692043     0.9230479308934456
                  10500      7.068279213504097     -18.74803421037688      2.239085785841773      1.734074020002017    0.09310563442031897
                  10500       3.17599745989538     -23.84794006173004      2.203413023225517      1.685458701862371    0.04011577118454409
                  10500       18.4226961537066     0.6345757528503673      2.225802762214252      1.925768668433264      47.71474031832677
                  10500      7.450696091346253     -2.030575286026096      2.536957570919832      1.768136051380765      7.189613909310117
                  10500      7.413572737385727      6.394544630529446      2.331047781527386      1.800104528628164      32.73703894201411
                  10500     -9.352555089587334     -7.804685915904376      2.801112938671205      2.038180053969933  0.0009364438522014502
                  10500     -2.324028610161483     -14.59150988926053      2.680188293995089      1.882773984192154  0.0001587863244516998
                  10500     -19.86254209865377     -14.76118422110165      2.105745392146622      1.807854956145074   0.004804302564246831
                  10500     -7.029453386551345     -17.39762460387926      2.226668308692506      1.635846935096431  0.0002187646746376562
                  10500     -17.76526679425941      7.627682258541448      2.211536479576054      1.658083423154584      35.11438127389611
                  10500      16.43637779586872     -4.761730742621724      2.227143151059289      1.844229003995081      8.690675617596874
                  10500       14.0508969513833      4.663147730213788      2.354987240675298      1.862090614309843      79.21034610644347
                  10500      4.475165833967222      6.543001648078992      2.171795911758658      1.778557735075817      74.08523555925554
                  10500      11.31561069003162      8.630605159847999       2.12844893757113      1.715666819272042      70.50153328464998
                  10500      13.71517110424788       9.52874334558738      2.243344381287854      1.708945419536199      97.96926713792345
                  10500     -15.46085669541372      5.130041230416259      2.331902399042041      1.708507394721355      3.306584401907916
                  10500      11.19054615967494     -8.545427804931281      2.109643590343894      1.597660794472989     0.8526457243537766
                  10500      16.35846419684754       10.9353314477095      2.064825326827301      1.649355508034448      120.7850413589437
                  10500      19.06336611433513     -1.460879200907629      2.055882515834474      1.674666339671346      12.92022962462199
                  10500     -18.86384525267119     -4.823361325781083      2.140898547970054      1.701276795118834     0.1668978369079405
                  10500     -18.47819388527134      5.552700257747523       2.07564408504392      1.636418802308432      6.057803153555362
                  10500     -10.88078308105469     -2.169489145278931      2.156670160280698      1.654916262408896    0.01248013043429245
                  10500      -14.7129373550415     -5.474798202514648      2.153635786334247      1.653314873256582   0.005899357724310795
                  10500     -12.52290630340576     -8.005754470825195      2.150174961036179      1.650922052142241   0.001234216174456721
                  10500     -8.549654006958008      10.22916984558105      2.085705788279333      1.622086140362338      24.86389536700301
                  10500     -22.27396145809353     -6.537073474146482       2.22712624625713      1.727488439816846     0.1734760964154196
                  10500     -4.913559913635254     -26.18993377685547      2.082920071463398       1.61631147546587   0.001943567318340017
                  10500     -10.58056926727295     -14.57782077789307      2.071574260489961      1.616226845412099  8.873075804431303e-05
                  10500     0.3188669681549072     -8.377506256103516      2.068086543959057      1.612103783718437  0.0001619499192609019
                  10500      11.76851463317871      -6.95709228515625       2.06752248709199      1.611142410703784     0.6527557867072806
                  10500      5.351545943883418      8.335424794560685      2.065495175748553      1.522708056590149      24.88576616627066
                  10500      -14.5083056421994   -0.09915597092564236      2.206298904312759      1.543442158828628     0.1248414331246065
                  10500     -17.61248397827148     -9.909285545349121         2.041158640826      1.579127792627847    0.00445908805216826
                  10500     -14.69652271270752      -20.8194694519043      2.036557313318242      1.588056612123855  0.0002915571462071715
                  10500     -21.39586806812859      2.009707339228803      1.943341112758608      1.539468033008789      7.110074790976915
                  10500     -13.63142871856689      3.518003702163696      2.023288836492848      1.585094053365008     0.4181474031329406
                  10500     -20.78794479370117     -8.722116470336914      2.014966408332745      1.578137109976096    0.02721535716136636
                  10500      21.42007454253523      3.598805953619853      1.970805912125302      1.546823642480794      12.17757204015477
                  10500     -18.02724838256836     -12.81009578704834      2.015874537962319      1.567287541187797   0.002409245990509044
                  10500      5.962455749511719     -11.89518547058105      1.983055823871951      1.544664963086837    0.01266385266240844
                  10500     -21.25367164611816       6.69284725189209      1.970476611967858      1.529696720373266      2.107396857267494
                  10500     -24.63614273071289     -5.603904247283936      1.929906582556656        1.4845501225323     0.1090390057776474
                  10500     -8.592034120947744     -24.99409520366912      1.889357217697121      1.477553050935979   0.001106673857622216
                  10500      9.096248626708984      5.091599464416504      1.915891913637128      1.470972710822434      9.251895055489499
                  10500       11.0654354095459     -4.966679573059082      1.907019561272264      1.470079335533488      2.195051795636221
                  10500      21.00056369076997      1.517535458606477      1.897419676990328      1.548755364094075      7.753268462586101
                  10500     -8.012409210205078     -15.32863807678223      1.897053011187973      1.463870101789445   0.000113958063756292
                  10500     -15.51835823059082     -11.30826950073242      1.878728923274414      1.461627103526721   0.002148484176260731
                  10500     -25.52907562255859    -0.7581539154052734      1.879417549103428      1.461306679146545     0.5332210490096985
                  10500      1.577544927597046      2.295248031616211      1.870940881818268       1.45451616127766      1.850728133646043
                  10500      9.393102645874023      -18.3226146697998      1.861667198322875      1.447391505366724    0.02176463149228566
                  10500      2.573749303817749      4.374268054962158      1.846805491138048      1.451692101896183      11.08837316389288
                  10500      16.38578892612664    -0.4782307972641683      1.840730375087217      1.452692186941955      12.99950059484664
                  10500      11.85922718048096      2.760444641113281       1.83982387194077      1.450992871490574      8.717261583033176
                  10500      14.29025650024414     -10.53417682647705      1.837031942167124      1.449064463679291     0.3134920123064923
                  10500     -23.30537796020508     -8.262815475463867      1.840569646952247      1.450536621282777    0.03894002683980333
