#! FIELDS time deep24.node-0 deep24.node-1 sigma_deep24.node-0 sigma_deep24.node-1 height
#! SET action OPES_METAD_state
#! SET biasfactor       12.02723625380408
#! SET epsilon   2.008904905162975e-06
#! SET kernel_cutoff       5.122093479753262
#! SET compression_threshold                       1
#! SET zed     0.09525344780010821
#! SET sum_weights       1302.451112524699
#! SET sum_weights2       8395.508026336936
#! SET counter  992
#! SET adaptive_counter  500000
#! SET sigma0_deep24.node-0      0.1738412703072344
#! SET av_cv_deep24.node-0      0.1008515719592007
#! SET av_M2_deep24.node-0       119638.0578460337
#! SET sigma0_deep24.node-1      0.1836636634630718
#! SET av_cv_deep24.node-1      0.1971528774819472
#! SET av_M2_deep24.node-1       106295.0205079781
                  26000     0.3319666069288668     0.2424986569260077    0.07597817739606132    0.07836047788815834      93.21401971299369
                  26000    -0.2862155248591547     0.5756264365159217    0.07154363048599328     0.0770807210472108      31.24949225847065
                  26000     0.8457938613708555    -0.2905260024035379    0.07793960506218672    0.07556535249832332      649.1681447790846
                  26000   -0.01468846020838596     0.8465450499312741    0.07229693667838771    0.07046576336832254      2104.659034382389
                  26000    -0.5444725893100265    -0.3660842191811016    0.07255602974599983    0.07070661562482969    0.03376599987868911
                  26000    -0.6604160438294262    -0.7917799626989759    0.07180152725300198    0.07522182251224117    0.01988025450569658
                  26000     0.2219158882615721     0.3847480343277436    0.07452604885070807    0.06876871783562581       66.9815519550737
                  26000     0.8220945654130837    -0.1639415974531017    0.07876461053692874    0.07270696893481139      809.9454221643897
                  26000     0.6704248756993806    -0.0386989831344079    0.07848285671535508    0.06893486889009123      212.2038666459858
                  26000     0.1774502697265276    -0.5456300297232217    0.07249920381812119    0.06608081440374554   0.006865280476409968
                  26000    -0.1092690754537886    -0.4950730674023408    0.07003812318616082    0.06481358777380271  0.0003261989655703898
                  26000     0.4301420207682597    -0.7399570478420269    0.06401182314672758    0.06293874862235282    0.05582617016341478
                  26000     0.3834588588528446    -0.5768497553333034    0.06923203389838825    0.07073833590725144     0.5883500223932403
                  26000    -0.6679680496038054    -0.5795917732703881    0.07342833774876756    0.07200486877581364    0.01691740409792768
                  26000    -0.6180175537279926     0.3744015512223819    0.07721873032465146    0.07083056173085697      7.944345079558278
                  26000    -0.3961055272725049     0.4974564117850847    0.07107285739137488    0.07567097074533051      23.26903615869323
                  26000    -0.2506913267624261     0.7826353210385485     0.0734709578966736     0.0701413958198132      84.05326483160266
                  26000    -0.4301483597733873    -0.5302022881045138    0.07416886481458418    0.06669783450604461   0.005742067141743277
                  26000    -0.6613452451743481     0.2285941235019409     0.0712248825080512    0.07075968468158032      2.981687893763185
                  26000     -0.779100368598369      0.186560299844661     0.0667990463196463    0.06623880330622446      1.170945682809326
                  26000    -0.4589327162393311     0.3688279364800675    0.07456056345250746    0.07006325587401743      12.04959931689803
                  26000     0.3748390892185578     0.6284475403906599    0.07658804673705832    0.07596982458654514      38.11104077927511
                  26000    -0.5592980822287056      0.208703000573149    0.07185688186718239    0.07195531711298871       4.71171296862703
                  26000     0.1099275190291974   -0.02081023145947179      0.071637411521697     0.0665143753234146     0.5709928189353901
                  26000    -0.8048210834815125    0.06005473262508993    0.07830343696088381    0.06917489241800381     0.4996165812469784
                  26000     0.2457589627602492     0.7567329116874256    0.07022153086301898    0.06958739075947308      41.20449320522796
                  26000    -0.5985823387787353   -0.02020858977637287     0.0830798576762086     0.0879346061269978     0.1748189168464892
                  26000    -0.2734338969746802    -0.6055313988331619    0.08172677433954119    0.07453894108839451   0.001148738187724384
                  26000    -0.1028120071119429     0.5805416435131717    0.07007861451178372    0.06647891995589682       46.5407457985385
                  26000    -0.1954277168212006     0.8758034154247998    0.07652995466202063    0.06441351361646223      227.5111132756791
                  26000    -0.7115159316943054    -0.3195323339885565    0.07185061939037392    0.06673030567785619    0.03419225670532836
                  26000     0.5358764562104739      0.612814394056725    0.08182535787670506    0.07481444168015702     0.8698966787716027
                  26000     0.1137358897017202     0.6411824413188679    0.07136806544669848     0.0648649651130075      164.9152752818813
                  26000     0.7373137987784515    -0.3135490475556126    0.07003032700951417    0.07011091990147252      88.75751836569167
                  26000     0.5297404030132445      0.427291647712693    0.07233474092151447    0.06718841489222709      9.589863828025939
                  26000     0.5906699978104967    -0.4247008618345693     0.0857881156844961    0.07615154174400672      11.50055045082445
                  26000    -0.3896519663164594    0.05966946488293794    0.07972825949844597    0.07945708962765061      0.155449508460294
                  26000      -0.84099786884495    -0.1615722020168026    0.07534121608509392    0.06493051027731603    0.02839985191818557
                  26000    0.08915802467552286     0.7532495010137077    0.06920654028234696    0.06320296502652301      472.1947805997101
                  26000    -0.2067982391741549     0.2830332152681796     0.0731410712934983    0.07063436600293677     0.3549212845450507
                  26000    -0.5620872454274594     0.5459998099593151    0.07468595383477818    0.06541380917742307      5.526255168449554
                  26000    0.01545264807869325    -0.6781401248156388    0.07683521084547286    0.07522992677046775   0.001482418355610925
                  26000    0.07003328860171505     0.2513062074955945    0.07398628934895622    0.07722201522380592      4.018344356247146
                  26000    -0.3968021284017933     0.2310321891067788    0.07046285918100265     0.0701575593408712      1.308744046753116
                  26000    -0.8341345600013075    -0.4290965365141827    0.07158080198794317    0.07347692117533561   0.007142272728357289
                  26000   -0.02910016009114517    -0.8568447121825695      0.069603884444484    0.06538218924291968  0.0001601848963544936
                  26000    -0.6560830657204341    -0.4004459039755808     0.0732064390141367    0.06613224510909599    0.02705427176299858
                  26000     -0.481339630998431    -0.6982737291135406    0.06946598692149342    0.06716939715812581   0.002032978682833792
                  26000      0.725710693427785      0.135443186043284    0.07959898029204959     0.0721580536498671      24.51200233177922
                  26000     0.4787935460826742   0.008020545775817338    0.07434821509766887    0.06935413126312041      93.47971807582796
                  26000      0.205162553390291     0.1048856685868932     0.0713123105691177    0.06538879109355705      15.25172862436586
                  26000      0.827728578712126   -0.02625138300258339    0.07558009976201491    0.06558292275289639      219.7069652996271
                  26000     0.4170015564135232     0.2965912906912393    0.07017099401426309    0.07285853532453668      150.2731875352421
                  26000     0.4871517942235778    -0.5777932665969492    0.07335094455564702    0.06596961188580903      1.594712320640005
                  26000    -0.1144798468504566     0.7964820997044041    0.07400035139253898    0.07383559204349829      510.5465115922501
                  26000   -0.04929414458196029     0.1883731214366481    0.07437606769484394    0.06943428204317077     0.3991760374472945
                  26000     0.6713522328499176    -0.2406355433624161    0.06887951347036549    0.06255371299911922      56.24350930565106
                  26000      0.324147562970698   -0.08907206329540852    0.07385913526525398    0.06681503628669094      8.458288224901805
                  26000    -0.5613873667820642    -0.1574674582697929    0.07762743308231843    0.06982991409495642    0.03098986098866442
                  26000    -0.7337786588310953     0.4158397614571138     0.0797723410548076     0.0677133574358888      2.319645523132364
                  26000  -0.006898238690051764     0.7290777320619537      0.069936064392599    0.07242630314136143      1093.765442351466
                  26000     -0.773052513913335    -0.1150223594512288    0.07306667406220305    0.06464925943229026     0.1093493474876383
                  26000    -0.8121554530468111     0.3681145657746778    0.06968000837872412    0.06521339720284462     0.7769755282804928
                  26000     0.5320173409155989    -0.1004605051430922    0.07923722409772073    0.07360396119151463      6.073929110234516
                  26000     0.4679640652875112     -0.179755898584897    0.06656541588079216    0.06814510413037883      8.094444416336511
                  26000     0.4458070993423462     0.4919579029083252     0.0787088406281282    0.07302907385375369      1.309901027173836
                  26000    -0.2017682994352033    -0.1186225905828699    0.06845682676273925    0.06694194620544393   0.001467213175209133
                  26000     0.2795664178946887     0.8453873428242195    0.06556752483222213    0.06241164536834659      2.544770156372501
                  26000    -0.5453606984521649    -0.5391531360361026    0.06749174905305384    0.06504048233745977   0.004801377719787885
                  26000    -0.3189628814747013   -0.06968607851920625    0.07172341746381576    0.06575095304639676   0.009541533359293209
                  26000    -0.8136423506889081    -0.2276352124769304    0.06896741548064529    0.06465351764383943   0.007625805153563594
                  26000    -0.8937036996947236     0.2325461644432563    0.06741728481338109     0.0609207498415513    0.07339773256943984
                  26000     0.6109567341037159    0.08919609251686977    0.06915481747920196    0.07568522568341611      30.92955502885157
                  26000     0.6753250983712145     0.2035264075719529     0.0729103236408898    0.06524607201826473      6.097614249935029
                  26000    -0.0586347000179829     0.4541031861586879    0.06197040563928272     0.0618461032298581      5.473694076746192
                  26000     -0.332764324212209     0.3696913435038917    0.07412273898570902     0.0666639419242111      3.320341723409472
                  26000    -0.1383404144591805    -0.6119779148854944    0.07056048154898324    0.06442524828025925   0.001013243853991381
                  26000    0.07890253514051437    -0.8681458234786987    0.07599404865428115    0.07222254262030244  9.085678577118493e-05
                  26000    -0.1274096609191112    -0.7541995771968441    0.07212742807236898    0.06378951997605474  0.0005774558446813199
                  26000     0.9450673328946543    -0.1646314313320386      0.067729840534033    0.07205117502094574      595.5409771930414
                  26000    -0.3658100215059611    -0.8841564210975982    0.06898994574565193    0.06779334482801515  0.0003118616006546568
                  26000    -0.1666369652461304     0.6892805374165734    0.06878663513498774    0.06657532352764729      160.9711689307774
                  26000      0.937863160370378    -0.2855400607371443    0.06553599638325296    0.06370968236283787      292.2082069571683
                  26000    -0.4970586153350277     0.6999169931838752    0.06720819707034045    0.06567754935593771      4.447547371254838
                  26000    -0.6181586413461582    -0.6691212875141805     0.0720357680102568    0.06388732768199644    0.01334809754950798
                  26000     0.5164587119468824     0.1310840326337395    0.07644420309544948    0.06750435892181536      36.83743971996831
                  26000     0.3020080284078644     0.4120172900559759    0.06721963998340681    0.06535074113262364      39.20707724594407
                  26000     0.8359655737876892     0.2973820567131042    0.07431404038771655    0.07010236770556741    0.07600892621703846
                  26000     0.4907592197152442     0.2094933980862453    0.06513200769152193    0.06374879296197702      52.88081511894175
                  26000     0.2557342208433126     0.5176760098216507    0.07162562793769625    0.06933683315615738        132.14223663936
                  26000    -0.5565518253946325    -0.8060153334127487    0.06805835357756727    0.06348652551359449    0.01488575698425219
                  26000     0.2485943713656908    0.03193363935104623    0.07301938003017949    0.06615753135359605      6.018492788424647
                  26000       0.24846451994417     0.6155893810709774    0.06830356201358773    0.06323706742041316      45.32057125805989
                  26000     0.8912195610831436     0.1590422349736365    0.06623493193510152    0.06119488598716397      2.526384820132247
                  26000    -0.4000605263263389     0.6694344162709369    0.07059018888864839    0.06637292888079306      20.93312688145616
                  26000     0.2292558241316874     0.2427813539773007    0.06819421277168183    0.06886976694063483      20.62793871753705
                  26000   -0.03548193722963333   -0.09976565837860107    0.07269489368286995    0.06728636618179455   0.005906534300894608
                  26000   0.003174017649143934     0.3125500082969666    0.07172932563525701    0.06611033104629124     0.3059383988038055
                  26000     0.5266465420470637      0.334889153668506    0.06785541412319836    0.05945937497061572      33.51507379332447
                  26000     0.2910774350166321    -0.2717756628990173     0.0704344831102252    0.06496337415447578    0.06454216108295129
                  26000    -0.7881137182177999    -0.7622070913719843    0.06349268956198072     0.0588059636747095   0.003238649856290085
                  26000    0.01050419262584763     0.5395809159244889    0.07695986499778971       0.06036438019964      22.62031432554289
                  26000      0.226705873988516    -0.3479562797593287    0.06897419420252784     0.0593880190876617     0.0266164994800543
                  26000    -0.6586778163909912     0.5928598046302795    0.07029628195406182    0.06480124149690271     0.1461405109563973
                  26000    -0.1193881034851074    0.07354535162448883    0.07032487673216238     0.0653065517047433    0.03115609566183516
                  26000     0.5171656608581543     0.5252002477645874    0.07033178192644646    0.06525888561851124     0.9466826657573565
                  26000    -0.8525134093265979    -0.6958949984583318    0.06457919130718637    0.06112438930010566  0.0008248473218100383
                  26000    -0.1850930542766046     0.5041287077044798    0.06125543327368487     0.0602644270846642      3.980345235885221
                  26000    -0.4764453014884936     0.5967046087397772    0.06617605724679447    0.06392119367156376      8.369873603572442
                  26000     0.6494247253223857     0.3744429946678019    0.06467928504840501    0.06265234759301956      1.494265690215085
                  26000    -0.3222079277038574    -0.6846290230751038    0.06977635714215186    0.06467325686625645  0.0002308973898768217
                  26000   -0.07961475682205071     0.2713308124217199    0.06466904319103856    0.06044953131340004      1.083151082377644
                  26000     -0.703547147789798     0.3407846319662252    0.06736767155937282    0.06146814201750095        2.7381334186437
                  26000     0.5364960443344986    -0.2780019867254465    0.06555397923057019    0.06129585431723466       4.57109853879146
                  26000    -0.1906358738640729      0.568609446764157    0.06848951657764235    0.06388223535907832      9.880248312261035
                  26000     0.1140769623348152    -0.1923285692475822    0.06924458880754575    0.06425747440075819    0.01678459273287611
                  26000     0.1507339344721159     0.5196801036927996    0.06458802230734904     0.0584599642034347      30.84101450004307
                  26000     -0.472551689874727    -0.1682418575496451    0.06456006293681035    0.07029200254252475    0.02173432429210017
                  26000    -0.3133333764340231     0.8208582854736111    0.06153522967215534    0.05991627818721285      34.33429290491324
                  26000      0.404591971215725    -0.1585294068782434    0.06629786084522622    0.06510909328940796        2.8035122303475
                  26000     0.9303830623752695   -0.04858539221499495    0.07055602938373895    0.06293785567925321      77.29435763662497
                  26000    -0.8141638090094133    -0.0399923638733739    0.06848891404591455    0.06131117476044216    0.06109615885005651
                  26000    -0.7631150190886105    -0.5130439150293942    0.06622556335048081    0.06090759516395965    0.01011042632372369
                  26000    0.05285632503450382     0.4755747168450464    0.07063458881277908    0.06330700615850457       16.0296523308937
                  26000    -0.7637511555396406    -0.6677102875489664    0.06650416967619636    0.06292425662648608   0.002750637099012243
                  26000    -0.3946443796157837     0.7890440225601196    0.06803066731037297    0.06265877604454753      2.426740356373934
                  26000    -0.6107181268119378     0.1174043704108622    0.06350192418798653    0.06125003415200485     0.7401432830002089
                  26000     0.1030722856521606    -0.3579731583595276     0.0680234535059442    0.06274026350302112    0.00159181255051605
                  26000     0.2014968012832974    -0.6419160820134642    0.06614590061198092    0.06312988819138629    0.02264424320021072
                  26000     0.2249812257049203    -0.7573790763721445    0.06772460323680898    0.06267575327946372    0.02738353511901377
                  26000    -0.3712797567156723    -0.2302624784347129    0.06791019792488311    0.06413010017621015   0.004659430555364813
                  26000     0.3831001194387854    0.08554166696099495    0.06836019995084355    0.06427146920229919      31.35873524123628
                  26000     0.4636186957359314    -0.4205975532531738    0.06762723413570745    0.06247001195403341     0.7262951618664046
                  26000    -0.4248914742117468    -0.4136060926027643    0.06382110006760762    0.06643542530003528   0.003996419395657176
                  26000     0.3337526619434357    -0.8752049207687378    0.06738288464357792    0.06264024024924657   0.001116236204166669
                  26000     0.3042864441521114     0.1032850931190743    0.06591650487883853    0.05971976687063181       9.20531722811605
                  26000    0.07500829001464927       0.12675236177747    0.06462607996195047    0.06438653998683344      2.208820203231384
                  26000    -0.4919544458389282    -0.0432911328971386    0.06673311196615349    0.06164364323849756    0.01495789524817584
                  26000     0.1262708491304204    -0.7210243199454777    0.06302756098410348    0.06149628781178518   0.002539180229568164
                  26000     0.0891679972410202    -0.4960015714168549    0.06661234323946673    0.06161428196951037  0.0007019949459331333
                  26000     0.1499321233005749     0.1852991812679083    0.06603074244483718      0.063595468043265      6.007379965023173
                  26000     0.4728632867336273     0.8067665100097656    0.06619701337806709    0.06174277410702318     0.1932451764445519
                  26000     0.1855625624822279     0.6745624825176503    0.06237979278111472    0.06298485917885019       31.0644147938994
                  26000    -0.5425361394882202    -0.9278262853622437     0.0662458769020934     0.0619633996945764  0.0006302431430865457
                  26000    -0.2819322347640991     0.4377707540988922    0.06625668978336581    0.06200626231074367     0.8718187748771619
                  26000     0.6306960380697672    -0.1713498342533292    0.06341974304139554    0.05927812519259678      27.27142408128071
                  26000     0.7487667414685077    -0.5364830754139315     0.0639774594506206     0.0651921341309927      1.650695938970528
                  26000     0.7435943484306335     0.2884446382522583    0.06546929347634915    0.06120236213203972     0.5081985574478318
                  26000    -0.2382034177647941    -0.7502625933588775    0.06720285703892294    0.05936739432521255  0.0003768766624910661
                  26000     0.9746886209872483    0.07689354333556386    0.06511894440631386    0.06084819737895004      7.930242126270652
                  26000     -0.566982090473175    -0.7148812413215637    0.06548814296456608    0.06118620030491144   0.002040363384280268
                  26000     0.2981601177602436    -0.5633502614797445     0.0652391176208815    0.06170118321698555     0.0667781267369198
                  26000     0.5983627980772828    -0.5397924426406341     0.0636353824587968    0.05862668203127074      1.571697586383542
                  26000     0.5677274203016914     0.2318492893943526    0.06381850740079624    0.06442309031251031      41.42615201194334
                  26000     0.1779508134947202    -0.8305776501666298    0.06856010585718926     0.0604652828282134   0.004736966004722887
                  26000    -0.7325896866679772   -0.02936752975010742    0.07005042780557853    0.06140531282659687    0.07648023950499566
                  26000    -0.4412287473678589    -0.3119606673717499    0.06427967602104387    0.06079365910554257    0.00216042381941917
                  26000      0.688845000856773    -0.4725399503507402    0.06183067736979909    0.05797215896914858      4.373183313356526
                  26000   -0.01605622656643391     0.3762665688991547    0.06379436969671802    0.06043313576683049     0.4848695232610434
                  26000    -0.2974928617477417     0.2512913048267365    0.06375216668164349    0.06040921039972092     0.2039248889607102
                  26000    -0.6280770522225509    -0.2709053367086204    0.06547823511226403    0.05986873916030777    0.02108504004993174
                  26000    -0.8305640278276017    -0.3227687054230825    0.06447679894618751    0.05902429649840016   0.005582097881420227
                  26000    0.04763368031756858     0.6076556988520621    0.06092177761857519    0.05894539116915794      51.75429868443477
                  26000     0.3478889109431348     0.5254946341341179    0.06348208982988501    0.06117136173977532      41.21109629584488
                  26000     0.1541061699390411     0.3204586803913116    0.06279608994541536    0.05947654662022391      4.029294605494922
                  26000     0.6910900792183172    0.04465810350158497    0.07001387832441826    0.06039516755989281      54.82167482656226
                  26000   -0.09104268137056358     0.6803159647991602    0.06277064813441227    0.05889157749402573       175.331899111618
                  26000    -0.8485347628593445    -0.5751433372497559    0.06266647803643884    0.05939491164516113   0.001011955871676372
                  26000     0.4827804565429688     -0.351006954908371    0.06210922545253082    0.05930409159662844     0.8107687865137658
                  26000     0.7227949500083923    -0.6583957672119141    0.06210504505725967    0.05924600934538635    0.04531046948841357
                  26000     -0.181328902479139     0.1333029522068712    0.06077482255737439    0.05910708637288628    0.04720880323780202
                  26000     0.4556805789470673    -0.6742009520530701    0.06169190402641299    0.05876470596421557    0.07167149473864927
                  26000    -0.9539084434509277   -0.09091085940599442    0.06173787391072808    0.05886616440487522   0.005036535389668892
                  26000     0.3563276827335358   -0.02820096723735332    0.06130705453743541    0.05842954866646245      3.054783559420254
                  26000     0.4033210385646485      0.177997282485224    0.06117526777317414    0.05933290704681966      30.27977362892851
                  26000     0.8874960396971555    -0.3577021684911683    0.06307260607876744    0.05808352894469163      177.1045725256936
                  26000     0.3428632616996765     0.7142235636711121    0.06094384784886637     0.0581226543698789      3.830017459730711
                  26000     0.6780332326889038     0.4812185168266296    0.06068857750235263    0.05763488599219867     0.1837755899872597
                  26000     0.7964993137035238    -0.3902094596309305    0.06564084118190504    0.05779654641835375      82.18478319576607
                  26000     0.3046292853664501    -0.1809463440374842    0.05998964613668643    0.06026700251492256      1.074761410587501
                  26000    -0.7229097485542297    -0.9406530261039734    0.06073620280715949    0.05758047690604137  0.0005257815297060534
                  26000    -0.6500843167304993    -0.9645252227783203    0.06073609363653825    0.05760719757679326  0.0005343221488791764
                  26000    -0.9769086837768555    0.05292660370469093    0.06072612376688915    0.05754044423905214   0.007918543173550514
                  26000   -0.02358066104352474     0.6152637004852295    0.06064067952912765     0.0575240557128167      39.24317102306898
                  26000    0.08099840182384162     0.8433327609057508    0.05983083373431229    0.06229475588140632      153.7454093955365
                  26000    0.02312355488538742    -0.3472078144550323     0.0603113615044789    0.05693531745828808    0.00044520554499292
                  26000     -0.309708833694458    -0.1891737878322601    0.06032477097227572    0.05697799055413884   0.001281478219170886
                  26000      0.252567857503891    -0.4491608142852783    0.06027680498569916    0.05693841280820953   0.008579811948401177
                  26000     0.4124964463658064     0.4212576201296452    0.06312419627739962    0.05833237051992246      18.71395456863763
                  26000    -0.6347262859344482     -0.188941478729248    0.06022084711528161    0.05687793323727332   0.009896073925876901
                  26000     0.3112330138683319    -0.6935402750968933    0.06023470239642648    0.05684596572455062    0.02107490176812134
                  26000     0.6893462538719177    -0.1207619532942772    0.05958856709930863    0.05624435524639313      23.79261135337344
                  26000     0.3553758464085184    -0.3243930210501483    0.05940136817573634    0.06122281149831183     0.2263892235099249
                  26000    -0.5715043544769287     0.6116997599601746    0.05953623264922812    0.05606438579734617     0.7835248273347565
                  26000    -0.6895931172588526    -0.8630043712096315    0.06582726503980445    0.05614604256266365   0.005100056327333003
                  26000    -0.8490772247314453      0.132035955786705    0.05954704422628711    0.05606314582990446    0.08946748929083999
                  26000    -0.4672145186750469      0.493570794082645    0.05920789177433541    0.05581451437344793      4.133972189649577
                  26000      -0.94383305311203    -0.4034254252910614    0.05910305350131354    0.05578294299318325  0.0006022832984021748
                  26000     0.6087811589241028      0.815581738948822    0.05917337060281427    0.05572196672511529   0.008868036797778724
                  26000    -0.5659859776496887     0.3122524619102478    0.05915431973995806     0.0557362786228142     0.9835376461504307
                  26000    -0.6044074892997742    -0.4932977855205536    0.05919549511864997    0.05577245971944696   0.003995268507203077
                  26000    -0.2489968240261078     -0.829245924949646    0.05913472894929101    0.05574308018066389  0.0001237982751557519
                  26000    -0.3360683917999268     -0.534416139125824     0.0590355545667722     0.0556595337544851  0.0007104424368090603
                  26000    -0.3752255141735077    -0.7684292793273926    0.05901505935046953    0.05570532979181007  0.0002758518534357783
                  26000    -0.3156354427337646    -0.7835540175437927     0.0589997331402168    0.05574872847296011  0.0002071089280143354
                  26000     0.7471521014629497   -0.07954503044550211    0.05834815423192753    0.05504630298900545      74.20087871924295
