#! FIELDS time deep6.node-0 deep6.node-1 sigma_deep6.node-0 sigma_deep6.node-1 height
#! SET action OPES_METAD_state
#! SET biasfactor                     5.5
#! SET epsilon    0.001203859994828203
#! SET kernel_cutoff       3.666666666666667
#! SET compression_threshold                       1
#! SET zed    0.005255032738883315
#! SET sum_weights       1598.664526428011
#! SET sum_weights2       11221.00399043874
#! SET counter  992
#! SET adaptive_counter  500000
#! SET sigma0_deep6.node-0     0.03605082249535743
#! SET av_cv_deep6.node-0     -0.6711395647084251
#! SET av_M2_deep6.node-0        63992.8243751005
#! SET sigma0_deep6.node-1     0.01392721944087093
#! SET av_cv_deep6.node-1    -0.03837855087938141
#! SET av_M2_deep6.node-1       98020.44833198388
                   2500     0.6044547580291301     0.3397584472302376    0.07327759117434948     0.0797302895501629      144.6291593397425
                   2500     0.6380082964897156     0.3088021278381348    0.02649169166125303    0.01575932610709479     0.4397915078765365
                   2500     0.5219060005625044     0.3363878037992709    0.06707798651100354     0.0821394170763553      8.205983702040932
                   2500      0.458637817686215     0.1995643169278861    0.07234157421647426    0.08267367881576831     0.2509027749090081
                   2500     0.6207847595214844     0.2184629440307617    0.02482058202968488    0.01572219807332546   0.005272148354646682
                   2500     0.3909496068954468     0.3474131226539612    0.02443740372167424    0.01568951369862797   0.005351744842057665
                   2500    -0.7217363068437649    -0.4265172822601034    0.08276672922913715    0.09597433265490134    0.04138369923264144
                   2500    -0.6011740460319778     -0.738512033244467    0.07725647888490141    0.09603585154010195    0.01371221778087741
                   2500    -0.8157943727232281     0.7179321481884268    0.08326589943208239    0.09592415532057673     0.6270623525515906
                   2500    -0.8032294369537156     0.5977056530603075    0.07948154211713673    0.09329833634596503     0.5115680354983982
                   2500    -0.7922575010495972     0.4426681219282952    0.07668895711240373    0.09892819763172173     0.1311202264557622
                   2500    -0.7927617594726718     0.3054930828289006     0.0757941839326674     0.1038873255915711    0.06814721850045996
                   2500    -0.7746682052269193    -0.2603552665245045    0.07692961091726749    0.09995446826599726    0.05413183460626397
                   2500    -0.7080392556552906    -0.5503292549545106    0.08001863864666238     0.0936038913997644    0.03594525067123788
                   2500    -0.8111875251335391     0.1160313748881963    0.07647628202832585     0.1018658907916008    0.03191721409793659
                   2500    -0.8109854359979891    -0.1026576993490459    0.07559100077841645    0.09787157200278278    0.03906168724755032
                   2500    -0.6096721007929587    -0.6018761694698361     0.0854457553495028    0.09318128448160128    0.01747394305789537
                   2500   -0.04086223110416277    -0.3631333006526112    0.08179777489699194    0.08932061671981387   0.001407585611658452
                   2500   -0.08990167335291388    -0.4495925178684603    0.09297802999407694    0.09042586889617049  0.0008540285563931774
                   2500    -0.5718845764971869    -0.8704935751977952    0.08639528495952303    0.08897500042582694   0.002634404838002197
                   2500    -0.4710744412232812    -0.7430850911808643     0.0800197930101236    0.09494884290748741   0.004399019801998262
                   2500    -0.7955485378764768     0.8283445329652517     0.0739918190940282    0.09031307524461966     0.2751712717031425
                   2500    -0.7164474970579096    -0.6869429066199692    0.08036214318347094     0.1009407355527037    0.01642170495048922
                   2500     -0.862557834623996     0.3658878867633937    0.07467268936710054    0.09352042711057801    0.01404328041146043
                   2500     -0.302458165437696     -0.688007909415504    0.07517990314599772    0.09812045538012507   0.001497518215694051
                   2500     0.2840934479803783   -0.03301388098328249    0.07159000395846314    0.08752971117800848  0.0007286552333007522
                   2500     0.7834263443946838     0.5403556823730469    0.07779021850989895    0.08369368554325847  0.0004220317086170517
                   2500     0.7314350605010986     0.4402324855327606    0.07778043114019172    0.08360708083656175    0.05581661087018824
                   2500     -1.058162689208984     0.3282091319561005     0.0785593348846976    0.08320989986737937  0.0003349513745140514
                   2500    -0.6868676330658886    -0.8027311805759916    0.07082140237994725    0.08463821425388099   0.008276359345234817
                   2500    -0.3866619609196712    -0.6097739262090734    0.07236488445222893    0.09141521900388004   0.002258828210941859
                   2500    -0.8937938558232963     0.5298585118496891    0.07239525221372162     0.0950553111288174    0.01330675278996692
                   2500    -0.5970988920301799    -0.4550574932424576    0.07778132934163699    0.08945790062927952   0.008598181055014698
                   2500    -0.8964821832150061   0.003396439361808186    0.07193356748575405    0.09490621954159077   0.002488017225425328
                   2500    -0.2418185111806397    -0.4619339493204983    0.07830089111924546    0.08383003708990605   0.001215006507693127
                   2500    -0.4798932771356537    -0.6088309284327019    0.07297136676472739    0.09546638808113792   0.001928259410825271
                   2500    -0.3929219476440217    -0.4414994939401228    0.07112557867587871    0.08851048251829083   0.001779714172915213
                   2500    -0.8406610488891602     -0.434395045042038    0.07005725227825443    0.08810993938909753   0.000986282011970746
                   2500    -0.6873378157615662    -0.9609222412109375    0.06987070974340795    0.08842650838448568  0.0004074725204707571
                   2500    -0.4948566555976868    -0.5116884708404541    0.06961377342123744    0.08861897440339904  0.0006964061587333955
                   2500    -0.7979916829146239  -0.002346959835133625     0.0665889678487419    0.08431528555329403     0.0044514953207971
                   2500    -0.7605694532394409      -1.01038670539856    0.06898117702705871     0.0888019083283859  0.0003552304471472074
                   2500    -0.2139042534063401    -0.5918234592788248    0.07154604470298481    0.08281509663254506  0.0008381752282540693
                   2500    -0.7693817019462585    -0.8339893221855164    0.06859279077059599    0.08917388336337412  0.0005753683733321508
                   2500     -0.808106707335545    -0.7549042720866579    0.06816438980698361    0.08954634162540859   0.001383201579466221
                   2500    0.02177059277892113   -0.06465491652488708    0.06719912699706844    0.08922575790036955  0.0003424793128352889
                   2500     0.3755709826946259    0.07112361490726471    0.06794183868900694    0.08693014863017358   0.001236993091821986
                   2500    -0.3754548289643829    -0.7388672068710511    0.06865330440814776    0.08646992074048584   0.001638310424514493
                   2500     0.1836640413916804    -0.1516579472226503    0.06805101978954543    0.08537212946591977  0.0007433113568104963
                   2500    -0.7568607926368713      1.067893505096436    0.06236135759545343    0.07565431453964321  0.0006307944716651734
                   2500    -0.2891640961170197    -0.5821218490600586    0.06229313535440455    0.07580344705712014  0.0005199346863134954
