#! FIELDS time deep20.node-0 deep20.node-1 sigma_deep20.node-0 sigma_deep20.node-1 height
#! SET action OPES_METAD_state
#! SET biasfactor       12.02723625380408
#! SET epsilon   2.008904905162975e-06
#! SET kernel_cutoff       5.122093479753262
#! SET compression_threshold                       1
#! SET zed     0.04563159649891022
#! SET sum_weights       1734.302648858191
#! SET sum_weights2       14492.39641322363
#! SET counter  992
#! SET adaptive_counter  500000
#! SET sigma0_deep20.node-0      0.4487750213209542
#! SET av_cv_deep20.node-0      -14.26127060845391
#! SET av_M2_deep20.node-0       31812828.62876788
#! SET sigma0_deep20.node-1       10.12480803206858
#! SET av_cv_deep20.node-1      -2.855946905058588
#! SET av_M2_deep20.node-1       87264789.92918275
                   1000     -14.80149218207994     -21.92221834342524     0.9983663920889627      2.469491813624052      888.5036466673165
                   1000     -15.89643826607198      14.42820570967491       1.03295116607013      2.206217215435882      1902.406293151929
                   1000     -15.73148938386088      6.541489586627649      1.005557762044494      2.429797219618618      232.5854087835889
                   1000     -13.89540015428933      11.24270112271582      1.217353750384292      2.258086765491826      26.83297904411167
                   1000     -12.12458966199756      8.356229960815288       1.12153580394789      1.963184603940316      4.799214536249288
                   1000     -8.545712428982741     -3.991261805540892      1.026749066295711      1.977416197507844    0.00686996646520183
                   1000     -14.41338943777355      15.18089612792592      1.140785387790242      2.108500500214479      73.63501426772505
                   1000     -8.815077974310299     -14.24192032470068      1.157953882677024      2.292262754246245   0.002172659606350469
                   1000     -11.88755416870117     -20.57358551025391     0.4600530812360978      5.569141145147936  0.0003056704246304319
                   1000     -11.53631019592285     -24.50436973571777     0.4634599589277569      5.345871395057122  0.0008806271105800735
                   1000     -15.36961087742157     -6.946382878017916      1.049246551522726      2.457644391860133      175.3349367413575
                   1000     -14.63027062335558      4.560199818896787     0.3974855987733829      3.842788094366671     0.6255686690736324
                   1000     -12.36754703521729        15.455322265625     0.3894517265858163      3.701053514235506    0.09842516907525536
                   1000     -15.57830164795633      1.410628169631065      1.037310188395437      2.492092976622191      74.30729933945257
                   1000      16.14319004414137       8.08450357980105      1.027608845205205      2.007774116835809      16.28446219532752
                   1000      16.51120740261625       2.43164596421617      1.022170384268889      2.014423408838627      1.316466829089029
                   1000        16.357010802799     -29.42647620605218      1.127015197895077      2.200922635731673   0.003533911964348767
                   1000      16.50934444438054     -13.81137632483885      1.068739290152206      2.052165956621554      0.017317108238797
                   1000       12.6587013126824       1.18321158028225      1.078056294771915      2.369160284390783   0.002811561874681564
                   1000      15.64970321775024     -33.56979541139983      1.035364145732031      2.121223868959872   0.004498955741488921
                   1000      16.54438046470901     -5.419212631078112      1.034958345656434      1.931744552234575    0.05525396744372602
                   1000      14.14170138989377     -1.468764951174587      1.072864719519825      2.233006784773043   0.001894397085612058
                   1000       16.2650416640498     -20.40811025744311      1.089931174149514      1.837317814766919   0.004374374954902878
                   1000      16.53461983013803     -23.74381385270008      1.085921078882106      1.964166279635057   0.003930817073690704
                   1000     -15.16709656746149     -13.00494445050096      1.013409987844638      2.346135924251536      195.9968186681075
                   1000     -4.910026550292969     -24.87138175964355       1.46219139450656       3.11484275738249  5.965032099916171e-06
                   1000     -14.04845200209281      -24.2766000785684      1.074212382960893      1.907717582340383      107.5394570936245
                   1000     -13.31076431274414      6.399592876434326      1.183929081938406      2.586026592303537     0.3084744065395668
                   1000     -5.089194774627686       6.38162088394165      1.132273250093226      2.510654728948992  9.559500106002898e-06
                   1000       9.08083438873291    -0.8116703033447266      1.262917123087014      2.499465294774976  1.085195448925486e-05
                   1000     -5.518922658029215      11.04564545665605      1.112272185487311      2.023954914067414  2.783803977869889e-05
                   1000     -14.96074456319431     -17.50499189731439      1.017911301129345      2.078775613323299       295.787268622794
                   1000     -8.291060234138353     -11.35446347848936      1.047297910950139      1.943030527708353   0.004060622160846484
                   1000      4.579473495483398      8.288381576538086      1.201638635514871      2.273769970591679   9.94335073124108e-06
                   1000      2.946529865264893      13.24863529205322      1.203024224566914      2.270996689706652  1.002947047447862e-05
                   1000     -11.06883637262225        14.420825161684      1.064146758564625       1.76214550473062     0.1529977278963132
                   1000     -2.908547420539445      1.020144685900898      1.095218778612326      1.898857058380411  4.832724621783619e-05
                   1000     -8.283787225937576     -7.621844663106395      1.059549575631312      1.979212153138489   0.005740129750021376
                   1000     -9.420417996523556    -0.1531235943795421      1.090899072954408      1.810378091551846    0.02046082506612627
                   1000     -5.256758963390437     -10.30124875700836      1.201808934683201      2.324901890998445  2.554879088821625e-05
                   1000      -9.67578770617809      -4.59500078922917      1.043203711180045      1.835304306719799   0.001304297189728394
                   1000     -15.54871281065241     -3.179278775429556      1.024934734339802       1.92812367021754      67.09362377631372
                   1000     -15.86264426010384      10.89557698659941     0.9827964285783887      1.959909778370727      214.1432346748085
                   1000     -13.56324195861816      2.289760112762451     0.9515792372328762      1.934146630564518     0.4466414461951256
                   1000     -9.976940453510119      2.729256774952787      1.045546721242355      1.804740888574984    0.08814536571188554
                   1000      10.96717162570736      1.871273750477071     0.9846319991332408      1.836865616133521  0.0001459121373483039
                   1000      16.57960640854261     -2.700445002643968      1.026580369123662      1.775584527215283     0.1506492350691634
                   1000        15.035080909729     -17.12298011779785     0.9210302256674847      1.800689996105869  6.814695437431021e-05
                   1000      12.46950824026793        6.0934489028984      1.074658972614471      1.692964616977924   0.009302712326883449
                   1000     -9.342879367273449     -19.30534887899464     0.9997176109001966       1.76302674675313  0.0007484898617930225
                   1000     -10.02201402174764     -16.83234991814986      1.053802237032722       1.71204160139851   0.001518083597326468
                   1000     -7.509979248046875     -9.598340034484863     0.9477559886309616      1.770708505645083  0.0001592588377746345
                   1000     -9.391216323730948     -22.37861231813526     0.9844799589529635      1.736526132354196   0.001222647189230827
                   1000     -11.13407921374866      10.28059840056371      1.003665401973385      1.734084903041748     0.2193552254119805
                   1000     -8.767051696777344      1.358969211578369     0.9342752788244291      1.753194816883243    0.00153029955898197
                   1000     -10.82504132736765      5.516708548905141      1.036209823358035      1.851853740325629     0.2186936636602376
                   1000     -6.165529251098633      -12.2808780670166     0.9241139150967069      1.740337318501349  4.694678423154947e-05
                   1000     -8.911657011452993     -1.795014795477968      1.101067812891307      1.734146016865705   0.007556704174951628
                   1000      4.770604380427199     -5.626441811615941     0.9584778102417196      1.825407723306872   3.59577890130294e-05
                   1000      7.463019856892495      3.209086725487917      1.037342136266423      1.816600798947316   5.61770002189814e-05
                   1000      16.48010161338733     -17.91606827759759      1.068131998994299      1.813439816628982    0.00474585260441073
                   1000      15.28444016238704     -27.43716487581946      1.033153042001984      1.925550752145572  0.0009087021804347506
                   1000      15.57089079191267      10.17227311546305      1.016721576192633      1.863319329535915      1.501812084576654
                   1000     -7.043967737991299       1.15522924202012      1.057734298035524       1.69795665110766  0.0004955735025604707
                   1000      4.727945804595947      2.629039287567139      0.970510095648075      1.694974284151914  1.661641324083404e-05
                   1000     0.5557155609130859      5.913063049316406     0.9620826362933426      1.684126144244513  1.677789583162242e-05
                   1000      15.03214850822488     -25.39240459077492     0.9970776541279359      1.731291489435421  0.0002648517854018675
                   1000      16.69437970258875     -9.134275949893269      1.075131399950285      2.077249006836502    0.02116684249077599
                   1000      12.06578254699707      -29.3383674621582     0.9952004284778577      1.685012986156989   1.64802115344227e-05
                   1000      14.96558662714422     -7.637235205695107       1.03526373733421       1.68936092913579  0.0006971965228289319
                   1000      12.88450304298895     -12.59340044958013      1.002923900978574      1.701445692423897  6.926272514765327e-05
                   1000      14.44552898406982      3.750659942626953       0.98808514590679      1.687660035352401    0.01239645636028898
                   1000      11.33674372548634     -7.366861504810465      1.079071059059072      1.649387234613851  4.596430096288819e-05
                   1000     -9.205154303906903     -9.398881968113301       1.02512388922239       1.77137597702422   0.002975834623658674
                   1000      1.176085710525513     -2.697141170501709      1.009629064107934      1.654026929565423  1.627112995106921e-05
                   1000      9.712079091198557     -4.624208228787498      1.009745788829322      1.697896011773374  3.801121911780949e-05
                   1000      13.11883345166094     -5.243161308340475      1.117262705087355      1.666298729926363  0.0004511391373753009
                   1000      5.719813823699951     -6.698894500732422      1.036271159328821      1.649701955572362  1.855227090848411e-05
                   1000      11.25690650939941     -30.90848159790039      1.029038379041694      1.649511708746717  1.717971109300073e-05
                   1000      16.23161753564148      5.699373948122877      1.011446899337139      1.728868922755723      2.839576124313369
                   1000      16.35521306382818    -0.6767725966321965      1.014797619126239       1.63818064027421    0.05246646012772858
                   1000      14.61684513092041      6.376384735107422      1.036124023348882       1.64445562559224      0.192157858825592
                   1000     -12.76457458717893     -26.32053203429516      1.033023896343057      1.730553314742129      14.38477525797683
                   1000     -13.02672386169434       -4.4090895652771      1.023802064075322      1.631619434721523     0.5019473442999741
                   1000     -11.06474113464355     -8.539264678955078      1.021823485991619       1.63134174224973   0.003482026980390801
                   1000      3.396953105926514      9.494297027587891      1.011603245457216      1.625679210693912  1.758785389845794e-05
                   1000      -10.8076286315918     -23.22337341308594       1.01105750927004      1.624796190835129    0.09410109962783557
                   1000     -8.568684577941895      10.82610893249512      1.000306158858639      1.618073222629633   0.002509893351802085
                   1000     -12.10569858551025       11.0946626663208     0.9921020864904939      1.610601077420917     0.6559472038036726
                   1000      11.95869827270508     -2.094127655029297      1.006383605497991      1.608442597566524  0.0001337358098193519
                   1000      12.92095756530762      9.142730712890625      1.012766210888046      1.611757098479105    0.00769889097264662
                   1000      12.87943077087402     -9.828609466552734       1.01088095908238      1.611811950681433  3.069117426524409e-05
                   1000      13.12200355529785     -7.217799186706543      1.001623864320933      1.612736271073708  8.045526201575585e-05
                   1000      7.777262210845947     -1.042169809341431       0.99769392612383      1.613347908925321  1.820404896886012e-05
                   1000      9.158709526062012      2.732376098632812     0.9921990497844557      1.615620283471557  2.398566790348501e-05
                   1000      13.64058303833008            -31.1484375     0.9822426758681566      1.615523924871812  8.123824981705151e-05
                   1000      10.64690208435059     -3.909922361373901      0.977325920086454      1.616845464949237  3.334168437857622e-05
                   1000       15.2448673248291     -5.985388278961182     0.9759083974753627      1.616510538601607   0.002863968605293956
                   1000     -1.566074371337891     -1.914143800735474      0.974984753741416      1.616143823429501  1.801454340537217e-05
                   1000     -5.332181930541992     -3.478415966033936     0.9911145689376668      1.608723480074186  2.902589143760299e-05
                   1000     -10.82297801971436     -14.30249214172363     0.9824318861806257       1.59587542627739   0.004023773922789711
                   1000     -15.49496364593506     -9.614398956298828     0.9580780584433742      1.577649167657708      7.019064625169114
                   1000    -0.8567359447479248      7.844906806945801     0.9568224851083024       1.57732863718042  1.838942769366893e-05
                   1000     -16.11948493567409      16.79063416885036     0.9573652228358415      1.629880104664461      69.99588695391724
                   1000     -6.609673023223877     -14.77642250061035     0.9458691991731094      1.566330064413292   7.72394993549585e-05
