#! FIELDS time tica_cv1_0 sigma_tica_cv1_0 height
#! SET action OPES_METAD_state
#! SET biasfactor                       5
#! SET epsilon   1.969681945254656e-09
#! SET kernel_cutoff       6.331728635426527
#! SET compression_threshold                       1
#! SET zed     0.08448194625440592
#! SET sum_weights       1251.182842418294
#! SET sum_weights2       2307.806436443486
#! SET counter  992
#! SET adaptive_counter  500000
#! SET sigma0_tica_cv1_0    0.001238530320396616
#! SET av_cv_tica_cv1_0    -0.01442315709200064
#! SET av_M2_tica_cv1_0       16.24115022858194
                   1000 -4.118235805780159e-06  0.0009770675728947844      30.32038471726535
                   1000   0.001308385354696921  0.0008642273273771581      9.969789521843976
                   1000  -0.007051260796043882   0.001084964818836621      210.1577214017688
                   1000  -0.001471554494784517  0.0009985953641767566      6.550398274254786
                   1000  -0.008922048505086317  0.0009885470748038287      250.6731438429877
                   1000   0.003214887168960294  0.0007274546448316644     0.2206494638584557
                   1000  -0.005089272847378872   0.001039759868841341      112.6706167430097
                   1000   0.002438377133275893  0.0007433418051250546     0.9580803721984184
                   1000   -0.01410999722869421   0.001097865222630118      139.5419956578283
                   1000   -0.01961814043456437  0.0009598899554571133      200.3551570175266
                   1000   -0.01617670207467519   0.001015746030491311      285.6278541305023
                   1000   -0.02117787812196946   0.001005278832936245      50.08273229346747
                   1000   -0.02267242802904791  0.0009784427598050339       19.4940872442999
                   1000   -0.03190513684016501   0.001081794576186356  0.0001282555435009646
                   1000   -0.01789657312799842  0.0009718670215815511      249.1765623056382
                   1000   -0.02681561566733414  0.0009571962370655345     0.1651292706745368
                   1000   -0.01090995015937907   0.001065064529191492      204.3271504300235
                   1000   -0.03016018713280098   0.000970705808586601   0.004957144453749613
                   1000  -0.003371518729465188  0.0009148386335859215      11.00700497214557
                   1000   -0.02546994897619242  0.0008735740569488882     0.7447455298850399
                   1000   -0.03461026622485677  0.0009154531936747309  5.726175723627059e-06
                   1000   -0.02826722970494523  0.0008326020364271114    0.03656215624229887
                   1000   -0.01263229042913182  0.0008597103010399974      55.39808971300755
                   1000   -0.02410729427895337   0.000811616440832563      2.723175943325407
                   1000   -0.03553092348321862  0.0007597282214410039   2.41251937383431e-06
