#! FIELDS time deep17.node-0 deep17.node-1 sigma_deep17.node-0 sigma_deep17.node-1 height
#! SET action OPES_METAD_state
#! SET biasfactor       12.02723625380408
#! SET epsilon   2.008904905162975e-06
#! SET kernel_cutoff       5.122093479753262
#! SET compression_threshold                       1
#! SET zed     0.08073843732964614
#! SET sum_weights       1886.765727522374
#! SET sum_weights2        14165.8199192101
#! SET counter  992
#! SET adaptive_counter  500000
#! SET sigma0_deep17.node-0        1.25014630671874
#! SET av_cv_deep17.node-0      -9.646342037844223
#! SET av_M2_deep17.node-0       26625867.00664292
#! SET sigma0_deep17.node-1        7.47368367526484
#! SET av_cv_deep17.node-1       1.754839208068926
#! SET av_M2_deep17.node-1       79750205.23134267
                   1000      14.73117965243213     -10.60788255234234     0.9341397977708854      2.179917208426392      1059.997381927878
                   1000      17.61652751575893      7.988898471622159     0.9260869726703936      1.848848356264749      3868.460855688345
                   1000      16.11205095211342      14.84248383091705     0.9351044726732695      2.006547155226587      199.0226018649412
                   1000       12.5133336045114      14.15392956053671     0.8767469334702639      1.645627422871941      1.364314878788557
                   1000      16.32686968216062     0.7156223456472668     0.9570733846278127      2.120463874732815      428.4605821424679
                   1000      11.45120558844543     -21.92569336667702     0.9215429869414683       1.62511167726945       10.0303513963298
                   1000      7.922552649963798       4.73893300088447     0.8872113705787756      1.832948131046048    0.02245616308457366
                   1000      9.635992623316165      8.269886881938108     0.8932810454631822      1.960369602716528    0.04238523050307472
                   1000      10.73871201002884      11.04920083271926      0.872549321722162      2.204310931645088    0.06290891320301828
                   1000      3.211859703063965     -10.17145919799805      1.010935911064066      4.473370627567594  1.235306455703304e-05
                   1000     -15.91937428568254      19.50119262567042     0.9356749838714742      1.954623179171731      609.8944190945714
                   1000     -16.13638137985053      7.961489973312419      1.205802823285024      2.922791835368941       1.53274794906471
                   1000      -14.2085068531503     -23.77767493563422     0.8178946503213699      1.822469758683932    0.07620225392877936
                   1000     -15.06525817204413     -5.197114414011573     0.8692323892695926      1.995322293535018    0.05484278305258744
                   1000     -15.92979180071788     -14.59612496886316     0.9636533378060744      1.942956160594921    0.02088036315588183
                   1000      -14.0541797294828     -9.226629150245234     0.8977507015485878      1.838729851262628    0.03036759726334184
                   1000      1.109416546499057       7.63798037662843      1.124799118018841      2.252873504388949  8.790921459552543e-05
                   1000      9.481703532070741     -16.15456673108474     0.8943808717146582      1.647515833647353     0.6425351256019096
                   1000      13.29056160049615     -18.78445919944231     0.8713451586002292      1.862045918714903      2655.000231942486
                   1000      15.77408885912576     -3.627962436648036     0.8477345541216472      1.994228981652094      400.1273439704412
                   1000      17.21807282748398      10.36302729397642     0.9152349884761685      1.784367533539698      810.7791504693949
                   1000      13.71389217901646     -16.07712666915455     0.8202076815462236      1.807534855127184      732.5847127174806
                   1000       15.2006996509588     -7.103824258950585     0.8630556217246256       1.71083127684004      354.4255183594123
                   1000      14.38828158774797      10.84853324878126        0.8852978616411       1.71403414745128      3.227052428018327
                   1000      15.48885077822978      17.20190706423248     0.8524870321146367      1.751010955375583      19.80849713941839
                   1000      7.892686852158753      1.423238778226239     0.8232428808010632      1.730478608997486   0.008566755646811742
                   1000      11.90432417880271      4.694944699030061     0.8595483133996527      1.742557827343202   0.009263374050933087
                   1000      14.55366272676716      16.23337955119419     0.8513228004028401      1.620626780537775      12.15202169938583
                   1000      12.67351609650308       11.6614376648071     0.8525669062801238      1.610323591555502     0.4847160131006055
                   1000      8.553769327989187     -10.97958443270965     0.8343691179392907      1.622201697959585    0.01177343391095277
                   1000     -4.471908569335938      11.21397590637207     0.8680879544783333      1.750258125619206  3.677464006742319e-05
                   1000     -15.88401583843196     -11.44526680378456     0.8117581535133156      1.609220518509869    0.01340877047001591
                   1000     -13.68732962804712     -13.25894642045414     0.7950629450353563      1.689499755622496   0.004169334539578505
                   1000     -14.64968506184052     -11.73275568880689     0.8584404421923844      1.734228326806913    0.01627588190692962
                   1000     -14.07904282527363    -0.5670039702496618      0.860642429505317      1.878686498405192    0.05670084550111914
                   1000     -14.65320062660736     -20.71341965744277      0.896200801853013      1.817279639981819    0.03117242044320599
                   1000     -15.92836521546749     -8.053083308038001     0.8761663556014175      1.763949602076913    0.04051013589459714
                   1000     -14.72066528593317      21.64010423286206     0.8786241495184963      1.730781615287466      255.6880531439836
                   1000      -12.5185022354126      -9.35906982421875     0.8779034200753304      1.704537455893582  0.0002086702821804119
                   1000     -12.95544740123821     -3.157389324439893     0.8848286038079145      1.631937128968475   0.003018395703833716
                   1000     -15.50984694012902      15.57034773459523     0.8312198861995818      1.754436487882204      27.01421470529542
                   1000     -15.98767894883897     -2.225773954043507     0.7841997485672988      1.737260783220447    0.04750776959577985
                   1000      -13.6636650790939     -16.80527299775987     0.8487114981545164      1.727131702542648   0.009464732824533134
                   1000     -10.96048220652195       14.5544488945553     0.8315327048884669      1.655998549171654   0.002019239933958146
                   1000     -4.066594123840332      9.290124893188477     0.8296690710228167      1.726010671963792  4.703657161673337e-05
                   1000     -15.04282338890133     0.8814139543382106     0.8471861288641667      1.770832776598757     0.1046064798808652
                   1000     -15.61356366371718     -18.17169743652558     0.8092738595780499      1.829661163684915     0.0234883576301107
                   1000     -16.57767486572266     -0.401914119720459     0.8062348559703395      1.729280874454674    0.02684175892644744
                   1000     -14.50952053070068      15.62030220031738     0.8045897301639896      1.727992891065661      6.379690498801163
                   1000     -15.10353371047005      10.54101738638737     0.7971140927305223      1.643814489662031     0.8595434911299435
                   1000      -12.5955638885498     -11.56005382537842     0.7937383687421854      1.719449228349888  0.0004225398751938377
                   1000     -11.11283111572266     -14.45386123657227     0.7915781496046825      1.715920082870847  5.746109559387242e-05
                   1000     -13.02608163486323      -6.05063068126195     0.8345416555046716      1.658392823245569    0.01079067651778438
                   1000     -13.47971093886907      8.697972402185895     0.8331134986647698      1.737512740912379     0.1426863651031316
                   1000     -16.55037879943848      2.426708221435547     0.7787756636443596       1.72698778372919    0.07703209860166416
                   1000     -11.81750106811523     -20.99935531616211     0.7696223636667278      1.721963423629847  0.0002427941058855637
                   1000     -14.42106250417297      8.765267341603408     0.8338929353558534      1.656495244676888     0.3286530095864781
                   1000     -14.27672564573747      13.02260176605988     0.8464716564373224      1.643525998281171       3.41515242946258
                   1000     -12.68791007995605     -14.70356941223145     0.7515411031896417       1.72290345287489  0.0009153983073518618
                   1000     -14.81145825352931     -15.10786773287042     0.8121069381393932      1.740209170832373    0.01757002565115701
                   1000     -3.581708908081055      13.70683479309082     0.7417484720022536      1.719388435686378  4.831028801866806e-05
                   1000     -10.25395494793214      12.36416308354098     0.8453471782475673      1.685421483555887  0.0007048504266557766
                   1000      8.725769988936829     0.7555953444836401      0.818011043330431      1.729232823052018   0.001654558174019984
                   1000      7.973965094915509     -4.733251578343535      0.861430419318436      1.645933487021673    0.00297170598850396
                   1000        7.8898862784929     -7.824249788513944     0.8449180505358359      1.707907715987683   0.003076552257568694
                   1000      7.678029955431786     -1.265181460338025     0.8409576940668094      1.722607198179502   0.002550482307346751
                   1000       7.66785602429478      6.866219703042038     0.8154054275259417      1.539459204766945   0.007122406830929955
                   1000       16.9711605861987      4.555418140160523     0.8554468839139185      1.698570374314545      435.9834227617935
                   1000      13.31285375661193      8.693443901508626     0.8133402591621144      1.713701268657098     0.3248502320094202
                   1000      2.366009712219238      14.83489990234375     0.7987344388628201      1.700571558817824  4.146860900431858e-05
                   1000      16.97485220475896      13.25853977132547     0.8562044926326444      1.690129199290211      78.07064440059105
                   1000      7.731320550081137      9.146884491209441     0.8662131098216144      1.630655642252424   0.003710605879639011
                   1000      11.11324278878057      6.050451985202431     0.8087554629659958      1.614046531560169   0.009332626444921124
                   1000      8.204464451664327      13.23893571415176     0.7953075639036437      1.639518601643948   0.001037380405038227
                   1000      11.87912973439092      19.02321992114043     0.8514219079770486       1.55103147755885    0.03254270497897137
                   1000      7.226451700679248      15.85373986989142     0.8546194433930561      1.567521446621226  0.0002565879452882387
                   1000      12.43810272216797      21.18499755859375     0.7772037550057296      1.659365112895446   0.001975743179616578
                   1000      10.76901826876337      -16.9312119836805     0.8014426190498504      1.574702522711413        6.9293950134166
                   1000      4.414349555969238     -12.59440135955811     0.7638720518005248      1.642797981692554  4.615718553786801e-05
                   1000      11.62107442656467      10.23057667798602     0.7806761331566415      1.705062420306119    0.05854438852950927
                   1000      9.720145527533351      11.03168794699138     0.8111720765488861      1.725479861029697    0.01788448329757873
                   1000      9.485947608947754     -1.849531650543213     0.7610483551377933      1.638666529267351  0.0001130968730948629
                   1000      3.695956194685623      13.64969560178741     0.8000561810583877      1.566801893085644  0.0001133495051562106
                   1000      -13.5913782119751      17.67337226867676     0.7698716370883795      1.635952683396518      3.045870030045098
                   1000      6.268992307439288      15.89149791610077     0.7951719873099655      1.769088006701946  0.0001837361948517575
                   1000      7.174896517588879     -10.03668367295252     0.8136322976401458      1.514481749247663  0.0003862829700411915
                   1000      13.91673385208152     -13.45042784792484      0.822473912011138      1.613358095517091      448.0369923855963
                   1000      10.64558601379395      18.24488830566406     0.7879560961024303      1.638060297164241   0.001751811548897584
                   1000       9.33758766408808      -8.79849782955816     0.8250241321985503      1.577697305587328   0.002407311544840378
                   1000      13.53492259979248       21.5733699798584     0.7826672372669642      1.630325853439014    0.01875371725395522
                   1000       9.07638418980083      4.882632202279037     0.8024279192202058      1.717202652236219    0.01034796708290148
                   1000      6.566032749141108     -18.13951753663902      0.794548093555789      1.580286692478064   0.001242721150345672
                   1000      12.80785684986168     -16.13355472848852     0.7999282256393613      1.653274826596971      77.40509651917985
                   1000     -2.672678232192993      8.659677505493164     0.7768098418713739      1.618892168417533  4.818119768455194e-05
                   1000      14.37921810150146      13.55252742767334     0.7761311493674315      1.614798050481863       2.23564234906544
                   1000      8.620684468208935      10.52806211812551     0.7850543584910664      1.552700818393614    0.00394266119840632
                   1000      4.395313262939453     -14.30705451965332     0.7711645439398446      1.604876577947768  5.247335054389547e-05
                   1000      7.274292082796714     -3.575962999840154     0.8124090362523442      1.526330821950666  0.0006704480219016099
                   1000      15.52857780456543      2.897531032562256     0.7697469473572091      1.604374395915086       11.1294592576608
                   1000      6.840631484985352     -5.698451995849609     0.7637038990246513      1.598997042377391  0.0001582046584492082
                   1000       16.4594735831882      17.39280700006004     0.7826351161773464      1.589164186784244      15.64435642471084
                   1000     -7.010481154395429      11.34044952253237     0.8803956360223104      1.648513900323826  0.0001558198538231525
                   1000     -9.649280548095703      7.453342437744141     0.7640876183208639      1.595268611077325  4.636746641332552e-05
                   1000      13.18067329292174      19.03501323251645     0.8106802132742212      1.637125153011171     0.2133840552270143
                   1000      3.024567365646362       6.77529239654541     0.8127953344707033      1.588603384984249  4.714680149873655e-05
                   1000      4.317386150360107      7.230836868286133      0.812051244492475       1.58667237071632  4.645885249388251e-05
                   1000      8.649605751037598      16.98265266418457     0.8119885522481999      1.585838520590246  0.0001208572554549291
                   1000     -12.68391704559326    -0.9340448379516602     0.8193023047935853      1.581175901525065   0.002728008952156355
                   1000      10.70206928253174      15.54599761962891     0.8205847932024416      1.578465398245512   0.007412255949527636
                   1000      8.897208213806152     -12.46826362609863     0.8169902029854055      1.572180174135583   0.006501869964263302
                   1000      10.11678788429915     -22.56004321094233     0.8215160937296708      1.539723547399956     0.5259742162624779
                   1000      4.325828075408936      18.23640441894531     0.8202901442037159      1.569206108162396  4.422779680666088e-05
                   1000      4.844785032474307      13.51766488314775     0.8206143334220163      1.566794538838817  0.0001071854335849502
                   1000      2.026743412017822      9.009685516357422     0.8157403699678198      1.556712873256838  5.595220403523047e-05
                   1000      15.93243820513834      8.038514361094878     0.8238348442639846       1.49174576902012      79.80379409089267
                   1000       10.0345516204834     -13.03676700592041     0.8032105165227896      1.537816730567685    0.03451931235972938
                   1000      16.89632067508584        2.7348523222894     0.8380361243043392      1.519605257425584      102.9224179727516
                   1000      6.875208854675293      2.454395294189453     0.7899025454288401      1.527664902026493  0.0004664496503747832
                   1000      2.078049659729004      -16.5099048614502      0.788898857774445      1.526257645251557  4.689009537772997e-05
                   1000      11.38827896118164      20.59902954101562     0.7869429752224086       1.52517763172008   0.001959806338526514
                   1000      9.598566055297852     -10.77016925811768     0.7865220740430834      1.525141719466532   0.002741862027011637
                   1000      13.34184741973877      13.06681060791016     0.7800322785546787      1.517301239493369     0.3801860434747897
                   1000      12.44188072694926      17.41970418376464     0.7981354204411486      1.607163778846655     0.1231780780649662
                   1000      13.89767646789551      17.84425926208496     0.7781448228692891      1.515588899718017     0.7207670924253908
                   1000      14.31717300415039     -3.638076305389404      0.767849140964736      1.508277952786459      6.185508903356431
                   1000      15.77790927886963      10.71505546569824     0.7664837734362805      1.507732952461891      22.04917843676838
                   1000      17.11981201171875      16.39581108093262     0.7658965693358675      1.507399137797139      5.786883147461757
                   1000      11.88583469390869     -18.39715766906738      0.762210320514273      1.500371543845048      30.46393051671444
                   1000      9.943048477172852      20.18031311035156      0.759184574910053       1.49874591066083  0.0002548511305699307
                   1000       4.92675881649291     -16.33070121194875     0.7856763636331348      1.518488719228637  0.0001323664576121789
                   1000      11.07131638237366       8.56368701203434     0.8414557615013297       1.55359190786238    0.04686744959490329
                   1000      15.23738384246826      12.17783546447754     0.7497320882198942      1.481449867140277      7.774122151240129
                   1000      16.10544395446777     -5.660691261291504     0.7492386594276632      1.480633805169683      16.37962549602987
                   1000      16.70314598083496      6.618947982788086     0.7486155864863508      1.479018445656091      88.91708996356162
                   1000      4.767316341400146      10.39251518249512     0.7453471991305803      1.475870206398853    5.4789001492157e-05
                   1000      6.298502445220947     0.2029473781585693     0.7451027029114253      1.475501422321007  0.0001962339309438613
                   1000      8.412972450256348     -21.73880767822266     0.7428802208322153      1.474482512436314    0.00966986645304678
                   1000     -15.33369345332753      13.56317810583671     0.7834590572836799      1.509230446237865      2.840966335015005
                   1000     -15.43423784497269      11.94851448878615      0.812862613482023      1.520554965089095     0.7639572473606466
                   1000      -16.3608034597632      12.78806227360329     0.8167969666225221      1.516003914831464     0.9498415432627758
                   1000     -6.185213565826416       3.13697361946106      0.770767418344126      1.475642057437237  4.911712612193454e-05
                   1000     -5.673326015472412      7.691019058227539     0.7712660535062564      1.478537059543118  5.060853374094561e-05
                   1000     -10.33434867858887     -17.11610221862793     0.7708888792914207      1.478537988524937  5.178920283285189e-05
                   1000     -13.95149496068996     -6.871419898338746     0.8233083004462908      1.536736942136672    0.01586544418987357
                   1000     -14.35875578696144      3.474069372663289     0.8142702969484696      1.492073980799454    0.03700944222147508
                   1000     -9.431014060974121      10.53318500518799     0.7650865113317808      1.480070460255295  8.888640228193196e-05
                   1000     -2.471613883972168        15.278489112854     0.7649265362134823      1.479884108197963  5.094822363776221e-05
                   1000     -13.93426895141602      11.06531810760498     0.7647028461782523      1.479996858090597      0.192032712646281
                   1000     -16.38567352294922      15.78375625610352      0.763847114833996      1.480470472782947      5.463894005084383
                   1000     -12.30700492858887      5.649229049682617     0.7630854366099878      1.481514901390837   0.002298600170087418
                   1000      12.46122932434082      6.932064533233643     0.7604807946877097      1.484185806524177    0.01579462797817223
                   1000    -0.5258362293243408      9.167709350585938     0.7699726081709064      1.483775171475922   5.28360762500932e-05
                   1000      13.19305076345624      6.167556332163784     0.7856348057367338       1.57126271162534    0.07676758828151117
                   1000      5.784541606903076      10.67218589782715     0.7873222588824191      1.476720896651258  7.363706107560821e-05
                   1000      3.792703151702881     -17.05143928527832     0.7864900505614291      1.476160966924336  5.681100238497392e-05
                   1000       9.95695209089701     -18.32202066454345     0.7885817183764635      1.607655969522436     0.5584800012460585
                   1000       2.13927173614502      -4.43547248840332     0.7849379427333926       1.47648444519463  4.865204158546754e-05
                   1000       15.3561954498291     0.7998542785644531     0.7841052505162938      1.475216393019651      15.51489036410336
                   1000      9.919805449189974      -20.6427840574029      0.787868236074236      1.529345715554343     0.5541266368784595
                   1000      13.41523265838623      16.23974990844727     0.7802998583997045      1.475182414124341     0.4928249840024465
                   1000     -9.299751281738281      18.17485427856445     0.7803350579095091      1.476089225686951  5.231108577654626e-05
                   1000     -16.71136474609375     -3.472312450408936     0.7951216498908852      1.475118385727489   0.004023389191269378
                   1000     -13.57247976934972     -19.13810799477115     0.8480426819149008      1.485380981763934   0.003041629892024906
                   1000     -14.83960342407227      19.72487831115723     0.8021682179054551      1.472184843844976      19.45538442829016
                   1000     -11.67105960845947     -11.03927612304688     0.8022450818554236      1.474169973776019  0.0001551201742632781
                   1000      16.05713653564453     -1.499270439147949     0.8132442889149794       1.46944954771443      20.38053748985708
                   1000          5.31982421875     -2.095673084259033     0.8095915922150299      1.461349480805176  6.042111883337507e-05
                   1000    -0.5974040031433105      16.14872360229492     0.8094028730525976       1.46162424949055  4.752570471316178e-05
                   1000      9.358125686645508      2.995527029037476      0.807316854629726      1.460030447164193   0.001306764584505709
                   1000      5.567400455474854     -8.760136604309082     0.8066260017654214      1.459192605609329  6.135707172357492e-05
                   1000      3.116886138916016     -4.910605907440186     0.8055304911408787      1.459473996477271  5.145331780128624e-05
                   1000      1.852777719497681     -10.02547359466553     0.8047051535085417      1.458515506466404   4.83346712706966e-05
                   1000     -10.02493190765381     -23.81856918334961     0.8130235733784931       1.45802235525947  4.772973309866705e-05
                   1000     -13.31000328063965       1.81972074508667     0.8169745009948779      1.459668517859239   0.005104053578459708
                   1000     -13.31848621368408      4.895585060119629     0.8180863295866377      1.460365041928965   0.008618306976546756
                   1000      9.062419891357422      19.39349746704102     0.8184682318147747      1.460129402662583  0.0001250738179314223
                   1000      5.434006690979004     -23.29621505737305     0.8196719919667195       1.46090143920424  4.722691762136581e-05
                   1000      9.699074745178223     -7.127796173095703     0.8184644281180907      1.458509068674379  0.0003119681835408853
                   1000      14.47010231018066      8.137067794799805     0.8151620472270262      1.452519335620479       2.13395819474219
                   1000     -14.58251094818115      18.00057220458984     0.8282698046096932      1.448522106812156      9.886069562039612
                   1000     -17.17862510681152     -15.88045978546143     0.8305479421932436      1.448461772339105    0.00104243327861278
                   1000     -14.89065551757812     -1.762731075286865     0.8355208592443366      1.448189309302782   0.009359089988120422
                   1000     -13.85447216033936     -3.839295864105225     0.8367136889944689      1.447163957941662   0.003928944196743403
                   1000     -16.08005523681641      -5.66683292388916     0.8365588262586098      1.446423644701856   0.005114635856427086
                   1000      6.193637847900391      8.475166320800781     0.8374906861443719      1.449419204566591  0.0002920109021691923
