#! FIELDS time deep0.node-0 deep0.node-1 sigma_deep0.node-0 sigma_deep0.node-1 height
#! SET action OPES_METAD_state
#! SET biasfactor       16.03631500507211
#! SET epsilon   3.735419329000485e-08
#! SET kernel_cutoff       5.848558909940468
#! SET compression_threshold                       1
#! SET zed      0.4731375080085371
#! SET sum_weights       1193.341820483241
#! SET sum_weights2       6863.547883552361
#! SET counter  992
#! SET adaptive_counter  500000
#! SET sigma0_deep0.node-0      0.6849318475273788
#! SET av_cv_deep0.node-0     -0.1749746628820695
#! SET av_M2_deep0.node-0       124709.7282715178
#! SET sigma0_deep0.node-1      0.2100751308281279
#! SET av_cv_deep0.node-1     -0.1086415725414956
#! SET av_M2_deep0.node-1       69876.92954737419
                   2000    -0.7331208483102347    -0.3550416201165592    0.09241108361666522    0.04980980895090282      6847.506523031447
                   2000    -0.1583429919483998     0.2457165912951677    0.08397666782216602    0.05502469562118698      641.8271498206648
                   2000    -0.1345307823205356     0.5428422851760832     0.1086891307802469    0.05280735888587987      81.18246085769832
                   2000     0.5869848291875794   -0.06371501379567525    0.09610327089697708    0.05185615842523719      1083.133561184178
                   2000     0.7433566156998399    -0.2981798178022083     0.0877223149673409    0.04865740097869817      6812.753580229703
                   2000     0.5258913236638891      0.141057136988217    0.09892156491102384    0.05255573908519996      57.27822998798693
                   2000    -0.3143881857395172      1.132813572883606     0.3606157941903334     0.1288066564646846  0.0002890606973646727
                   2000   -0.01206955242652369     0.3631922450273719      0.108770459968498    0.05957404608380528      432.7804997259859
                   2000     0.2824680830013689     0.4537009282347665     0.1241888308570625    0.05428389154203893      29.49237188991073
                   2000      0.629425820778393    -0.2304917367837853    0.08819351824735258    0.04947514975000456      5513.276531708426
                   2000     -0.714973272337627    -0.4492805102976709    0.07117049604627029    0.05126852897794652      4963.352653227332
                   2000    -0.5048666414544974    -0.1034395714899806    0.07507022400476293    0.04989094107248937      608.0947745990212
                   2000    -0.5087193360754372    0.05222487453877728    0.07707079530389063    0.05153928292320412      222.0446252063086
                   2000    -0.1978972462791473    -0.4802451208350405    0.09245209848257495    0.05409059022516227      57.36563128288036
                   2000    -0.3972962313654092    -0.3477009440595819    0.07958872275514474    0.04561445113012303      853.7494602285021
                   2000    -0.3022526333718819   -0.01222906703798978     0.1036352589824035    0.05051001623695774       64.5083883237148
                   2000    -0.4697185181271766       -0.2212779884201    0.09461781368785351    0.05520721055653567       806.893800897134
                   2000    -0.1577421058360932   -0.06481568475527436    0.08138239473228519     0.0471860120642109      209.8092597038246
                   2000   -0.08130440827484861     0.7513198345030241     0.1368966785513504     0.0652705056396574      1.019135317362477
                   2000    -0.3978830838457897     0.6740705379479713      0.130152791275071    0.06489959479526659      2.790940445159278
                   2000    -0.3347852283506738    -0.1616340385091706    0.09329600173789131    0.05022073661650717      260.2172353715858
                   2000     0.7918916151078118    -0.4026565885662095      0.095783463185526    0.04783289992101115      765.1257390799697
                   2000      0.755733404010725    -0.7435859220473019    0.07520523814542455    0.04555329041197023    0.08683298179794384
                   2000     0.7651236869426417     0.1649995451839731    0.09505109237249282    0.04700226984882365      1.957384402247818
                   2000     0.5993460889017437    -0.3996368032400752    0.08290210900120747    0.04644633341674712      513.7621975343294
                   2000     0.6512957834462589    -0.6685036795214345    0.08399765246811897    0.04786370295443217      0.990278967719286
                   2000     0.6776205438285038    -0.5613518769355317    0.07780243868605259    0.05341354106338049      11.58061438071012
                   2000     0.8872745897330379    -0.4943501579774176    0.08913909779857765     0.0481364955054896      43.41851076220742
                   2000    0.07922920719488764     0.1888702958130296    0.07545999538268017    0.04600851611330777      331.2829640473863
                   2000    0.05070127764385223     0.5420416066901721    0.08614819993808114    0.04842036154881714      75.58216571943996
                   2000     0.7424972531406435    0.07008009839771773     0.0781696893624826    0.04533028047680081      14.44339431480563
                   2000      0.551105326489144    -0.6284696992465787    0.08080149666692786     0.0489638606681447      3.040410119969833
                   2000     0.2382150165254648     0.2788269696002976    0.09204365294059763    0.05081129048851205      66.34018862481376
                   2000     0.4641352730495349   0.001554064754781042    0.07138411350148519    0.04511593885361131      491.8325619905513
                   2000    -0.3328495966619682     0.2498053167648232    0.07603305492046354    0.04438917526292869      77.31253911911395
                   2000    -0.7895675790783094     0.1013170211960717    0.07268084347202748    0.04594820167558578      13.87913181255162
                   2000    -0.3000400357532151    -0.5869446306050915    0.08085730384157022    0.05101633783639198      13.73210249917147
                   2000    -0.6295041242849712   -0.03265534858126441    0.06583361592586157    0.04323286777379532      202.9948104977682
                   2000    -0.6138596812760694     0.3486132267640971    0.09778145991459275    0.04808566971322637     0.9504528922789767
                   2000    -0.4436899912755287    -0.5357276373623858    0.07038855247717977    0.04345514732456383       70.1492490763567
                   2000    -0.8653081255780209    -0.1224600996469861     0.0692261192494118    0.04864732331204969      159.7900673668094
                   2000    -0.1177255694133978    -0.7806272025523147    0.08431335703075876    0.04891268274908028     0.1400437993600747
                   2000    -0.5799174030891993    -0.5323885311475655    0.07991025377493137     0.0462235577673412      118.5918365448333
                   2000    -0.1336579594152341    -0.2130674824224074     0.0694715478404679    0.04617255848651197      141.5103836446447
                   2000    -0.8174604774317886    -0.4084238053770716    0.07016173662767258    0.05019659579085498      2675.920486765636
                   2000    -0.8287861192125106    -0.2215257855222849     0.0739509571244705    0.04713918603046131      1162.811409196429
                   2000    -0.6548085874953805     0.1184807002463657    0.06875748253256976    0.04983948218186126      14.38775937345461
                   2000    -0.3037290690154356     0.4448392367842413    0.09914547310973515     0.0518046676710331      29.72815582423715
                   2000    0.05641545714463874    0.01131462934224193     0.0894690161558524     0.0503578542380194      38.57099009109616
                   2000    -0.1808875288907783      0.155696535204066    0.07515369146591427    0.04692765930675088      465.3306879457671
                   2000     0.2641672561380253    -0.1369396013243468    0.07455470854777448    0.04788185208335982      49.52022345387485
                   2000     0.4506321022234986     -0.133582014044873    0.07635214533734823    0.04773706510060925      441.1484205487679
                   2000    -0.2954229414463043     0.9905692338943481    0.09757526274162413    0.04987491692299865   0.001150924432367552
                   2000    -0.5314996997905195     0.1712801955470774    0.08363086333903857    0.04542491608106462      26.67561259618812
                   2000    -0.5428154179771344    -0.3013874405044729    0.08043131837802943     0.0476930430729836      305.3814403734024
                   2000    -0.7357016474989586    -0.5761475849014751    0.07140270496824851     0.0433666919899847       515.855099782535
                   2000     -1.023463368415833    -0.1947014480829239    0.09457709710784359    0.04895543348812124      3.644735600052249
                   2000    -0.1733832362192205     0.4474278569215347      0.079282214430134     0.0500777614292035      52.75523013381027
                   2000    -0.0937115181595146     0.1032756782389411    0.06898509541496792    0.04631562377175272      122.4570203239299
                   2000    -0.5042735738745373    -0.4879879897876688    0.07069252603378275    0.04494988085423312      392.3652628776945
                   2000      0.579887421714211    0.04932242458332509    0.07784691116513469    0.04592392452399224      68.97269533228243
                   2000     0.3526702421003802    -0.5108309559389926    0.07780743257365963    0.04413651732812469      24.50730717575923
                   2000    -0.1124619171023369      1.008794069290161     0.0908053197428192    0.04797510388146544    0.00110836700654182
                   2000     0.4622195581710103    -0.7555377971421312    0.07812414040947191    0.04638088165576067     0.4382698925971852
                   2000     -0.734348167808224     -0.684029397711411    0.06282344815331195     0.0468596069161446      24.68041183978877
                   2000    -0.6347748604673211     0.2140948874772871    0.08901728701806468    0.04855013224598843      7.163757618782673
                   2000     0.2141689963937665    0.02889833486217338    0.08738852511746588    0.04988697190787096      25.96486997209184
                   2000    -0.5836955308914185     0.6333796977996826    0.08943142012158754    0.04785123748270831     0.4155249715772804
                   2000    0.07861642728610058    -0.2343556512588107    0.08058164973632008    0.04973708381768829      8.349407573304568
                   2000     0.4478586643103437    -0.2969589980414435    0.06176320141213706    0.04669109135684362      323.6884730138568
                   2000     0.7127285597035253    -0.1606560362915017    0.06017869419322153     0.0441353868807161      407.1344769562284
                   2000      0.901671826839447    -0.1980385184288025    0.08795712445780159    0.04709317607251177      65.77466877291825
                   2000    -0.2021712605429499     0.6493132502150529    0.06997773354782691    0.04388652013636801      4.421740166545781
                   2000    -0.3423886055505317     0.3212295645034395    0.06612654194262306    0.04626960890449183      53.90755682636065
                   2000      0.278013088358028     0.3616065263658396    0.07030849755670396    0.04461537729008354      45.31271216353063
                   2000    -0.6898678912906533     0.2795768850847845     0.0630310872787353    0.04068094916748342      1.053606110094894
                   2000    -0.4984624721092664   -0.03348415434746899    0.06710811264244004    0.04473346642451711       220.878189367431
                   2000    -0.6675280863174227    -0.2298242407107312     0.0654411238369209    0.04305804933683975      358.9196879523371
                   2000    -0.5341608969531577    -0.3972362418849392    0.06989479917511203    0.04660162780856478      2650.029796157229
                   2000     0.2594715848064498      0.123177509040408    0.07275978191829421    0.04696094355481754      42.45246340553001
                   2000     0.4456381318174871    -0.3694546369285079    0.06900781587431476    0.04567000764127178      389.4460709560458
                   2000    -0.7372865370100832     0.1863844081517913    0.07027086495894289     0.0501892378718142      11.32010230534189
                   2000     0.4574628472328186    0.06029332056641579    0.07999911008085424    0.04462714837836743      11.70631507382931
                   2000    -0.5322580688921313     0.5400706599081531    0.07362795713175896     0.0430796234763465      2.180570010411458
                   2000    -0.3634478491054004    -0.3058452945600253    0.06569975216690956    0.04343391152004735      190.2661918441084
                   2000     0.2319319799013618   -0.04107514636328937    0.06294124859028584    0.04162481499052995      21.53034932268123
                   2000     0.8106080070903251    -0.1606692519066917    0.06779018445510028    0.04229588734951165      331.2688140003447
                   2000     0.3982791769005988     0.2842007366505482    0.07320587411058785    0.04440939326167342      11.84320667352758
                   2000     0.8090095924211643   -0.08086366646928513    0.06928362209978416    0.04370173855909054       98.6253443554947
                   2000    -0.1451148092746735      -0.83195561170578    0.07763136757049588    0.04418102905332821   0.008251544232632449
                   2000     -0.193722739815712     -1.131061196327209    0.07752025223992216    0.04439758741267694  4.536953603011141e-06
                   2000    0.08072909982247313    -0.7847714875643904    0.06686446110105977     0.0435271852528293      0.229232220066042
                   2000   -0.09291990550893475    -0.8906581650523961    0.07050025769542688    0.04475020766016259   0.008365752176714049
                   2000     0.2436991959481178    -0.3329905107668369    0.06445695229873441    0.05033822180702326      38.24682440889796
                   2000    0.08296046645742654    -0.8591768564872114    0.06268848643027418    0.05123517381827905     0.1246628182006065
                   2000      0.200800526889877     -0.929940916491798    0.06455471019339107    0.04840808213710055    0.03695777027726055
                   2000     0.3267601042769974     -1.033892105148188    0.06373317698872746     0.0452564535512939   0.003029964425040864
                   2000   0.007356280516622064    -0.9579760484505319    0.07549866697773631    0.04503132671375942  0.0008631559859114629
                   2000     0.3100544588869322    -0.5734771126381852    0.07292172323433278    0.04631185100655115      2.069267257308488
                   2000     0.5039870738983154    -0.9430970549583435    0.07644107375636414    0.04491977815203653  3.572900903138574e-05
                   2000    0.01420888664595602    -0.6709168127587649    0.07071043857737276    0.04693342445752058       1.89261957712154
                   2000    -0.1087309268679483     -1.000659658733434      0.080986060794314    0.04529479050509886   0.000337640438101808
                   2000     0.3371282617739701    -0.2811439794268348    0.06957724951129086    0.04690584247483748      55.19555171140082
                   2000     0.1609021715723129    -0.5384888223638274     0.0736740865531571    0.04547405073799154      1.971520791120683
                   2000     0.3691390969898059    0.08004469634534478    0.06467398182261759    0.04390978648866849      49.85655246066757
                   2000     0.1765180576661037    -0.1040769611866285    0.06565435247157139    0.04341045785281385      8.629353052460282
                   2000    0.02697527591877405     0.5940104821696832    0.07058460449415446    0.04450248198022343      16.53157449949593
                   2000    -0.4205432186558701     0.3787445593640746    0.07011141393722001    0.04469116286821428      14.25547394967671
                   2000     0.1000657167437037     0.4134174085528174    0.06962051264870035    0.04478822890747797      170.2890338293371
                   2000     0.6937623903342475     0.2117069244623133    0.06515380516434675    0.04285206958882924       3.31992729222424
                   2000   -0.07992812030148819    -0.3210798552975428     0.0602597100115388    0.04268631479680787      26.44864419156288
                   2000    -0.2173068711585729     -0.262063997496362    0.06903604377880987    0.04388365298265562       87.7438868865579
                   2000     0.2932272220661428   -0.02741806031916627    0.06021514208746805    0.04415826948071046      117.1636621236685
                   2000    -0.4300900092856322    -0.6460689726906103    0.06390637350345658    0.04667255432335259      14.34095848681937
                   2000    0.04870782687636348     0.1181147396524006    0.07171852787985544    0.04325667552189543        37.922732092251
                   2000    0.09299641102552414     0.7213151454925537    0.07194374185259182    0.04467046254902442     0.2078225296091923
                   2000    -0.3635051846504211     0.7947403788566589    0.07128534563799406    0.04446308012917259     0.2415821720154173
                   2000    -0.5324438214302063     0.9920524954795837    0.07121266768904841    0.04444793344245192  0.0002132728801552971
                   2000     0.3180553615093231     -1.375277519226074    0.07081023770115323     0.0448589948216112  4.915789708072368e-06
                   2000     0.3703495647624399    -0.8037853141981072    0.06614492534148478    0.04434145206168821    0.04840669363083758
                   2000    -0.0230668164419534    -0.8070362164141033    0.05916079192781322    0.04201070362279791    0.06570575855637673
                   2000     0.4714296758174896    -0.8798759579658508    0.07039896658256015    0.04538453636746917   0.001787554661820588
                   2000    0.06602169848972417     -1.064215912558216    0.05631619257705538    0.04139753695502153  0.0003612120643441202
                   2000     0.1602407002205103    -0.6638971278204003    0.07042838657251754    0.04832373011619794     0.5915896107787311
                   2000     0.2883083901640005    -0.7396594937746066    0.06991491919905196    0.04815046893075393    0.04576765277193542
                   2000     0.2736155953325777    -0.9085842850098093    0.05852013845239326    0.04328957206718298    0.02773424667226153
                   2000    0.04165304588925475    -0.3901257578572295    0.06685739066228004    0.04619735046036386      6.514942675055034
                   2000   -0.09243843722232861     -0.674399845068488    0.06662850947695372    0.04910272697083629       2.69975807038858
                   2000     0.2927372847203311     -1.143769528784321    0.06489845239040093    0.04427658833877793  2.936651023657292e-05
                   2000     0.3901036161245727     -1.210576994792638    0.06474583497186462    0.04709194420091221  3.780382133561037e-05
                   2000     0.1060954849271811    -0.9853710679033897    0.06372547273268298    0.04508294337303932    0.00303234928740335
                   2000     0.2291016936153231     -0.832350260078622    0.06800507545466289    0.04604989515963766    0.03223243320696903
                   2000    0.02248412975917143    -0.3205572392108159    0.06859013280465227    0.04796694610150965      8.179907108036089
                   2000     0.4387184925829938    -0.5557356843406568    0.06737246268188067    0.04671522716411255      5.558230361660645
                   2000    -0.1754531711339951    -0.9530856609344482    0.06873864493747871    0.04512325451595837  0.0005022166441444631
                   2000     0.2255398482084274     -1.169120788574219    0.06866709203417029    0.04510410962033543  8.675641017401159e-06
                   2000    -0.1224187676393445     -1.078680913136684    0.06623589841095076    0.04714232426525887  0.0005186553489070865
                   2000     0.3981969424826242     -1.278640232804045    0.06964120685113195    0.04729257531378998  1.855002909834241e-05
                   2000     0.4628377628676771     -1.071962084935492      0.056651039055522    0.04160803275236512  0.0002105629522271518
                   2000     0.5347543358802795     -1.040409207344055    0.06765908864096994    0.04475737826234593  1.343186787363309e-05
                   2000   -0.00659959112932363    -0.5199750584791907     0.0630886716100465    0.04578742970882686      3.876525866601548
                   2000    0.03938109269969024     -1.003615314126494    0.06006091528154365    0.04284403842933599   0.001910005428304113
                   2000     0.6157326698303223     -1.101097106933594    0.06720954407802493    0.04459688436893133  7.883176085142727e-06
                   2000     0.3824396182536463    -0.9735805249666269    0.06673887682492331    0.04360850461557381   0.002399240602152251
                   2000     0.2837105353522793    -0.2409037939329704    0.06112154700621932     0.0467163747926945      45.86653887211547
                   2000      0.461090505047739    -0.2011753492251245    0.06879936843607119    0.04280140888739657      254.1976194720918
                   2000    -0.1941724242170407     0.0224389143740405    0.06157946258981569    0.04394372720238855      37.30417943634197
                   2000    -0.8973417164964274    -0.3182218073411406    0.06311299966417984    0.04466677493869133      752.4511528388317
                   2000    -0.8312882246591045    0.01224641934780353    0.06410215664191588    0.04323310994013969      7.079894690983775
                   2000    -0.2104194505499851    -0.1578951523659057    0.06359058847495207    0.04384177482091694      76.12296379495514
                   2000    -0.3224504255341546    0.07580741103589288    0.06505384308995525    0.04461495901510194      21.72752614883588
                   2000    -0.7195833611934948    -0.1537985276629245    0.05952101948907473    0.04158118423800215      92.44180424963068
                   2000    0.09193301945924759     0.6057783365249634    0.06536157454494994    0.04396711480003866      5.944630639206247
                   2000    -0.2410298934456949     0.4982126636436795    0.06675315555614469    0.04467674420055233       42.1821095599889
                   2000     0.6894685011781666   0.002809286645592216    0.06145041224525752     0.0440008474790678       144.056542202449
                   2000    -0.8923031575248165    -0.4966471855547949    0.06022911734999212    0.04192681736910878      241.8455466495259
                   2000    -0.9071241021156311    0.06487377732992172    0.06449371709643927    0.04347510653955246      1.411098699170181
                   2000     0.1751673519611359     0.7339085340499878    0.06433265944210192    0.04345383007387465     0.1590855158067523
                   2000     0.1801222413778305    -0.4353693127632141    0.06424048387383437    0.04344171673951377       1.42152699935236
                   2000    -0.0376968259549885     -0.120418478161825    0.06341421650894845    0.04638445651595589      16.51585438267592
                   2000     0.5847530961036682    -0.9487409591674805    0.06433628735128519    0.04354415463529854  0.0001566838086713806
                   2000   -0.05774093911071703     -1.173442991385745     0.0700749345283799    0.04390602488123494  3.196770234513896e-05
                   2000     0.3805331587791443    -0.8813187479972839    0.06400995134612798    0.04396841749902602   0.007382522245431702
                   2000     0.1448669944219455     -1.320853571118655    0.06000599243104553     0.0428849051863559  1.510573781362814e-05
                   2000     0.1216686815023422     -1.192730069160461    0.06357105014236439    0.04400466796747677  9.412050307163343e-06
                   2000    -0.2998751103878021    -0.7573258280754089    0.06319259592561516    0.04389246563955353     0.1499378912598301
                   2000     0.2423183722298705    -0.5005249792625517    0.06035429602772449    0.04591364024377763      10.23061387937216
                   2000     0.5594935417175293    -0.7763803601264954    0.06270495096711724    0.04371738745944992     0.1186590871717527
                   2000   -0.06513588042863887       -1.2807804748663    0.06506157659772543    0.04563037403777366  2.042957635919524e-05
                   2000     0.4245632105807894    -0.7100245572274668    0.06320853017880723    0.04517324658400161     0.8240859686196711
                   2000     0.7745975255966187     -1.350783348083496    0.06230599122961313    0.04355650874439954  5.753818240237613e-06
                   2000     0.4020293354988098    -0.6469793319702148    0.06225427973492594    0.04353720457386281      0.732381540218051
                   2000      0.298699289560318    -0.8494397401809692    0.06207061243179661     0.0434576436813453    0.02540904126943692
                   2000     0.2780559360980988    -0.6410815715789795    0.06197075309469521    0.04342674854256966     0.5555112831204246
                   2000    0.08900809288024902    -0.6148850321769714    0.06192034647562333    0.04340881854774134     0.6258881851601927
                   2000     0.1523003096722584      -1.12752508313615    0.06524030998207243     0.0432968355862099  0.0001104950849564518
                   2000     0.2290078386215613     -1.005749772661284    0.05832969766074181    0.04195336573162635   0.007349631620821459
                   2000    0.02282965595128016    -0.5913103568379171    0.06351194159148819    0.04381585037110203      3.232065354602827
                   2000     0.3493264981561852    -0.4314365572463625    0.06100829017653944    0.04724865318734491      51.81087087826293
                   2000    -0.5082586695425092    -0.6922744270871948    0.05850807195972148    0.04301019390424093      4.299217449899361
                   2000    -0.6913958050930282   -0.07520691617354741     0.0561776137525291    0.04289318016694965      76.23164885446405
                   2000    0.06562145799398422      0.469118058681488    0.06137033343647081    0.04346715688834323      33.87109730145425
                   2000    -0.3057945077241874     0.1224669590427049    0.05991351848319719    0.04184948856919152      111.2550267560594
                   2000    -0.4631205797195435    -0.7794207334518433    0.06082967663595178    0.04350898743573942     0.1127042003455068
                   2000     -0.719883087065967    0.07065548605482545    0.05786620482974111     0.0436031968551267      14.33561631822998
                   2000    -0.1365627646446228    -0.3999986946582794     0.0606994291573956    0.04345008472470697      13.78154707736484
                   2000    -0.5958596853323694     -0.705770952288209    0.06118868433673472     0.0417206730079915      4.064290359360546
                   2000     0.8326203691261993     -0.237354680418902    0.06087384181769984    0.04450328202602725      1991.750069386399
                   2000    -0.2681717196492784     0.3779384535458772    0.05797334195376416    0.04527452859412524      37.85166407277766
                   2000     -0.599176200558033    -0.5920667127575096    0.05831773872874877     0.0431889052681118      68.08505279387373
                   2000    -0.6082881974460216      -0.12424251065528    0.05912258805795646     0.0407309896452871      122.5998802511686
                   2000    -0.5252611041069031     0.7010625600814819    0.06021806126716867    0.04298974323584733     0.6609402185534572
                   2000     0.5910810232162476    -0.4574121236801147    0.06015186839716827    0.04296723736690914      36.08290387166679
                   2000     0.4312222287450935     0.3446770447998576    0.06244780150040959     0.0429214713475583      9.707043647004786
                   2000     0.5489158630371094    -0.1894664913415909     0.0601154328774304    0.04285985564952356      364.1208685844992
                   2000     0.9886848330497742    0.04733660817146301    0.06007356438045165    0.04280723804493115     0.5780666159919701
                   2000     0.3014614366034179     0.6372663736622867    0.06074433001746467    0.04120020493112019     0.3064559923388867
                   2000     -0.850087583065033    -0.5787857174873352    0.05993384117930943    0.04263090026575461       62.4929627443554
                   2000    0.06774578243494034    -0.1154670268297195    0.05978545787359564    0.04261000722014899      3.893772188891407
                   2000     0.2117477208375931     0.5074272751808167    0.05965863548943386    0.04258373485194675      11.68035337297988
                   2000     0.2303071320056915     0.4011987745761871    0.05961561303953562    0.04242791528893144      28.32640685367966
                   2000    -0.3140273820927099    -0.4124446096275734    0.05657867157142071    0.04343754516060306      97.07652048318485
                   2000    -0.8148583173751831      0.517629861831665    0.05956293960194143    0.04239413984108421   0.001620145762349066
                   2000     0.1962978938780272     0.1970828372770987    0.05785912453907292    0.04119665641074842      47.21463755877275
                   2000      0.421157792849883     0.2282024948916352    0.06108627767730581    0.04160235667318712      12.13126632820068
                   2000    -0.1329513192176819     0.8392118215560913    0.05960345021893479    0.04240000157256222      0.127007510303457
                   2000    -0.6467543244361877     0.5714060068130493     0.0595326196326596    0.04238681667108078     0.1877015117756682
                   2000     0.8672279261298702    -0.3158026390188258    0.05920179316770266    0.04486675831048755      784.1769338161589
                   2000     0.7367918491363525    -0.4697338938713074    0.05931958662167667    0.04225394796454485      44.51630689908705
                   2000     0.2906004944726049     0.1689977065917408    0.05728701753377805    0.04318241457613068      50.07185460799198
                   2000      0.520297110080719    -0.2971848845481873    0.05918948018733486    0.04217441759595472       200.718175594081
                   2000     0.7603000456528068     -0.543817197848512    0.05988605814388416    0.04202871843613267      16.69544284868615
                   2000     0.6139687235830295    -0.1699596733157493    0.05941364600401312    0.04261219584969382      1396.362142189231
                   2000     0.5174480080604553    -0.4669398367404938    0.05888497853003623    0.04202952131561662      28.97569261313034
                   2000     0.6189459655819443    -0.3260973831912499    0.05987445923057141    0.04172061163568101      754.8675081150189
                   2000     0.1367944479179191    0.07265697462315676     0.0555438435312512    0.04217495770590904      32.33514426428152
                   2000     0.4716277122497559     -1.505088567733765    0.05786281222180464     0.0416745452820011  6.479033203904332e-06
                   2000     0.4784300029277802       -1.2922283411026    0.05777198174866094    0.04177244771170095  1.126336083058666e-05
                   2000     0.8433659076690674    -0.7529733777046204    0.05770865656923484    0.04179800176478975    0.03439132830220577
                   2000     0.2016973296446604    -0.2999782187681579    0.05907901484396016    0.04197534430872225      13.21867088787653
                   2000    -0.4360030442810042    -0.4400179953065727    0.05630595746674714    0.04053208513434658      249.7091810821102
                   2000     0.1939398646354675     0.6395894289016724    0.05742831064157745    0.04193572871792711      1.153118618900976
                   2000     0.9106703333492028    -0.4204330274889099     0.0607804048403498    0.04116173445917455      136.1019902602345
                   2000    -0.4354919195175171      0.903708815574646    0.05717303388026948    0.04190243629256696   0.007766245692290914
                   2000   -0.06580121070146561     0.2119188755750656    0.05715163604889471    0.04189866366169742      48.43837220883854
                   2000     0.1089967523789044     0.2534514786903992    0.05871725083947268    0.04180839140969194      57.73035334261787
                   2000      0.149960458278656      0.448341578245163    0.05682766098305687    0.04162879524172687      39.52823279095156
                   2000    -0.4037280485721871    -0.4037359473775714    0.05887982555626065    0.04106080605484579       269.121529717242
                   2000   -0.06321504712104797     0.6474112868309021    0.05621783432056024    0.04129660894654584      3.565231825412876
                   2000     0.5992046594619751    0.09411828964948654    0.05629219360489215    0.04125882316374253      13.16568829565188
                   2000     -0.428036242723465      0.168463870882988     0.0563117238857762    0.04122250354056389      7.366571326901557
                   2000    0.02072226814925671   -0.04665699228644371    0.05624282916148544    0.04123616319692238      8.628921171112191
                   2000     0.1216533482074738   -0.03723200410604477    0.05617919265014962    0.04121629475652937      7.499316825203845
                   2000     0.2986489534378052     0.2180550247430801    0.05606276697450777    0.04105895145408451       11.2562611436998
                   2000     0.7383848428726196    -0.6425932049751282    0.05603902694763777    0.04104495271581534     0.9299177699423916
                   2000     -0.453610341718977    -0.3109442455672394    0.05418513666185423    0.04026490794259143      364.5099778662382
                   2000    -0.8183178442213912   -0.05832226505980435    0.05501507955079469    0.04377533550927123      40.74516949054153
                   2000     0.3382241725921631     0.3311436772346497    0.05597696935151482     0.0409491684315539      11.66037207571853
                   2000     0.1227615922689438    -0.1827720403671265    0.05592550848415201    0.04090828663942154      2.455564737734015
                   2000     0.7612572312355042    -0.2386156320571899    0.05597986549857344    0.04091452775295133      802.6693948588594
                   2000    -0.1888612508773804    -0.7504738569259644    0.05586220995499834     0.0408921162466664     0.1332044221628231
                   2000    0.03184611722826958    -0.4735226035118103    0.05583200548924473     0.0409479785950551       1.62588458713371
                   2000    -0.2391570806503296    -0.9119429588317871    0.05570530829669928    0.04112362117949151   0.001200905343959424
                   2000     0.2847580909729004     -1.266992568969727    0.05545106320892507    0.04112726632793447  1.086273881925354e-05
                   2000    -0.1480453908443451    -0.5904974341392517    0.05538869379965091    0.04111402383535017      1.674967905136149
                   2000     0.1572215855121613     -1.036795616149902    0.05535933153044591    0.04110602520899439    0.00151183154801492
                   2000     0.4203777313232422     -1.113858938217163    0.05532912838632641    0.04109633403736747  9.482914488653336e-05
                   2000     0.2844227254390717     -1.204777598381042    0.05529865676779663    0.04108403504384905  2.164178269585338e-05
                   2000     0.1050731837749481   -0.08061801642179489     0.0551456382731533    0.04102870510377655      5.286824145128049
                   2000     0.1928106844425201    -0.7209954261779785    0.05508643680716636    0.04100601394272784     0.1082430169302444
                   2000    0.09572093188762665    -0.9265635013580322    0.05505704604935378    0.04099491460097167    0.01354587245482098
                   2000     0.2037273496389389    -0.7863781452178955    0.05496657863145905    0.04096505850753845    0.04117746716982545
                   2000     0.1121888309717178    -0.6992375254631042    0.05490815204999307    0.04094490575922372     0.3049324557458746
                   2000    -0.6160453789405966    -0.3950485317824566    0.05610368953569918    0.04116478140735753      1690.248504697449
                   2000   -0.01320756319910288    0.06520195305347443    0.05486287549068387     0.0410468662602179      13.03595865746205
                   2000   -0.03440249839180098    -0.4088022357917611    0.05730318931472475    0.04438476551917103      11.26431036970184
                   2000    -0.2459907556130444    -0.3171428678496854    0.05339302637037967    0.04107192387190575      72.49763586504929
                   2000    -0.3664370775222778     0.1904531568288803    0.05409929970533634    0.04097247166456748      16.63387768175487
                   2000     0.1391908973455429     0.5708710551261902    0.05404569766560233    0.04096609591713562      10.36642993961269
                   2000   -0.04039866849780083     0.5674664974212646    0.05391598482540363    0.04094035147251799      16.90907665238011
                   2000     0.6058201193809509    -0.2807373702526093    0.05385398175237276    0.04077125106025407      671.2476678155534
                   2000     0.7419617772102356   -0.02844089828431606    0.05378182084974276     0.0406954933950975      61.91056171022315
                   2000    -0.4682409763336182     0.5095081925392151    0.05356845759668902    0.04055341677042656      1.193878846387348
                   2000      0.813301146030426    -0.3420599699020386    0.05346842356939406    0.04051360537746204       486.414657513862
                   2000      0.402839720249176     -0.253088653087616    0.05343606995158208    0.04049165669400694      78.60324644037932
                   2000     0.6398897171020508      -0.12309280782938    0.05337314540200865     0.0404498523573987      261.9782607305659
                   2000      0.464641991609125   -0.08224001021457474    0.05506574627654826    0.04142912148121126      329.3621103056463
                   2000     0.1146891340613365     0.3039972186088562     0.0532217331380516    0.04035554834278787      32.25453652567679
                   2000     0.1806443333625793     0.1369745135307312     0.0531093522757195    0.03995732376469789      19.27548895589599
                   2000    0.06137979403138161     0.8736540079116821    0.05312612565309446    0.03991973861317827    0.02544277819527756
                   2000    -0.8031095266342163      -0.51842200756073    0.05305689351270004    0.03988328191749273      193.4479891928531
                   2000    -0.7673222422599792   -0.02475417777895927    0.05302836366275975     0.0398665616330954      8.916793158982898
                   2000    -0.8909851908683777    -0.2563132047653198    0.05300906383665443    0.03983714249585901      130.9051352753332
                   2000     0.2796481251716614   -0.07187473028898239    0.05283142216612404    0.03962507861704626      20.83231572771166
                   2000    -0.3624677062034607    -0.5342661738395691     0.0526813739202173    0.03949371878412809      10.85811742177093
                   2000     -0.463500589132309     0.1246892139315605    0.05248547677568306     0.0393412337583168      10.71831580791444
                   2000    -0.6319556832313538    -0.3134036362171173    0.05242365821801386    0.03929623071357526      392.2234078885869
                   2000    -0.2748666703701019    -0.8462534546852112    0.05230463247953147    0.03922237890721192    0.00824927825270262
                   2000    -0.4423413546206729    -0.1362492901805831     0.0523112222531357    0.03965889278112161      177.3010293122063
                   2000    -0.9017358422279358    -0.4005484580993652    0.05230594526626609    0.03911447336902745      277.1272724364689
                   2000    -0.2041904181241989     0.3009156286716461    0.05224493818791598    0.03905604737714316      47.11067760975198
                   2000    -0.4254409372806549    -0.7327194809913635    0.05204963568318753    0.03895062447700582     0.6796723963852969
                   2000    -0.7212791442871094    -0.6202394962310791    0.05196804852953645    0.03889937267921559      40.90517631517368
                   2000    -0.6715575456619263    -0.6707176566123962    0.05194497257086193    0.03888474931357996      9.105305227899475
                   2000    -0.5979952216148376    -0.1706907153129578    0.05191061148725738    0.03886355068789096      63.90526002534575
                   2000    -0.8772256970405579     0.1524714976549149     0.0518876406492635     0.0388531072843608     0.8747362617093778
                   2000    -0.1681076884269714    -0.6400259137153625    0.05166745201179952    0.03871493596376814     0.8695459875809523
                   2000    -0.2074341475963593     -0.348135381937027    0.05170691656347152    0.03871696786668122      18.85458574407527
                   2000    -0.6406417489051819    -0.4817023575305939    0.05138522764845158    0.03852785013973398      359.2284458085157
                   2000    -0.5889725089073181    -0.2496845871210098    0.05132086138527602     0.0384904036924137      120.8185804965077
                   2000     -0.295488566160202    -0.4695930778980255    0.05125894214065011    0.03845285744317816      16.57988515794461
