#! FIELDS time deep15.node-0 deep15.node-1 sigma_deep15.node-0 sigma_deep15.node-1 height
#! SET action OPES_METAD_state
#! SET biasfactor       16.03631500507211
#! SET epsilon   3.735419329000485e-08
#! SET kernel_cutoff       5.848558909940468
#! SET compression_threshold                       1
#! SET zed      0.2544723356697084
#! SET sum_weights       1208.852951319336
#! SET sum_weights2       5613.328677834686
#! SET counter  992
#! SET adaptive_counter  500000
#! SET sigma0_deep15.node-0      0.3537575417805032
#! SET av_cv_deep15.node-0      0.1183684615260627
#! SET av_M2_deep15.node-0       70185.68919994133
#! SET sigma0_deep15.node-1      0.1655395601465303
#! SET av_cv_deep15.node-1      0.2287542905780622
#! SET av_M2_deep15.node-1       75317.75115631937
                  17000    -0.5737004463694541    -0.1763571073760499    0.05604492733870193    0.05102546465007212      2392.089858884262
                  17000   -0.02379861805364194    -0.4214007525398622     0.0714964989304348    0.05190488339156584      118.7558820123027
                  17000     0.4633356799548445      0.198452481641355    0.05900711993356087    0.05558482635338816      7.798960835033308
                  17000     0.6394004614214873    0.06610709565979664    0.06944971178911812    0.05990476642505045      16.88490641081621
                  17000     0.4021556609626042    -0.2729581628196964    0.04946728779241145    0.04686186663211649      2263.844738625022
                  17000    -0.3844114383078874    -0.7588924035071215    0.05792337996726598    0.05182520095766046      63.42475479437074
                  17000    -0.4043567296003325    -0.4226479802456254    0.06203748602212714    0.05367930984177503      50.86679973484682
                  17000    -0.4488725505888576   -0.04823112643250427     0.0581340236513427    0.04680426216733338      2217.553073572633
                  17000    -0.3920424027196965     0.5601087444338707    0.06037137326080285    0.04811830567104795    0.02612619985243019
                  17000    -0.2846469850574908     0.3800586503395433    0.07509087783018405    0.05904378462351809     0.4664015271025683
                  17000    -0.1617586237052993     0.3391292167358457    0.04759486851600485     0.0468643094674526      14.33838611559315
                  17000     0.2745013000012129    -0.2988243033629151    0.06286137096771344    0.05708048083211412      1232.206769920685
                  17000    -0.5129817388221476    -0.6103392451343874    0.05933846294934652    0.05310954355199605      40.85070603730282
                  17000    -0.1756643852668769    -0.7012716295506576    0.06007752204770181    0.05205865739846612      95.92088641202501
                  17000     0.4445635924370913      0.696249122234326    0.04852451851502143    0.04462944749102011    0.00200355004980122
                  17000    0.06864531331492962     0.5533750555574037    0.06151843508972664    0.05596596252182996     0.6585769366043027
                  17000     0.2013859888542806    0.04870702249971252     0.0786103732946008    0.05856703164148461      6.994292192563677
                  17000     0.1040473407036458     0.3922457361226923    0.05420775351251862    0.04897089473976828      7.843830583203945
                  17000    -0.3311268198202913    0.03381023208980852    0.05182686342277326    0.05205753449389613       1700.92766109421
                  17000     0.6466421958827472     0.6718441966737378    0.06155114284013468    0.05336408616166168  0.0004718773921028689
                  17000    -0.3576416462112387    -0.1442557472141078    0.05461702666481214    0.04841762938240791      628.8040425722597
                  17000    -0.5914461910219052     -0.645185761427695    0.06078207524664316    0.05199785843819311      19.49327177557069
                  17000    -0.6192741364477535    -0.5002124733334943     0.0553593136935169     0.0502919222668784      22.22264200878294
                  17000    -0.3979092879049244    -0.6077800870644257    0.05506719174583536    0.04847969764170466      104.4095359149812
                  17000     0.3010365117323993    -0.2009177285647922     0.0491120003432728    0.05039602192168617      899.6183547097635
                  17000      0.548192588474976   -0.08219111471759709    0.06039683482318535    0.05185025198507468      617.8970163679508
                  17000    -0.3090205127733281    -0.6659999453778529    0.06289707159554368     0.0483674638160267      102.4681778038621
                  17000    -0.2761820683555982     0.1700794824522214    0.05335513109799576    0.04662617343109377      262.4758003816375
                  17000    -0.1933372506091999    -0.5745860313524898    0.04893141208163461     0.0480038878110543      173.2253505082408
                  17000    -0.1496364927132714    -0.3553453385576663    0.06084711872315343    0.05290691586231053      26.70413327287422
                  17000   -0.08874771520867107     0.1460400962328731    0.05801664353387373    0.05248984935869123      53.72760785370939
                  17000      0.140255574601508     0.4682369316283313    0.05245647688912263    0.04505391080447239     0.6054201379100239
                  17000    0.04478180574694855    -0.5115470020122488    0.05459833102378601    0.05037401293159591      45.18229775271146
                  17000   -0.04194180527195655     0.1994626374641253    0.04962298768770428    0.05130660511798862      28.67460645792337
                  17000    0.08934069941222202     0.7123742881068543    0.04643991278634251    0.04308538670874063    0.01830360556372885
                  17000   -0.04888234402476552   0.001797945636038332    0.05005079237772173    0.04703921679075838      90.65617318395043
                  17000     0.3520855143349036     0.8570371193567897    0.05085059452712313    0.04948730339374435  0.0002377575036564423
                  17000     -0.737450952511846    -0.3993151197557367    0.06788520569514891    0.05516150844313236      16.07230796460559
                  17000     0.3600956050815193    0.01967949296222122    0.04761053405401369     0.0449990790864993      67.01809396419215
                  17000    -0.2128429546674052    0.06040630110277723    0.05911842861246713    0.05147661054647175      486.4566388588901
                  17000     0.6486929335512818   -0.08275133987525883     0.0520122039024794    0.04849081265621211      54.27868039111748
                  17000     0.2274875142761996    -0.3712704443461051    0.04942560139668165    0.04788866209493983      396.8209325009842
                  17000      0.419828850747063   -0.09616784741227342    0.05051072081837504     0.0481080377555989      1161.132102330409
                  17000    -0.4922521353417323    -0.5103450770405288    0.05416501432663667    0.04856380747616914       13.9135010202656
                  17000     -0.287570091436284      0.237658020566145     0.0535329654155902    0.05027983407179053      28.45963514443154
                  17000    -0.4442085600266138    -0.1489758516263513     0.0514737261335803     0.0479034417689605      2565.342698134468
                  17000    0.07942175813254523     0.2251847975813736    0.04991144825895534    0.04603218071995199       23.7396646651392
                  17000    -0.3071050121113935    -0.5797997878032238    0.05522115415892466    0.04551663472839588      83.33253100120793
                  17000     0.0656799657840749    -0.6152538559735505    0.05321525634690202    0.04334911703713951      4.005835455181455
                  17000    -0.5356713629333461     -0.249486135504919     0.0473114874519235    0.04922813093480904       442.510340838196
                  17000    -0.4203712106616454    -0.2531736966474833    0.05395441706275616      0.047421204639244      690.1036878454786
                  17000    0.01427166667899016     0.3276993642046137    0.05238190347299324    0.04872398821604614      15.43533996565392
                  17000    -0.2317874445322385    -0.1881829670258803     0.0550424656980487    0.04996680634928772      159.3195450371024
                  17000     -0.554749608039856     0.4467436075210571    0.06863310453743039    0.05458003269110642   0.001531814135790808
                  17000    -0.4711789456427456    0.05607040795367655    0.04718266011366447    0.04938517783016819      203.0064354186104
                  17000    -0.2176523397555423    -0.2570209045058486    0.05077144105533742    0.04866943910970595      35.84859805105411
                  17000      0.571819342899139     0.7887361208691891    0.05896240541628176    0.05127318415237398  0.0001097557590373502
                  17000     0.7910458445549011     0.4740845263004303    0.06585694173784101     0.0545746670446533   7.46207658796164e-05
                  17000     0.2986859136745876     0.7489194170655766    0.04299963620809816    0.04299861941767985  0.0004964803910750183
                  17000     0.4150378512988954     0.7921754254773424    0.04749858155498683    0.04671706872068079  0.0003064307320647078
                  17000     0.2175350706821854     0.7185835495263513    0.04801336214562246    0.04939096780515984   0.002558869751453753
                  17000      0.307695363340322     0.3024204413791227    0.05385437845770632    0.04968030702310061      1.765458362667977
                  17000     0.3640504675249186     0.6496961771385571    0.05295276481574956    0.04822579087107899   0.002588900755901804
                  17000   -0.01699405401895537    0.09059981344852719    0.04679872043719754     0.0446846857110149       22.8005753328752
                  17000   -0.01764734096128268    -0.1031862069532603    0.04592853708000233    0.04795836952017078      4.651571323621382
                  17000    -0.1823458304761415     0.2810503222742335     0.0524927076491916    0.04858300196686714      33.20376492923695
                  17000    -0.2269946731107493   -0.04057164463040376    0.04533977320828423    0.04825972091956417      508.8470248198768
                  17000    -0.1299278708464931    -0.1929830621803567    0.05087215610294123    0.04592468029880007      23.81111395750774
                  17000     0.1446711507095655     0.6674915811283708    0.05671703585275571    0.04992654092677535    0.01974745580975299
                  17000    -0.1763653308153152      0.514721155166626    0.06136055627704466    0.05391574978149269    0.03934122274741066
                  17000      0.704630970954895     0.7742871642112732    0.06136578089887912     0.0540304620493314  2.056181144195412e-05
                  17000    0.02434330151077931      0.408974134961579    0.04521984635005012    0.04374751782990698      7.157367800661176
                  17000     -0.160166103672726    -0.4299927699896121     0.0602351499465606    0.05203476167646399       13.7640372995858
                  17000    -0.2934409440754585    -0.3479518738182393    0.05346386969035685    0.04976234139781975      48.36880651294076
                  17000    -0.4536546766757965      0.424720287322998    0.06029782405337811    0.05425121675944537    0.03401682466994812
                  17000     0.3348812764117432     0.2033579083496812    0.04983254105733257    0.04815272896862352     0.9673910157470107
                  17000    0.04596483911961235     0.1430750970470101      0.047029042165081    0.05333616641786596      49.99146343833734
                  17000    -0.1039775115429856     0.5150657413329273    0.04919028524359617     0.0501210135550617     0.3689582945889186
                  17000     0.3066519164080547     0.4203583882631037    0.04689132209414364    0.04472463269313715     0.4144607177886019
                  17000    -0.2944644934242058    -0.5129438758006084    0.04935070825038871     0.0456397271249042      59.35234521194188
                  17000    -0.1158188180981466   -0.06758403351003901    0.05290307746240446    0.04617836376089307      76.17027813732923
                  17000     -0.508340757039363    -0.7280200627711536    0.05111117344808219    0.05116353107998155      11.17238273128371
                  17000    -0.1596555453915787     0.1709676347708051    0.04377583964639667    0.04354626564968945       216.074895332736
                  17000    -0.5767996870533909    -0.3247733010993112    0.04627743924970706    0.04575543911274981      95.15278795013305
                  17000   -0.05773724455398559    -0.2799536686472205    0.05572403313205838    0.05030627720763751      50.08854548301569
                  17000    -0.6460442887220262    -0.4177353233426751     0.0456282509898845    0.04377692833692053      12.12559951745062
                  17000     -0.556849649765959   -0.04623035361783219    0.04770087654005348    0.05021935969965859      546.3691666807085
                  17000   -0.01022956609784284    -0.3404128736480883    0.05219360332395135    0.04941584540802955      35.77498183229041
                  17000     0.3618561785163502    -0.4330079918050515    0.05166396982193759    0.04878034704172091      34.54360660114922
                  17000     0.5699662875703905    0.01151938411665004    0.05140290832586004    0.04555845891524692      59.39873507762374
                  17000     0.5440027366823817    -0.2062757901626593    0.04375459028770861    0.04401936662093635      404.2687753801837
                  17000     0.4667572169788893    -0.1540731270660137    0.05141740677467185    0.04760511369899346      1756.877868612728
                  17000    -0.2795170843601227     0.6057843565940857    0.05485156298677279     0.0503428551044765   0.003950348748237849
                  17000   -0.09531765230376195    -0.5346473007768697    0.04539044834522863    0.04440330546760083      85.48832017517158
                  17000    -0.3461640489940373     0.4837233660664532    0.05277383193825969    0.04888203639122068    0.08161983055371504
                  17000     0.1714598003063266     0.2918434717794232    0.04748377519422312     0.0509760959131952       4.75856153436284
                  17000     0.6184695281432285     0.2994249271276405    0.05106220249397735    0.04634290445435243       1.17687765665309
                  17000     0.3933593027503992     0.1447282667149024    0.04474749413246751    0.04643321188817415      17.19197045403579
                  17000     0.2689290904753525   0.003543192675275127    0.05039130187501481    0.04660218886049337      6.172290588223213
                  17000    -0.8008289337158203    -0.6240639686584473    0.05367296247540867     0.0496881186987698     0.2051756049095262
                  17000      0.222007986924035    -0.5583556237279398    0.04608939580992031    0.04175589717431997      2.496720784980086
                  17000    -0.5593238535237556     0.1738296887082574    0.04766473752708987    0.04805481720163571      4.052063940742796
                  17000     0.3367918980311657    -0.3248083528452961    0.04619930730775073    0.04808689893199934      240.7672417753955
                  17000     0.0265043992549181     0.6253508925437927     0.0521800766836986    0.04864985588477461    0.04736467021896192
                  17000     0.3776967398878137    -0.1895574686331926    0.04485364942910913    0.04567920344040113      3207.428522854622
                  17000     0.4961879952430463     0.4674979616489518    0.04962527863613466    0.04385771932814553   0.002419534368417088
                  17000    0.07381889075022609    -0.3536529358288255    0.04758743706963005    0.05044886697140951      70.71084793738052
                  17000    0.09554273635149002     0.3111697733402252    0.05175263099545499    0.04813374682132752      1.155533591822343
                  17000     0.5963948746710744     0.2121885458187283    0.04714500164683515    0.04563019831757619      2.978194892489661
                  17000    -0.2637328396565702     0.5372853252436736    0.04247459892642286    0.04348293795389109    0.04905115997156483
                  17000    -0.1549289618136172     -0.512145406293546    0.04324778004044798     0.0447236412050186      157.6143780806485
                  17000     0.1158951759504215    -0.5249327569109531    0.05035159486981693    0.04689521020816161      10.71338928362436
                  17000     0.1277879909379888      -0.44072092930003    0.04392295906127533    0.04476333968428588      48.85046683662118
                  17000     0.8620395064353943     0.3025515079498291    0.05084630692888945    0.04752196693495735   0.000437478441001513
                  17000    -0.8846022486686707    -0.2446304261684418    0.05080367139920824    0.04742730315732301    0.05253478004332207
                  17000   -0.03842986704503867     0.6723447539629308    0.04306178937533412    0.04134760198385439    0.06587525802601187
                  17000    -0.3689676723997427    -0.3744563590404651    0.04726521055246487    0.04720416537636236      45.64546353362563
                  17000      0.151012602748147   -0.08091136434779622    0.04697429704012931    0.04563752264487285      9.679195933621866
                  17000     0.5937215774915615     0.8433377433624952    0.04258009280637624    0.04203011571394438  6.080858668185252e-05
                  17000     0.6235200166702271     0.7509721517562866    0.05042564790864171    0.04761684740491401  6.174909822513249e-05
                  17000     0.4769216248738775     0.5647140885676722    0.04842970613854211     0.0456121179855282   0.005449797775546393
                  17000     0.4214425436120564    -0.3452556963158009     0.0447342688054023    0.04494023816835779      470.6157618048833
                  17000   -0.02848142264996837     0.5912542723076966    0.04788101065168988    0.04590802044837128      0.149661102730182
                  17000    -0.2782807816369641    0.09483212413233545     0.0433362330537431    0.04148079638789935      404.7790539898299
                  17000   0.003071514501737658    -0.6033770357886677    0.04594114254747101    0.04808580211590874      15.34104533872692
                  17000    -0.5952794508321273     -0.111884440467156    0.04421907671446406    0.04351971852507717      242.7042029527477
                  17000     0.1552449462524819    -0.3509082052876854    0.04302650071924605    0.04659719087285306      313.1667668200463
                  17000     0.1620367451576731     0.9085424069575856    0.04292148155943851    0.04396130100094673  2.902630396819813e-05
                  17000   -0.03015562891960144    -0.7096297144889832    0.04847471737980837    0.04665662500979612      2.174495272436745
                  17000    -0.2057862249407051     0.4489957469713372    0.04386222830839102    0.04370313587368829       1.00231254114534
                  17000     0.2612475723173928   -0.09304513260166723    0.04307369817349765    0.04901172420387308      144.5092358016035
                  17000     0.1942638217099987     -0.448530160267167    0.04803762287244406    0.04600331578381039      66.83349124791145
                  17000     0.4753830478152826    -0.2422538777156894    0.04517781711126598     0.0417199323649187       834.647144132874
                  17000     0.5999135971069336     0.1462619453668594    0.04775459075147971    0.04568743082522789      1.628165116268972
                  17000    -0.4330366261895081     -0.661980440984222    0.04543329911195881    0.04562860750181035      32.24363594600636
                  17000    -0.1025610958761351     0.7148071016646628    0.04297326459887853    0.04315500972895377   0.006645861552994363
                  17000   -0.08875431414193032     0.0677002480346463    0.04464866218634922    0.04416717678221749      103.9617819739933
                  17000     0.1705528348684311     0.7255780100822449    0.04716809651857163    0.04529912959411084    0.00242437667336033
                  17000     0.2937251925468445     0.8658125400543213    0.04722217927970477    0.04563120745519547  5.489322538451862e-05
                  17000      0.327926903963089      1.051520347595215    0.04716923203794053    0.04583242466063136   3.12445183805989e-06
                  17000     0.3280661404132843     0.7084816098213196    0.04714056423108081    0.04585122887449884  0.0004148929203971146
                  17000     0.1224542036652565  -0.008337962441146374     0.0470640125898578    0.04586070324177657      1.365822273639256
                  17000    -0.3145194770866616    -0.4365701255343919    0.04503875998963361    0.04487155558131056      17.26225042263754
                  17000     0.5153802633285522      0.822822093963623    0.04703164809211463    0.04615875503030716  4.945610477125057e-05
                  17000    -0.2770043630836601    -0.7506336781499829    0.04470552244251965    0.04199554104822539      33.10690077260848
                  17000    -0.0994316311413307     0.4250582423139743    0.05116049629457504    0.04594072414184883      1.215940953425893
                  17000     -0.436483770608902     0.2160938382148743    0.04670084697031607    0.04579970954519958      2.148155091472884
                  17000    -0.3671415747468029     0.1338579425434857     0.0416668063165567    0.04233201178768303      153.6687079229512
                  17000     0.7839165925979614     0.6990717053413391    0.04636346903174258    0.04552406832555884  1.972653800947082e-05
                  17000     0.2751043140888214       1.00305163860321    0.04637597449945265    0.04559498698745422  5.197209114948213e-06
                  17000     0.2427326738834381     -0.606394350528717    0.04606581507257534    0.04565006274963516     0.2869446567107862
                  17000    0.09591919153932142    -0.2417717957399496    0.04633729691153455    0.04526710100154491      44.85493301917471
                  17000    -0.5276155471801758    -0.3305157124996185    0.04592297521441528    0.04557714666701423      17.91059972533351
                  17000    -0.4353390408194434    -0.5492803160887385    0.04224549591713724     0.0423002051610902      26.19848744980659
                  17000    -0.4055699830527674     0.2828640513912751     0.0402693233706443    0.04446591173818149        3.9482607253549
                  17000    -0.6894801589049399    -0.1604862369937838    0.04447153096895069    0.04263871989660922      145.5554827002699
                  17000    -0.2201384636373513     0.1186978406408472     0.0425020738402518    0.04414936292821629      143.6659469175123
                  17000     0.4282957911491394     0.8674482107162476    0.04491745656503552    0.04491168891834522  5.984818802859671e-05
                  17000     0.3494364067291516   -0.03643305851693209    0.04040333130702783    0.04119561576991771      190.2294865547338
                  17000     0.2837479690844535    -0.4493350744421386    0.04519279684470114    0.04482654377488906      48.37882293362622
                  17000     0.1803877853505603    -0.2454665037755403    0.04254108200136355    0.04475043625182691      132.4832610544769
                  17000    -0.5237158536911011      0.509527325630188    0.04464483713717219     0.0447027982785189   0.003370184346121379
                  17000    -0.4762483835220337    -0.3500595688819885    0.04440659126604602    0.04459264280014091      12.72089531962391
                  17000    -0.2319037153251999    -0.8053399451319522    0.04206198188859162    0.04310982439045931      4.808631822514065
                  17000   -0.03309207037091255    -0.5127972960472107    0.04433493078910158    0.04456538104501997      9.910075337972637
                  17000    -0.5465048551559448    -0.7752423882484436    0.04410121732925892    0.04436417168669204      2.064753355354965
                  17000   -0.03853684291243553     0.4426232278347015    0.04406646604226985    0.04462797239448384     0.6951411862468082
                  17000     0.2062340378761292    -0.1592912673950195    0.04385117363405527     0.0443179500059729      47.08793574411411
                  17000    -0.2744994461654883    -0.1187207308377359    0.04398378960815048    0.04605818418595888      154.2378710308596
                  17000    0.05007600223477796    0.04888720544867844    0.04123597590409797    0.04485582436242443      23.21437112536012
                  17000    -0.1052106995178174      0.292937297071355    0.04090785125282875    0.04539530433251147      20.06948512815148
                  17000   -0.07491073203490917     0.3596042204721813    0.04228906386141821    0.04660725372120274      4.810802252712492
                  17000   -0.09299982691081339    -0.4756717320946849    0.04148116605968444     0.0435518501318003      77.63104202395333
                  17000     0.5248617057051216      0.690497380322267    0.04427013150983872    0.04284791842421055  0.0008178137776496167
                  17000     0.4215536117553711     0.5104021430015564    0.04327155985103324    0.04383380551854965   0.005375008678723847
                  17000     0.2402747720479965     0.9233953952789307    0.04323275902308887    0.04383675703272798  2.419461643969668e-05
                  17000   -0.09738784283399582     0.5687543749809265    0.04303058208729525    0.04386117761872183    0.07769888017565327
                  17000   -0.06354233735858544    -0.6568010211040438    0.04406617249717731    0.04498148083383004      21.06826406817553
                  17000     0.3950863480567932    -0.4744706153869629     0.0426233870449869    0.04327622348778081      6.227379575254435
                  17000     0.7381242513656616     0.8722586631774902    0.04253972509290479    0.04330170077578001  6.511294359067973e-06
                  17000     0.1574631035327911     0.4096975922584534    0.04253436742117155    0.04339273891466195     0.9209647039902968
                  17000    0.03939260392310255     0.4847844602145499    0.04186724302923429    0.04098002730010886      1.797330234179007
                  17000     0.8738486766815186     0.4512759745121002    0.04248532890869483    0.04341399410845554  2.427106163446969e-05
                  17000     0.1708657443523407    -0.5243319272994995    0.04215587049609413    0.04312256999663667      5.469216355568288
                  17000     0.3239659368991852    0.08260323107242584    0.04213107780090303    0.04308978012085158      3.487412952147102
                  17000    -0.1135432943701744  -0.007481340784579515    0.04206137761998798    0.04303792951779456      22.58267684759562
                  17000    0.04119240120053291    -0.1547034829854965    0.04209247850399022    0.04304464178227222      1.643609173979256
                  17000     0.2106786127016785   -0.03580577814739838    0.03989126499574062    0.04195166268997004      13.27934091677714
                  17000    -0.8192426562309265   -0.09205134212970734    0.04196702439692086    0.04289275242043955     0.1371294111645599
                  17000      0.360770583152771     0.5004684329032898    0.04190631117552603    0.04290836993352381    0.01780394599133427
                  17000     0.5487392544746399    -0.1575722247362137    0.04170212900201865    0.04261456717035756      106.9306360427094
                  17000     0.2365740735909673     0.3967441127228349    0.04350077036976245    0.04224084124941511     0.5300398086062726
                  17000    -0.2543770670890808     -0.297789454460144    0.04147291381878656    0.04232929626152539      13.02976098433433
                  17000    -0.5894342647441608     0.2509744975292403    0.04024991743425869     0.0411671846675822     0.5634235388722728
                  17000     -0.171830028295517     0.4194616675376892    0.04150179305986573    0.04229564960998432      1.297174829905783
                  17000    -0.1452981989852444     0.1206990326617999    0.04202284733757759    0.04343719902458733      193.6578944496559
                  17000   -0.08047130703926086     -0.734716534614563    0.04138869437734211    0.04220487236126679      6.339780590863928
                  17000      0.452328622341156     0.0275108739733696    0.04126749343788365    0.04198450014835945      13.81117205544682
                  17000     0.6415195465087891    -0.1381407827138901     0.0412419854488693    0.04195111291240473      28.39850440909622
                  17000     0.4176422357559204     0.6165696382522583    0.04119267185882509    0.04200465073877625   0.001348799983107231
                  17000     0.1115576699376106      0.123017281293869    0.04116278547031539    0.04208206063554849      2.402920163927293
                  17000    -0.3940018713474274    -0.3265906572341919     0.0411470023864285    0.04198834701675556      28.77584311267551
                  17000    -0.2237503913427964     0.6579850984797256    0.04213149632161647    0.04191945022567906   0.003535145970529101
                  17000    -0.4534246325492859    -0.8510931134223938    0.04098847384150011    0.04179545822344725      2.186731136117218
                  17000    -0.6813551846341594    -0.7031384741681667    0.04187953831108896    0.04028953984901389      1.645773077580265
                  17000    0.04511736868371179    -0.6751718574564852    0.04231870250519036    0.04151365895417845      2.835826071722186
                  17000    -0.6027297242987375    0.01519160975635461    0.04008323444538339    0.04083423325967055      67.03963689293069
                  17000     0.1429712176322937     0.8558864593505859    0.04080509220560645    0.04165196393314581  5.955899870789233e-05
                  17000    -0.2407512284272672    -0.4474388309880083     0.0407097174110629    0.04485053781440404      17.37425788530835
                  17000    -0.8054552674293518    -0.1604001671075821    0.04056604404744346    0.04153366445888726     0.6917849761752173
                  17000    -0.6893355846405029    -0.3545156121253967    0.04054461939636955    0.04154093900741816      4.948632188989261
                  17000     0.0242487695068121     0.2598032653331757     0.0404045755798255    0.04144321883085948      4.586760403357746
                  17000    0.01263444185130647  -0.004970977297397277    0.04123785858279092     0.0394883306197697      15.08346505931859
                  17000     0.2681633830070496    -0.5024293065071106      0.040194001293727    0.04126401042011058      10.06101944001686
                  17000    -0.5101360082626343    -0.1942846924066544    0.04010595580573838     0.0412246795685866      264.0145222322118
                  17000      -0.34845011414391    -0.0580065539142479    0.03888844689454059    0.04345455001613291      613.3142904926776
                  17000    0.02988988533616066    -0.2948011159896851    0.03984891546829252     0.0410418009433828      11.96502347791398
                  17000     0.2362675789453964     0.1728420065975309     0.0384696531484574    0.03969068629987784      0.796530211937454
                  17000    -0.5938800573348999    -0.6999675035476685    0.03973507973080276    0.04086962342888063      3.556371747357213
                  17000    -0.2015279978513718    -0.4755221605300903    0.03970863386497814    0.04086871818143764      15.88082463934127
                  17000     -0.119011364877224    -0.1314437240362167    0.03968785687069917    0.04087613290693257      9.844285007510912
                  17000     0.0893605649471283   -0.07965342700481415    0.03967145454168741    0.04087077665343154       1.66277872606118
                  17000    -0.6355631947517395    -0.2232367843389511    0.03960083645332198    0.04082557190212039      133.6585062312437
                  17000    -0.1700028479099274    -0.7798799276351929    0.03951826335803511    0.04065017745801845      5.353217366101839
                  17000     -0.574047818546513     -0.405433525275989    0.04085814933143194    0.04067690014363433      11.52767066887659
                  17000  -0.002876833779737353    -0.4790094494819641    0.03951334957693835    0.04053839468831198      15.93112299341029
                  17000    -0.6313040256500244    -0.5693334341049194    0.03949416430677668    0.04052335416696887      3.188472226117561
                  17000    0.08946735940802095    -0.1834276882947509    0.03922623973338037    0.04070843845100067      13.13059404844525
                  17000     0.3438620269298553     0.7929200530052185    0.03941555425431902    0.04070173719515921  0.0001835658562567637
                  17000     0.4283204456340667    -0.2256637255599923    0.04046987953477381    0.04284669757276278      1933.672773200261
                  17000   -0.02431183494627476    -0.1838789582252502    0.03936330997913663     0.0407008619938117      2.830643414319726
                  17000    -0.1262056678533554    -0.2991143763065338    0.03933961032372653    0.04059223669521589       9.26643359267389
                  17000    -0.3198220015521818     0.5355858333555191    0.03827440735076007    0.04302403419316517    0.04362034085941254
                  17000    -0.1956644505262375    -0.6259443163871765    0.03922265968790466    0.04044017204613435      20.77343737864715
                  17000    -0.2905255751042618     0.4663325898313245    0.03914893885239781    0.04252721283384133     0.1604182869206078
                  17000    -0.2592860460281372  -0.002451760461553931    0.03914883700338591    0.04036938855925654      83.36666892586153
                  17000    -0.6247339844703674    0.08622855693101883    0.03909138493035006    0.04031520652108445      3.033080313213285
                  17000    -0.6922603845596313     0.2876829206943512    0.03902203747509415    0.04027251763320228   0.004635013275710627
                  17000    -0.1733695199628958    -0.0793352218799976    0.03864686061633258    0.04052183616000832       66.6063110775345
                  17000    -0.2655795812606812    -0.9367572069168091     0.0388774826485298    0.04025493348709792    0.02497213821774669
                  17000     0.2263602167367935     0.2471061795949936     0.0389201117614791    0.04018512384933742     0.4465764724728841
                  17000    0.05206376978205703   -0.03696885768552662     0.0377797903230201    0.04288059722247309       7.38769953013546
                  17000     0.2655231952667236     0.1290810406208038    0.03890675831378931    0.04010539015317908     0.7959602204228863
                  17000     0.4182979762554169     0.3004078567028046    0.03890457732408521    0.04008635393043417     0.2515338658989763
                  17000    -0.8654261827468872    -0.5043609738349915    0.03887604746448147    0.04003102298348704     0.1089728355855413
                  17000     0.3640696108341217    -0.1356603354215622    0.03873677798313961    0.03981184900915453      290.2628965093089
                  17000    -0.2919057584500304        -0.271782443037    0.03837381873799445    0.04091349379748166      34.22688425135213
                  17000    -0.5141087174415588     0.3434290289878845    0.03807425291077773    0.03931580639643027    0.02161763826583884
                  17000  -0.001441173255443573    -0.6601134538650513    0.03797505155043632    0.03924482211161413      3.693889519613495
                  17000    -0.3788435161113739    -0.5321721434593201    0.03796054134113678    0.03923822877496457      12.80005457059035
                  17000    -0.2957374751567841    -0.8296781778335571    0.03787548491221159    0.03920342046990764      2.843583820499152
                  17000     0.2285393327474594     0.1090491861104965    0.03786942655661977    0.03920291140329206      1.044674468614163
                  17000    -0.2396654933691025    -0.6289573311805725    0.03783979882409801     0.0391916664159048      22.29755430248864
                  17000     0.0789235383272171     0.9746469259262085    0.03792129112831985    0.03923467928738638  4.996731848280667e-06
                  17000     0.1323316246271133     0.2316764891147614    0.03788246488668491    0.03922319597510276      3.234921422623093
                  17000    -0.7466229200363159      -0.68621826171875    0.03793278583414585    0.03928006733710146     0.2256093514714408
                  17000    -0.2296214252710342    -0.3518835008144379    0.03794179190362124     0.0392840024732353      8.859606972339947
                  17000    -0.5000622976664258   -0.02544058654098175    0.03794248127890764    0.04225306364116955      578.5999033838214
                  17000     0.4970307052135468     0.8824752569198608    0.03782553657959769    0.03925764925194475  2.789888187995544e-05
                  17000     0.6786555590687671      0.267873252085443    0.03881203240541839    0.03891614373935087     0.3874780084567541
                  17000     0.3076685667037964    -0.1443082690238953    0.03786267371152766    0.03930162909258514      144.3844009267989
                  17000     0.1101891994476318    -0.2853820025920868    0.03780480039351663    0.03920877165862803      22.95597492224153
                  17000     0.6226009726524353     0.4581423997879028    0.03775361110553724    0.03914743885885118   0.000617224042012875
                  17000    -0.4171766936779022   -0.09605769068002701    0.03770337759317471      0.039044994984106      290.5857945553539
                  17000     0.1299214959144592     0.7663984298706055    0.03771206013105065    0.03895488355911301   0.002653727176878074
                  17000    0.02581479959189892     0.6994743943214417      0.037696602109711    0.03895919722965215      0.013933350575552
                  17000     0.5675944685935974     0.4945491254329681    0.03769590344555859    0.03897271341704867  0.0003643142918118549
                  17000      0.602685809135437     0.4196182489395142    0.03769563989745407    0.03896668676456779   0.006208613834683541
                  17000      0.538398802280426     0.1604764610528946    0.03768727363861817    0.03895970700167561      1.019815974918546
                  17000     0.3598143756389618     0.5907953977584839    0.03764910397885805     0.0389413197997575   0.001197523828306744
                  17000     0.2061820924282074     0.8615213632583618    0.03761234285243622    0.03891472302463628  4.959114961090542e-05
                  17000    -0.2701254134314194    -0.4107698519042693    0.03839225553953638    0.03989351844228747      19.98404697451537
                  17000    -0.5582690834999084    0.00582948001101613    0.03762493528457714    0.03899166650179949      88.52243935008335
                  17000    -0.1231074555733659     0.2444275552968973    0.04141642650303668    0.03897739010693227      24.77943804974248
                  17000    -0.1695741713047028   -0.02991992235183716    0.03754678424630303    0.03889820765527855      53.17784291025603
                  17000     0.8065807819366455     0.3513955473899841    0.03753342954201525    0.03889307322639442  0.0003551390727039436
                  17000     0.6846138834953308     0.1778229176998138    0.03754012689960678    0.03885987791296722     0.5037523676340756
                  17000    -0.1174245625734329     0.3563410341739655    0.03746635553586982    0.03876012841172964      4.034949407507618
                  17000     0.3704792559146881     0.2555002868175507    0.03747216663279605    0.03878544536260539     0.5758127353082857
                  17000     0.7637320160865784   -0.06786463409662247    0.03743661802865197    0.03874270380479514      1.126845639397389
                  17000    0.07735747843980789     0.4455649256706238    0.03720158887203875    0.03841797079609526      1.257500699254274
                  17000    -0.4132401347160339     0.3266394436359406    0.03717321969935678    0.03840070902048042     0.5422644563037091
                  17000    -0.5407146215438843     0.1276670396327972    0.03715918250166603    0.03838755635828541      4.744401712340958
                  17000     0.7549519538879395     0.3537386655807495    0.03715153443944815    0.03835902212002297   0.004677814100437964
                  17000     -0.428178608417511    -0.8146969676017761    0.03717588735757873    0.03830793554851283         4.631265296541
                  17000     0.4015349447727203     0.4465023279190063    0.03714514203545945    0.03823862539161606    0.01361617828809238
                  17000     0.7387416958808899     0.5195925235748291    0.03719700542398041    0.03827959223573266  1.967440988054018e-05
                  17000     0.0360625684261322    -0.4531533122062683    0.03718036572761262    0.03826230161592031      16.94958832463282
                  17000    -0.3384864628314972    -0.2710182666778564    0.03714133726706585    0.03821423758878544      37.64547643748951
                  17000     0.1908466964960098     0.3582718670368195    0.03713198968996915    0.03823928817838011     0.7753148303120392
                  17000     0.1041316241025925     -0.121161587536335    0.03703006106563407    0.03833935851746254      2.318693213861601
                  17000   -0.03654268383979797     0.2775577306747437    0.03701625138298627    0.03834571354147841      4.248590969834448
