#! FIELDS time deep2.node-0 deep2.node-1 sigma_deep2.node-0 sigma_deep2.node-1 height logweight
#! SET action OPES_METAD_kernels
#! SET biasfactor       12.02723625380408
#! SET epsilon   2.008904905162975e-06
#! SET kernel_cutoff       5.122093479753262
#! SET compression_threshold                       1
                   1510      9.805512428283691      8.830704689025879      2.393577077874915      1.816489257291679  5.979173072774214e-06     -12.02723625380408
                   1511     -2.543498992919922      -8.73930549621582      2.423687637603245      2.182402758578745  4.914845000456025e-06     -12.02723625380408
                   1512     -6.306574821472168      2.428611755371094      2.493671387118528      2.161804052918911  4.822428827685491e-06     -12.02723625380408
                   1513      12.05550384521484     -2.112791776657104      2.439674095305555      2.210220721631596  4.821186308219314e-06     -12.02723625380408
                   1514      1.962439298629761      5.665000438690186      2.374277107915084      2.177797005955497   0.003384535995946204     -5.515234188003812
                   1515     -3.462667465209961     -2.754177570343018      2.376547138772338      2.309563973296845  0.0008313279293094663      -6.85948138114993
                   1516     0.5442976951599121     -9.732921600341797      2.329380688069527      2.486106273389693   0.006528239627702447     -4.745000343387312
                   1517     -2.309913873672485     -1.185674667358398      2.144091925866856      2.318875192632749     0.3026402527408539     -1.061114671156015
                   1518      10.51963901519775     -2.465157747268677      2.129675119272033      2.281862653970664  0.0001636994073972005     -8.606219751912375
                   1519      9.166783332824707      11.86365127563477      2.092340185657253      2.259231466416697  9.360468964039635e-05     -9.192824793894221
                   1520      10.13235855102539      6.909918785095215      2.049020373690653      2.229644961571764   0.000813348496438256     -7.064849273301439
                   1521      9.477207183837891      12.12549686431885      2.004715066787552      2.195926363792511   0.006033882015591902     -5.097961324383241
                   1522      13.30682373046875     -2.812043428421021      1.971383744650546      2.166085098282307   0.003317336699324497     -5.726638439458517
                   1523      6.589983940124512      8.179529190063477      1.922557895564039      2.121957618257784    0.03554167468174923     -3.400756295334615
                   1524      8.173564910888672      11.43617820739746      1.783108493043675      1.971996844217221     0.4658821348715979    -0.9761203279278112
                   1525     0.4441404342651367     -9.287248611450195      1.729691236011092      1.935958273586383     0.1090840649303821     -2.476793667228384
                   1526       5.92035436630249    -0.1456646919250488      1.712946006414899       1.97595290462246   0.004310228025638481     -5.697201568916397
                   1527    -0.3618276119232178      3.265154123306274      1.632075669617059      1.861656377067976     0.5014904510810698     -1.048554037202053
                   1528      9.526676177978516      11.66871643066406      1.648856671690542      1.886836991355686       3.22884465845067     0.8374058182946981
                   1529      6.667360782623291       -6.2135910987854      1.624615915696177      1.874509918976811  0.0007033233315064927     -7.615777727012545
                   1530      11.38484287261963      2.223891973495483       1.60751589700106      1.859571408805641   0.001633801611983521     -6.791512163386901
                   1531     -2.299507141113281     -11.57711124420166      1.588681169149539      1.863337283198093    0.08014588057359626      -2.90833602387479
                   1532    -0.6393942832946777     -10.26835441589355      1.550801617942161      1.873554290942785     0.4918137490068741     -1.112748468924229
                   1533      2.740821361541748     -8.291592597961426      1.522709523380606      1.891393717866674     0.2392367645036671     -1.842198830793675
                   1534      -5.07261848449707      2.142568349838257      1.507462843986183        1.8863157092109      0.214815390156927     -1.962625264998723
                   1535     -3.130797147750854      3.750155448913574      1.470614125606019      1.824609914570411     0.7681504147830892    -0.7464259707399942
                   1536     -1.457170724868774     -7.640523433685303      1.442638005778296      1.767283246665679     0.8464197965172033    -0.7005255275770464
                   1537     0.3879389762878418     -12.88951015472412      1.403918882294204      1.751756954178938     0.6901003782338496    -0.9407339934990041
                   1538      5.957600593566895     -6.171680450439453      1.400339822065285      1.739580559525613    0.05717121964097725     -3.441048259839982
                   1539      1.497265100479126      5.798849582672119      1.377137219484951      1.719372421897447     0.3800959915081981     -1.575067792979228
                   1540      10.04651737213135      1.462173461914062      1.377109738768899      1.718032109599519   0.006996594508288427     -5.570867886090575
                   1541     -5.483904361724854       1.02772057056427      1.347355601477209      1.674073017429505     0.9858616314776434    -0.6705383831436925
                   1542     -2.906311750411987     -3.741234302520752      1.321945957636112         1.650649790978      0.665949925592569     -1.095969476743343
                   1543      13.88688087463379     -2.795143127441406      1.323434059710849      1.632054687575776    0.01436383323965422     -4.942674691106889
                   1544      8.268418312072754      8.630292892456055      1.294265417577491      1.594777269796376      2.575003175137037     0.2008255768691021
                   1545   -0.05646014213562012       6.36431884765625      1.277907134347645      1.586740532218694     0.8972129738234979    -0.8712589583239928
                   1546      13.79792594909668     -1.872995376586914      1.277388738564889       1.57045966670329    0.04995298078001664     -3.770189359468597
                   1547     -3.913399934768677        2.9576256275177      1.257547319372369      1.529074342414379       2.62136657479848     0.1478190114584551
                   1548      1.642619609832764     -8.896553039550781      1.237941719541628      1.514384999954413      1.111817624363917    -0.7352468748400337
                   1549    -0.5478129386901855     -9.681783676147461      1.221473152332135      1.483638958681349      2.620762870171168    0.08831834214475572
                   1550      3.732203245162964       7.50944995880127      1.215677828599279       1.47665043180168     0.1773028030825786     -2.614520713408097
                   1551     0.0134119987487793      5.320568084716797      1.196806251526854      1.468475577883598      2.236497985116161    -0.1009099275228291
                   1552     -1.288505434989929     -3.866611957550049      1.185729783456567      1.455433953513918     0.9495669950268569    -0.9757892140886066
                   1553     -1.381858110427856      2.442521572113037        1.1649966034751      1.439841519855099      2.253966824482323     -0.139759642709403
                   1554     -5.594374656677246      -2.34867525100708      1.155672888658798      1.427877336853256     0.5376397293689839     -1.589397430690088
                   1555      8.764968872070312      1.648154497146606      1.161154414862055      1.416147347224962    0.01550652654506173     -5.138842095276406
                   1556      5.561002731323242      6.942939758300781      1.154334094132899      1.401738603184453     0.5131808916882316     -1.655592482313442
                   1557      8.107431411743164      10.06563949584961      1.157145158152094      1.417530579128642      5.885381707801106     0.7976412667327984
                   1558      8.425901412963867      10.30595779418945      1.205539181097846      1.485700592522639       11.0671739101543      1.517094218868661
                   1559      5.181394577026367      8.569538116455078      1.193092648726355      1.476895254226169     0.8752881353067045     -1.036413828963517
                   1560     -2.648407459259033     -9.901426315307617      1.182314213413651       1.45966480896969      1.241144164406241    -0.7079883536046506
                   1561     -3.965221881866455      3.019070386886597      1.165571979632997      1.444934380234871      3.779444462550488     0.3811503132291817
                   1562     -10.36129379272461    0.04678225517272949      1.162241769572609      1.445767733268786   0.003122489441635188     -6.719836076603027
                   1563     0.2804403305053711     -12.01465892791748      1.155726244093903      1.429386037813855      1.696888211150886    -0.4389325164110529
                   1564     -2.862638711929321     -8.265315055847168      1.147179981224511      1.412924862499505      1.597862452432496    -0.5180671272966623
                   1565     -1.252154350280762     -11.16542148590088      1.127275738039372       1.40613197612565      3.170086621931928     0.1447028759299313
                   1566     -4.551451683044434      1.401735544204712      1.109667521466852      1.392353205854552      3.909583329883301      0.328783949754444
                   1567      1.020293712615967     -10.70245838165283      1.096209804500173      1.376945216572994      2.990004417806059    0.03729833380252494
                   1568     -3.986261367797852     -3.711140871047974      1.087360816537072      1.370093162157026     0.7517963318224825      -1.35636016008524
                   1569     0.4110980033874512     -11.10921573638916      1.069944536158767       1.35526933096145      5.701707114584168      0.642670075242735
                   1570      4.638206958770752     0.8037282228469849      1.069663426282324      1.347774470852788   0.006001388544421487      -6.21966823946668
                   1571       11.3270959854126     -5.057509422302246      1.081647454811159      1.339732059487548   0.003663596363955136     -6.708057625694228
                   1572       10.9339771270752     0.4454426765441895      1.086359321378598      1.332549879969168    0.01302128530769784     -5.440946148903316
                   1573      4.974618911743164      -2.83474063873291      1.089846794035598      1.325430537502739    0.01217992215791873     -5.509894499768814
                   1574      11.07992362976074     -3.214386701583862      1.091509664713481      1.318421226908158    0.01210257415474829     -5.520042940027094
                   1575     -3.321735858917236      -5.75825309753418      1.089733510060587      1.306871951309162       1.10050888925124     -1.020360225154565
                   1576      8.003436088562012      3.613659143447876      1.088442744385741      1.299943248764362    0.01928011614310295     -5.071314920370446
                   1577      4.548666477203369      7.210535049438477      1.087192935064978      1.289374709622183     0.9761244839685581     -1.156111253595173
                   1578      9.186264038085938      12.35703754425049      1.076106476897049      1.288159845373415      6.573820775032337     0.7399567856473346
                   1579      3.884526252746582      4.604695320129395      1.070067878539846      1.288573706760263     0.2824174606946367     -2.412813471383286
                   1580      6.845364570617676      -1.96119213104248      1.065540243402582      1.282860822965951    0.01005660372255375     -5.756653793289771
                   1581      10.62368011474609      3.048360824584961      1.063095270933544      1.275711463622156    0.01798138194035259     -5.183432202562449
                   1582      9.727876663208008     -0.764723539352417      1.059570557530732      1.268657603724691    0.02034860952299558     -5.068622232527751
                   1583      7.306778907775879    -0.6568489074707031      1.058305127183903      1.261739836723377    0.01928330479962419     -5.129057873704719
                   1584      11.85823154449463      1.574764490127563      1.053398683639473      1.255520398116422    0.03076136751859286      -4.67162631584234
                   1585      12.53089141845703     -2.078027248382568       1.05144346485672      1.249176582703275    0.06819738343206316     -3.882403095147672
                   1586      14.21759414672852      -3.16251540184021       1.04747113331382      1.243018116517878     0.1029131296295767     -3.479651409402786
                   1587      9.103460311889648      -4.81636905670166      1.044130690980334      1.236960879053824    0.00975475374995546     -5.843860980018603
                   1588     -3.303322792053223      -3.81472110748291      1.033786971796057      1.225629539581204      2.413336605962232    -0.3520089360317658
                   1589      7.560560703277588      5.263890266418457      1.029205189101966      1.219054893414532     0.3360091088290025     -2.333456848612969
                   1590      9.808463096618652      12.21912860870361      1.025337859363257      1.223110722814988      12.01353106007944      1.242750603308527
                   1591      -7.36344575881958       1.28745698928833      1.027017267115313      1.223213404524993     0.7151048165133812      -1.57688863552756
                   1592      6.345595359802246       8.10566234588623      1.024306338489708      1.216893053315137      3.590628636231903    0.02894130502393751
                   1593      2.098104476928711     -10.17737674713135      1.023619034392861      1.207518723085347      4.527458662578854     0.2523702500633676
                   1594     0.2340617179870605     -8.162863731384277      1.016317211357634       1.20227121930219      4.007349090968057     0.1188253520226646
                   1595   -0.09159469604492188      -10.1540699005127      1.011404399759793      1.197182874357358      11.17577591289207      1.135357059852976
                   1596     -6.371084213256836      1.507351040840149      1.010025820131705      1.190504704781809       2.55581780464158    -0.3469770767035338
                   1597      -5.77644681930542    -0.9467575550079346      1.005348813663947      1.187308515811185       1.59682796459996    -0.8246598701572641
                   1598      2.276023387908936      9.118267059326172      1.005971912819342      1.184947994947487     0.2113895233292045     -2.848102289290519
                   1599     -3.282540321350098      0.313712477684021     0.9971352299747601      1.181035340513338      3.057052290843667    -0.1887288354208194
                   1600      9.405633926391602      10.48748779296875      1.000826625654683      1.191024843305459      15.13025825944565      1.422634467431564
                   1601      3.523775815963745      5.427300453186035     0.9993285943357356      1.193763839246553     0.6456807328218475     -1.730713107458512
                   1602      1.123024940490723      7.484711170196533     0.9964142298835631      1.194581208475622     0.9899773713741888      -1.30557230003738
                   1603      10.25574970245361      11.67675018310547     0.9975346946434763       1.19886480685935      16.47052831574139      1.510776823556213
                   1604     -2.565497398376465      4.670391082763672     0.9917513182715944      1.191706361480358      2.313444805137237    -0.4638615848730509
                   1605      7.972756385803223      9.103652000427246     0.9857002638788608      1.186362630286677      12.86385130893404      1.241207640878866
                   1606     -4.382231712341309     0.0790870189666748      0.983470330949603      1.177700807454541       4.04377118594535     0.0743714163835122
                   1607     -2.831110954284668     -2.126766681671143     0.9813187231606091       1.17838061050163       1.83458794645273    -0.7175995032318165
                   1608     -5.051581382751465      1.540533185005188     0.9759701945921972      1.175719207178783      6.499050485172758     0.5395103440975246
                   1609     -8.680843353271484      1.474419593811035     0.9789573575262676      1.169863709913778     0.3724239507732466     -2.321804923934089
                   1610    -0.1616650819778442     -3.156095743179321     0.9774381743662307      1.171368411062744      0.446538456994193     -2.140579905982122
                   1611      8.749006271362305      11.43946838378906     0.9876310255262154      1.180603693901669      22.64683345808777       1.80389728157613
                   1612     0.7233431339263916      6.095868110656738     0.9844259817389778       1.17823606003329      1.772117304023358    -0.7492056261381036
                   1613      9.809293746948242      11.36311817169189     0.9961202677289553      1.192753233291316      27.23159615840821      2.007052357725458
                   1614      3.961695909500122     -3.191690921783447     0.9956710509937502      1.191225034357925   0.009726548829595455      -5.93195483038779
                   1615      5.153204917907715    -0.9393603801727295     0.9926698679650805      1.187445616586562    0.01251301938719298     -5.686240859007439
                   1616   -0.05501747131347656     -9.103350639343262     0.9849186262856268      1.182903308924413      7.689638301524909     0.7229467781056825
                   1617    -0.3078336715698242     -11.43509387969971     0.9786673551609718       1.17865628061386      8.033119154929279     0.7566818970923664
                   1618      6.047271728515625      9.526216506958008     0.9760221635453786      1.174131450559795      2.818207942288747    -0.2973426626682233
                   1619   -0.03169822692871094     -10.94083976745605     0.9705570710893735      1.169214515330056      12.67680529661575      1.196518502613292
                   1620    -0.3324941396713257      -1.51962673664093     0.9678824691001299      1.168239608414874     0.2845123447060385     -2.603827806339983
                   1621     -3.609579086303711     -0.950345516204834     0.9639140845956979      1.163693683437179      2.839554503517438    -0.3112093443059787
                   1622      7.789048671722412      5.836099624633789     0.9651139540967352      1.160315497862992     0.4948186330414093     -2.060083692990111
                   1623       11.1822624206543     -3.461567640304565     0.9658615692161902      1.157094911666296    0.02834494621208349     -4.921831372675418
                   1624      7.038353443145752      2.923798561096191     0.9655794638899085        1.1529437607621    0.04607222112466373     -4.439956065860197
                   1625      2.758605480194092     -5.678804874420166     0.9664784280623405      1.148891551206861    0.06182196547492456     -4.148497803587516
                   1626      7.427720069885254      -2.10730504989624     0.9647858915554453      1.145923610929192    0.01674769855888476     -5.458835110103371
                   1627      8.548819541931152     0.3176112174987793     0.9642157837220409      1.142075737422364     0.0212727649807994     -5.223622965315503
                   1628     -2.803223371505737      -4.72871208190918     0.9612555256104902      1.136960095067303      1.797655604856677      -0.79437608123907
                   1629     -6.235485076904297      2.735520839691162     0.9622824010479945      1.134338951760005      2.668346168244506    -0.4006409505818835
                   1630      7.524351119995117      7.484374523162842      0.958020511295231      1.134297631235106      4.029149607422542   0.006980316609388633
                   1631     0.2073869705200195     -4.370489597320557      0.957498417423844      1.130867932241958     0.4103649372482578     -2.280856778676461
                   1632      7.239249706268311       7.04716682434082     0.9527272859681636      1.124113000738335      3.897847056261138   -0.04071049840053536
                   1633      11.64828205108643    -0.9304616451263428     0.9533241627735303      1.120750495732662    0.04798693347202245     -4.440330824567836
                   1634      9.434823036193848      1.424012303352356     0.9525854319832199      1.117241664406466    0.03580956158180029     -4.736955536714467
                   1635      11.05146217346191      1.657340526580811      0.951289151283895      1.113480544070877    0.04743417650416373     -4.460561328063301
                   1636      8.845914840698242     -4.370907306671143      0.949693631125237      1.109976422467438    0.01225230668480663     -5.819020687918007
                   1637      5.414883136749268     -6.356424331665039     0.9476128033608141      1.107059463685355    0.03726867504723744     -4.711406606447014
                   1638    -0.9946836233139038     -3.034372568130493     0.9505910037286569      1.103570329989241      1.078978531247929     -1.345808474326278
                   1639      3.448101043701172     -2.424765825271606      0.948276479472975      1.100151419690052    0.01373039945980941     -5.715506878450494
                   1640      2.697236061096191     -6.059399604797363     0.9454292645917811      1.096689670450121     0.1656606945217545     -3.231336108893918
                   1641      8.279413223266602      1.137557744979858     0.9427919302343598      1.093199458863072    0.05134153918404916     -4.408758674153072
                   1642      2.443845272064209    -0.6726527214050293     0.9409231596025364      1.090013531073798    0.01340156792987286     -5.756789823276328
                   1643      10.47915458679199      0.610973596572876     0.9424331666262423      1.087898552666198    0.07686299932676138     -4.010475605350752
                   1644      12.27491092681885     -1.998332977294922     0.9414616701581738      1.084849962793691     0.1014526279477223     -3.736745821186727
                   1645      4.080138206481934      1.234517097473145     0.9388791703859788      1.081762269106384    0.01446492121714849     -5.690208395267269
                   1646      4.969071388244629     -3.963093280792236     0.9361475161316362      1.078671370616313     0.0338556159958408     -4.845605089021856
                   1647      6.614542007446289      7.999966621398926     0.9298767081511645      1.074883442082244      6.854795074869029     0.4547548114109752
                   1648      3.551087379455566     -5.851725101470947     0.9275307324760401      1.074449939197921     0.1417381894301113     -3.426896726836552
                   1649      3.079535007476807     -4.031158447265625     0.9257746771531624      1.072908405229024    0.07597554862246163     -4.053797588642454
                   1650     -1.488634586334229     -9.136728286743164     0.9206426806129071      1.067624675197288      7.112999508918199     0.4749744277002829
                   1651     0.3789443969726562     -10.28032493591309     0.9180132995773823      1.063589716643353       18.3204385208974      1.414421043549601
                   1652      8.009613037109375     -3.839787244796753     0.9170151006290667      1.062500844419329    0.01859154342038851     -5.480756942466746
                   1653      9.657625198364258     -1.868662595748901     0.9159326263278846      1.059897077638797    0.03560694186863102       -4.8345578891648
                   1654      11.64681911468506   -0.07204127311706543     0.9156392168496766      1.057116724930882     0.1174964400823933       -3.6436375349281
                   1655      3.697618246078491      6.390445232391357      0.913617508128302      1.058134404880556     0.9015954272044749     -1.607127865522675
                   1656      9.220906257629395      9.140561103820801     0.9083666434951306       1.05853924467318      17.75034130972291      1.367484878486617
                   1657     -2.112947940826416     -9.450949668884277     0.9087104672033673      1.055516870005555      6.156158942685953     0.3060522893260392
                   1658     -1.385751247406006     -8.225679397583008     0.9057933335873546      1.052311608400189      7.537651076214051     0.5022532105800687
                   1659     -2.304031133651733     -6.499154567718506      0.905178717119785      1.049097626486604      2.340785244939162    -0.6709086012629457
                   1660     -6.975608348846436     -3.521627426147461     0.9062565719696389       1.04725637181564     0.1743587430417498     -3.268601979601204
                   1661      5.230289459228516      8.217199325561523     0.9040606605704162      1.042712163644794      3.473051140750738    -0.2837027144038137
                   1662     0.6566891670227051     -11.34029388427734     0.9008116103203463      1.042961464666986      19.51363060854552      1.439015759746046
                   1663     -5.723694801330566     -4.023380756378174     0.9008232551354949      1.043188547405459     0.4335404806037579     -2.367636941424822
                   1664     -1.010971546173096     -5.042075157165527      0.898255053432088      1.043650185953325      1.171722043045519     -1.375804929491933
                   1665      1.427225470542908     -4.232353210449219     0.8974007306513833      1.041334785112659     0.2344533540475521      -2.98795062444183
                   1666     -0.541865348815918     -10.65915584564209     0.8961323909252742      1.040634540388989      27.17819770579945      1.762876076717058
                   1667       2.85471773147583      7.340047836303711      0.893742436040845      1.040291175791229     0.8969743363759332     -1.651267588457141
                   1668       9.52455997467041      10.95236968994141     0.8952509864164586      1.047069977762574      33.12124461731941      1.965816942543101
                   1669      8.915813446044922     -4.438117504119873     0.8948641320195836      1.046967130889281    0.02506975393443251     -5.220981587373342
                   1670      8.973878860473633      4.076180458068848     0.8976312331144543      1.044842668343622     0.1286348820376279     -3.584609453720685
                   1671      10.93021011352539      -3.11720609664917     0.8982034279292646      1.042463295995803    0.06800793430643984     -4.223605698262083
                   1672     0.1789251565933228     -3.338457584381104     0.8986687165754134      1.039470034542588      0.890657038301464     -1.653628219932705
                   1673     -2.011835336685181    0.07164973020553589     0.8956976711528111      1.035826403738651       1.90270423079828    -0.9013791871857458
                   1674    -0.7920647859573364      4.085683822631836     0.8930547906813157      1.034837661085274      1.767960582062205    -0.9787386733931466
                   1675      6.995526790618896      10.10832977294922     0.8892868839004506      1.032907583899448      9.388868497967115     0.6848645529475438
                   1676    -0.1448554992675781     -4.550405502319336     0.8900229600419634      1.030744804419744      1.306484267545221     -1.288589165679733
                   1677     -2.326725482940674     0.9265192747116089     0.8877345609027693       1.03091824615367      3.013490743287034    -0.4552360333054209
                   1678      1.819344997406006     -9.793988227844238     0.8836057919418624      1.027354014004158      10.60636780018369     0.7949943194327483
                   1679     0.3186707496643066     -10.29851531982422     0.8852602469571965      1.030563462981897      36.23986903310362      2.028689395422425
                   1680      1.239441394805908      7.515170097351074     0.8838187478982311      1.030120349107624       1.31617481968225     -1.288800531814535
                   1681    -0.7039082050323486      3.696835994720459     0.8810679438345118      1.029291964983122      2.104084907334223    -0.8235712953960473
                   1682      12.75063133239746     0.4296190738677979     0.8816807180631584      1.027471331873511    0.07428105191452561     -4.168426464274803
                   1683      10.93606281280518     -2.714064836502075     0.8824814575898339      1.025067909026279     0.1018323266397025     -3.854388876433654
                   1684   -0.04537439346313477     -7.547537803649902     0.8821910897964805       1.02056672600618      5.611588672143151     0.1501427974713602
                   1685     0.1194343566894531     -10.07683658599854     0.8863858644826317      1.026721397450279      43.33352998864857      2.204991842725905
                   1686      6.571538925170898      9.542028427124023     0.8842744081483773      1.025237638626511      7.891867135662719     0.4980667697979616
                   1687      6.557803153991699     -5.161033630371094     0.8836963016692562      1.027493733148039     0.0365072713755801     -4.876465642867748
                   1688      11.32877159118652      1.929075717926025     0.8837497502098586       1.02520413806597    0.08466689207792728     -4.037422793994248
                   1689      11.87412452697754     -6.022457122802734     0.8839440032949585      1.023071773155789   0.004947016581494073      -6.87922507708474
                   1690    -0.6491036415100098     -8.389100074768066     0.8807477083376651      1.017586531421041      16.33141641466531      1.213837691236582
                   1691      8.780071258544922      12.45612144470215     0.8782607411959665      1.016251936809415      24.79600420987701      1.627289486525788
                   1692    -0.1962454319000244     -3.229410409927368      0.878374015847369      1.015572201853111      1.389208014590327     -1.255199342620751
                   1693     -8.573124885559082     -1.261436581611633     0.8817797250914597      1.013320569613972    0.05987481924282825     -4.397782173357503
                   1694    -0.7835147380828857      1.260966897010803     0.8820402890916236      1.010895887019168      1.286612974023009     -1.332369989462507
                   1695      7.015174865722656      3.281028270721436     0.8817397164094223      1.010922719703156    0.08491098435214074     -4.050849252262311
                   1696      1.612291812896729      4.829385280609131     0.8803213064698716      1.010080562474346      1.059379032669672     -1.529457869561302
                   1697    -0.3379590511322021      4.387118339538574     0.8783405249251491      1.008017062588993      2.427379119411499    -0.7046262617726164
                   1698     -4.907911777496338      -1.25381064414978     0.8770792673408974      1.007114594202883      2.517785010371589      -0.67039151341699
                   1699    -0.5533504486083984     -10.28209209442139      0.878249015003353      1.010316077338766      41.44776485838394      2.135169513571685
                   1700    -0.7707729339599609      5.248873710632324      0.876934630573058      1.009305344567569      2.495140857740956    -0.6774178898718876
                   1701     -6.180009841918945      2.639086961746216     0.8762872188515934       1.00920115111689      2.808841510443817    -0.5598327266294344
                   1702      2.772671222686768     0.2170990109443665      0.877040886411416      1.008585195550355   0.009980213660133113     -6.199506457779199
                   1703      9.670909881591797     0.1043922901153564      0.878656448514513       1.00656842847753    0.07193444404314142     -4.224516988150545
                   1704      11.00969314575195    -0.2595093250274658     0.8805560790757467      1.004654014354782     0.1317391754901487     -3.619192262654648
                   1705      10.92343616485596     -1.042227506637573     0.8819156142518751      1.002747262350755     0.1530920339258678     -3.469333980116386
                   1706      13.13640689849854     -2.532979965209961     0.8837657970712023      1.001137347358307     0.1137321173937009      -3.76603849217958
                   1707     -4.361841678619385      -6.51292610168457      0.883189060714256     0.9993085507489234     0.6263151889794555     -2.062511778863677
                   1708      3.125277996063232     -1.499190330505371     0.8838500430867252     0.9974056492043111    0.01789886054491798     -5.618786375203993
                   1709    0.04531955718994141     -8.057314872741699     0.8816203797296815     0.9925222158435087       15.8462776701877      1.159732455261343
                   1710     -6.290641307830811    -0.9721709489822388     0.8807409495819781     0.9936264976789098      1.721723903897378     -1.059762141954583
                   1711      8.677077293395996     -3.700307846069336     0.8812203281095004     0.9936193584041674    0.03180976824895684     -5.050533102401787
                   1712      9.589378356933594      4.352239608764648     0.8807377283170772     0.9916393286740135    0.09138903187017375      -3.99772358512152
                   1713      4.537838935852051      7.082048416137695     0.8815072292843487      0.989459263515063      1.678047093463203     -1.088790649846442
                   1714     -1.439456462860107     -9.410731315612793     0.8788510546880384     0.9860780417422385      22.41270021177447      1.496765586886884
                   1715       8.92695140838623      11.26986122131348     0.8778488924101358     0.9866139171892481      35.99185889840336      1.969832919499623
                   1716     -1.025676727294922     -11.86311817169189     0.8751277201475327      0.984090408102103      17.65201667427976      1.251724527499787
                   1717      9.550926208496094      9.011224746704102     0.8724176995775645     0.9810663125915716      16.16127458801778       1.15731317862219
                   1718    -0.1513078212738037     -6.041728973388672     0.8711618055745235     0.9814003581071006      2.313472991613759    -0.7876550480086091
                   1719     -1.858536839485168       1.46712327003479     0.8700942665062096     0.9798965589150013      2.328383823919527    -0.7839901599434048
                   1720      1.198110342025757      5.855940818786621     0.8692539221468004     0.9783635259335799      1.905425053378967    -0.9869914249069065
                   1721      9.363545417785645     -2.924617767333984     0.8680397820411359     0.9784530447439148    0.05111759204128905     -4.606629350993765
                   1722       8.94366455078125      2.615046739578247      0.866995287663761     0.9770473684170804    0.07898718162021803     -4.174114142792347
                   1723       12.7155179977417     -2.574466228485107     0.8689862233546911     0.9754052101357226     0.1541036603908976     -3.505162648189465
                   1724      11.41481971740723      4.621080875396729     0.8696170055700045     0.9737444298110622    0.01526708096056259     -5.818067692775179
                   1725     -5.671482563018799     -4.087378025054932     0.8698515223055915      0.972116922057964     0.4522022450423461     -2.431040255054182
                   1726     -6.551695346832275     -2.303946733474731     0.8689265144524578     0.9702803477808114     0.9982991313041633     -1.642071831492212
                   1727     -1.460398316383362     -3.541665077209473     0.8684595329065971     0.9684434901885903      1.760124069787067     -1.077417696589579
                   1728      10.44466400146484      11.38043022155762     0.8662014644667898     0.9680528694536052      27.79755141678697      1.679139039641479
                   1729     -1.546176910400391     -9.624294281005859     0.8635650664702378     0.9652085038277274      24.15852180721899      1.532837457539394
                   1730      -5.07282018661499     -2.888914108276367     0.8632466798273619     0.9640416641216535      1.195351773755115      -1.47493760383185
                   1731    -0.7521395683288574     -9.153358459472656     0.8616140053298194      0.961476203818294      36.17231084235389      1.930358007641351
                   1732      3.936691999435425       5.33430290222168     0.8608524295456483     0.9611870110764732     0.7195900962663693     -1.988194574907284
                   1733      1.147274017333984     -11.10958576202393      0.857453136035436     0.9581978239415896      24.07670874306234      1.515052589056189
                   1734      9.073029518127441      9.293384552001953     0.8537960536569734     0.9557963708695096      21.22942598026595      1.382412357518444
                   1735     -4.693908214569092      3.746286153793335     0.8540001670556071     0.9583115153664467       2.15887987787639    -0.9005193218248629
                   1736      5.920413017272949      9.275022506713867     0.8531804235074242     0.9588132266176077      5.305058773152205  -0.001884931282288237
                   1737      7.594412803649902      10.68312454223633     0.8498049344364129     0.9558537194513886      15.66613870304002      1.073900214043882
                   1738      10.05359268188477         10.69091796875     0.8483611072174702     0.9551246037227806      31.44518582274939      1.768180962544978
                   1739      8.980927467346191      8.973215103149414     0.8445077729055408     0.9511871488981818      20.70022633715256      1.341396288514302
                   1740      2.002108812332153      5.793363571166992     0.8434345922150741     0.9503890563896077      1.269303598538441     -1.452390929159363
                   1741     0.3609075546264648     -8.582118988037109     0.8405480296733084      0.946339774544611      22.23293774208818      1.403017519953184
                   1742     -3.502461910247803     0.3611181974411011      0.839645183620026     0.9489989574637456      3.382301179320121    -0.4782697187714131
                   1743      5.321954250335693      8.459255218505859     0.8393122274176574     0.9470696873846277      3.691620899911288    -0.3931920336454379
                   1744      3.340500354766846      7.900922775268555     0.8379663830889728     0.9459155600499206     0.8719011519685272     -1.839161051313847
                   1745      3.457714080810547      4.906538963317871     0.8365748716631024      0.944561213563931     0.6717447691123836     -2.103053421878208
                   1746      8.125919342041016      8.732797622680664     0.8331454395497238     0.9407425543824238       14.8491788742394     0.9846091870770406
                   1747     -2.707129955291748     0.4842246174812317     0.8318585883892636      0.938697047603286      3.342368415797871    -0.5103782042357641
                   1748      10.54259872436523     -1.533015727996826     0.8323277381441849     0.9384240950289662     0.1240457222481652     -3.803889921604375
                   1749      9.494852066040039      4.218215942382812     0.8340486466336886     0.9371799173519453     0.1053899639254137     -3.966133979413298
                   1750      8.624452590942383      1.984135150909424     0.8337896697362513     0.9361034698247652    0.07052736355460128     -4.369260438989919
                   1751       12.5671854019165   -0.09146690368652344      0.833684723285456     0.9363521181881723      0.101829619973721     -4.001820474231122
                   1752      13.85646057128906     -3.580728530883789     0.8349701895992697     0.9351757658514229    0.08139692653442737     -4.225500365715592
                   1753      9.229909896850586    -0.5787367820739746     0.8348088681039155     0.9338574786808749    0.07200123206924545     -4.349758536789389
                   1754      4.039880275726318     -5.069915294647217     0.8347692987220002     0.9325478995716335    0.07528425839346768     -4.306621424249539
                   1755      13.95099067687988     -3.977595806121826     0.8336254019628134     0.9314828912410938    0.08049282063084592     -4.242238438215015
                   1756     -1.648377060890198   -0.06901326775550842     0.8326935588962253     0.9296260484874599      2.130790392455705    -0.9692720290393136
                   1757      10.56165218353271      10.70586013793945     0.8321231395800993     0.9261100928527084      27.56824437456369       1.58642497560508
                   1758     -2.524276733398438      -4.28565502166748     0.8321159727099298     0.9260023090591131      1.788926540431814     -1.148748829601084
                   1759     -3.896681308746338    -0.1973239183425903     0.8304470551352026     0.9283744817509646      4.401109831909351    -0.2479570132596216
                   1760     -3.277410268783569     -7.425792217254639     0.8325529431814581     0.9274249157976361      1.541678154042405     -1.295432934419506
                   1761     -1.086671829223633     -9.872838020324707     0.8334052690798164     0.9258140145094809      40.42828193043656      1.970509874309743
                   1762     -2.706202983856201     -4.585736751556396     0.8325985826677073     0.9258642220376632       2.07619736995502    -0.9993958601851994
                   1763     -3.162303924560547     -5.569354057312012     0.8312668078886073     0.9265598997571692      1.872626927986703      -1.10344139460133
                   1764    0.03441715240478516     -2.564592599868774     0.8306053890198442     0.9251144883824602      1.034945750728235     -1.698791790144828
                   1765     -1.371944665908813     -6.388264656066895     0.8295130166609145      0.923473556231569       2.62423934127973     -0.771441075168955
                   1766       -3.2476487159729    -0.1897892355918884     0.8284147188000245     0.9212163434628066      4.914790365694092    -0.1477552139557124
                   1767      2.440077304840088     -8.695783615112305     0.8266810877114139     0.9204053869293296      3.549163906119476    -0.4762678586376016
                   1768      -1.93186342716217     -3.289914608001709     0.8260997738204672     0.9192021694239924      2.116355222547408    -0.9952961022046349
                   1769      8.742362976074219     -2.586225509643555     0.8257070626657205     0.9181128204656758    0.04560684610909285      -4.83435021473458
                   1770     0.4877240657806396       4.58752965927124     0.8243063144840935     0.9180768780785858      2.503370880837581    -0.8307516110853281
                   1771     -4.852021217346191     -7.521379470825195     0.8236372481378756      0.917626140928959     0.3345163614130008      -2.84476235474168
                   1772     -6.757891654968262     -1.028812646865845     0.8223831580131379      0.917521747950796      1.308440373462818     -1.482494549201854
                   1773     -2.590322494506836     -3.988757610321045     0.8213421952073404       0.91565147826473      3.042409743197264    -0.6419876054185238
                   1774     -3.091683626174927     -5.035338878631592     0.8201300597832346     0.9138870975549818      3.089404747383097    -0.6300647117799474
                   1775    -0.8865565061569214     0.9647514224052429     0.8187688881886476     0.9131469052631114      1.755900654819874     -1.197532574401927
                   1776      4.026532649993896      7.186718940734863     0.8179274534569807     0.9124949191835705      1.721803190178108     -1.218884850647995
                   1777    -0.8633222579956055      -1.64763331413269     0.8165363515870059      0.911994013478478      1.018701981296661     -1.745979013015436
                   1778      11.93484973907471      2.722609519958496     0.8185418642354652     0.9108282401724179    0.04283346167677546     -4.913769905446836
                   1779      8.973852157592773      11.82058811187744      0.817663216808809     0.9092819633229717      41.58530965082835       1.96163962360085
                   1780     -5.034156799316406     0.9632480144500732     0.8173579399210531     0.9112203653559759      5.199873350974904    -0.1157169755853713
                   1781     -1.735321044921875     -5.954137802124023     0.8164446455628519     0.9098421730914479      2.621277096963897    -0.8033212168508996
                   1782     -2.848949909210205     -7.810343742370605     0.8152534838809941      0.907983469320267      3.828642257828561    -0.4279776217305424
                   1783     -4.658689498901367     -1.114317417144775     0.8138612208744744     0.9060746509579372      3.849985324141432    -0.4262322247194761
                   1784     -1.681577682495117     -7.036404609680176     0.8121034454838078     0.9039501537587175      6.072107623006539     0.0248945905071267
                   1785       7.66209602355957      11.25357246398926      0.810404539212257     0.9033108949168208      23.59777235129923      1.379539534031221
                   1786      6.500784397125244     -3.734379291534424     0.8123440461213669     0.9027572522554561    0.02626163946149736     -5.419481455069721
                   1787      2.867049694061279      1.979567766189575     0.8117984376625146     0.9017015082188865    0.03461396731580279     -5.145175496807126
                   1788      13.59256744384766     -1.916711091995239     0.8128716685091387     0.9004745168042914     0.1495171605406393     -3.682062114553665
                   1789    -0.3649025559425354     -1.751662135124207     0.8130195815470197     0.8991079705227665        1.1569679043166     -1.637252090945248
                   1790      9.469505310058594      11.05514335632324     0.8159102852240193     0.9025138582639242      62.86458171699213      2.365258245108691
                   1791     -1.872422218322754     -8.752767562866211     0.8138648086326485     0.9011602744399463      23.49462292880241       1.37703585863527
                   1792      2.741125106811523    -0.9440611600875854      0.813036396680374     0.9011297467698562    0.01883486847441998     -5.752833414769502
                   1793      7.158408164978027      -1.69319760799408     0.8124234548366709     0.8998143777267361    0.02172990984059096     -5.612068559472745
                   1794      8.200939178466797      1.729982376098633     0.8138197178628981     0.8987306593892832    0.08194442485629079     -4.284204874243366
                   1795     0.6461052894592285     -10.04624271392822     0.8125717286328747     0.8973779969709194       41.2060736488226      1.933053909361149
                   1796      9.840429306030273      2.032893896102905     0.8123981626787827     0.8976955494956975    0.09867413608105298     -4.101323986575721
                   1797     -3.214006185531616      2.175021886825562     0.8128835782640957     0.8958967442446887      3.425110574703187    -0.5556663006509042
                   1798      8.926372528076172      11.34122276306152     0.8148415924509416     0.8969400035220332      62.39802567450083      2.350303217326751
                   1799      1.338871955871582      -9.95915699005127     0.8127881977720761     0.8959000192804976      27.42356818195194      1.524489052595077
                   1800     0.8680343627929688     -5.350253105163574     0.8122153574308584     0.8966339874531608     0.7623723135072552     -2.058120101757309
                   1801       6.79875373840332      -2.91524600982666     0.8112467353098205      0.896338857563213    0.02754420043460969     -5.380285622712509
                   1802      6.296284675598145     -1.391645908355713     0.8110777942180489     0.8954634418873861    0.02240924212740243     -5.587789561576805
                   1803      8.229679107666016    -0.6148116588592529     0.8117946320291742     0.8946997012383715    0.04639873036830036     -4.859960779385218
                   1804      2.864738702774048     -1.736082792282104      0.811032900134481     0.8935109930826546    0.02637480449577773     -5.427091962209641
                   1805      6.318995475769043     -6.146764278411865     0.8117517848322864     0.8926778300906915    0.04083593176286545     -4.989985672837936
                   1806      -1.47554612159729     -3.999628305435181     0.8125749599645564     0.8914105893008313      2.796176672113289    -0.7639468030525115
                   1807     -1.478059530258179     -6.008625984191895     0.8123045774176403     0.8904544103196022      3.926322904661852    -0.4259025098766091
                   1808      6.391223907470703      7.911796569824219     0.8122621232370504     0.8892869568680811      5.837012061901454   -0.03075101892065346
                   1809     -5.344181537628174     0.9725193977355957      0.811748462487266     0.8906029727084411       5.21302656964614    -0.1429632708498646
                   1810     -2.292127132415771     -1.055505156517029     0.8118287784571733     0.8893397379206731      2.637409404798567    -0.8256471979113058
                   1811    -0.3088195323944092     -5.981185436248779     0.8123160980644485     0.8879352125902356      3.162132462979096    -0.6451781617541833
                   1812      8.677180290222168      8.668353080749512     0.8109352786216026     0.8870753791075475      20.60887896771653      1.226627086993396
                   1813     -0.857567310333252     -8.721038818359375     0.8094549615030645     0.8854855719750745      38.54530487122048      1.849118475862592
                   1814     -4.593961715698242     -5.809504508972168     0.8088289327997833     0.8855609070088873     0.7828670909517862     -2.048196784802326
                   1815      1.754852771759033      5.674888610839844     0.8082880560657169     0.8848590906420547      1.843749877878415     -1.193064733482911
                   1816      2.162574768066406      6.380195617675781     0.8071435097228198     0.8848434176757131      1.603420351786123     -1.334161869886001
                   1817      6.408149242401123     -4.578399181365967     0.8061819332432649     0.8845730698912612     0.0420742247215545     -4.976118523901571
                   1818      9.991710662841797     -2.792238473892212      0.805657392748003     0.8835293104062562    0.08909046773565434     -4.227733007558902
                   1819    -0.5511374473571777     -10.10968208312988     0.8051988961391808      0.882940566874722      56.30314237463664      2.219884440327284
                   1820      9.622429847717285      12.47619533538818     0.8038267958637514     0.8822059404099327      42.20982845446257       1.92924931381864
                   1821      -4.52369499206543     -4.034430503845215      0.803728940421692     0.8823948977984183      1.096162963277191     -1.721495495205242
                   1822     -2.782115936279297   -0.05452996492385864     0.8036621713091875     0.8810333726652125        4.7276787952237    -0.2615042784139394
                   1823     -3.425071716308594      -7.91621208190918     0.8031152639782134     0.8800491280214395      2.656973816032242    -0.8395493305252127
                   1824      4.431915283203125      6.715685844421387     0.8020637192143455     0.8799474340786174      1.680537849881316     -1.299049003384854
                   1825      2.883855104446411      6.417139053344727      0.801014795833955      0.879750044174505      1.458890606599764     -1.442019587688239
                   1826     0.9048709869384766     -5.896347999572754     0.8004005199907192     0.8802353429177886       1.35830960395711     -1.513670573473883
                   1827     -2.034698009490967      4.690918922424316     0.7997441334024478     0.8792157646017124      1.736919913786562     -1.269777564135026
                   1828       1.61192512512207      5.465296745300293     0.7987148775533053     0.8787285394352546      2.454604466130167    -0.9257674323254511
                   1829     0.4378180503845215      8.364304542541504     0.7977714975186779     0.8782337759832944     0.5108341226948755     -2.497188445349102
                   1830     -2.699260473251343      3.443008184432983       0.79660133090656     0.8773099045051915      2.382954766231934     -0.959657264703812
                   1831      4.111437797546387      5.692707538604736     0.7956155479195856     0.8763730063820417      1.278140164660564     -1.584899200291237
                   1832      5.901019096374512     -4.149472713470459     0.7950161546754133     0.8756905769779135    0.04584425233163422     -4.914343326612594
                   1833      10.32022953033447      11.77248764038086     0.7935189232915212     0.8740525652838236       47.3696009586873      2.022385476637127
                   1834      9.169316291809082      1.186238527297974     0.7933894725632137     0.8734542303068359     0.1061003454596469     -4.079813129092898
                   1835     -1.175872802734375      -10.5100154876709     0.7921158063642759     0.8718853368680223      41.89749588712682      1.895378462148191
                   1836     -2.032137632369995      2.291296720504761     0.7917293117167677     0.8728727373310834      2.297414404605438     -1.007419478202263
                   1837     -5.783097267150879     -6.641283988952637     0.7918469924694463      0.871954065331743     0.1457526793602801     -3.765952264777047
                   1838     -4.104949951171875     -2.407247304916382     0.7913537743600357     0.8717007681873035      1.650891561802151     -1.339706312066456
                   1839     -4.351222991943359      4.160978317260742     0.7911655831272344     0.8709934908820942      1.788710658407275     -1.260576279901199
                   1840      7.533734321594238      9.029454231262207     0.7903549946074815     0.8705311258357593      13.25628801073147     0.7408446052511902
                   1841     -10.44621562957764      1.352299690246582     0.7902744201952215     0.8699310324680989    0.02194616429633245     -5.663581835182059
                   1842     -2.805211544036865      -4.67258358001709     0.7896409175253138     0.8694560817468244      3.450475239248335    -0.6072550189378828
                   1843     -5.615517616271973      2.909282684326172     0.7887524895017791     0.8692091740584054       2.95561646914744    -0.7634694999509681
                   1844      10.46320056915283     -2.597990274429321     0.7891168505369686     0.8692846882147852     0.1135900969800658     -4.021786986632715
                   1845    -0.3400173187255859     -2.746139526367188     0.7883789439232394     0.8706728618832034      1.609558843318058     -1.370007805245675
                   1846       11.0180606842041     -2.690102338790894     0.7884060381400495     0.8700796045999599     0.1441504487702212      -3.78351292179803
                   1847      -4.21901798248291      3.362909555435181     0.7875671866420514     0.8690765814131083       3.27931082323049    -0.6611999049202769
                   1848     0.4595615863800049     -5.519131660461426     0.7870735923795346     0.8684449206115995       1.67945470064152     -1.331718044573067
                   1849     -5.148772239685059     -5.254991054534912     0.7867020221720535     0.8679501975689237     0.5370048890657821     -2.472977312478095
                   1850   -0.01842188835144043     -5.391847610473633     0.7860116688497164     0.8671322267827545      2.313700074258857     -1.014202000221925
                   1851      1.573051929473877     -10.95672988891602     0.7837085811360084      0.865936242277391      19.45559277509266      1.110769980048115
                   1852      -4.40929126739502    -0.1360071897506714     0.7824840557486609     0.8649546525372089      5.595332247623832    -0.1381297712252622
                   1853     0.9512929916381836     -9.831521987915039     0.7801891295552511     0.8633676333727731      37.61416862248278      1.762544642482015
                   1854      9.813934326171875      10.48296546936035     0.7798666248869219     0.8631235766080632      53.85845061223183      2.120826985306953
                   1855    0.01992464065551758     -9.437134742736816     0.7784175236589892     0.8625030183534805      51.72804887292317      2.077888736164213
                   1856      7.946042060852051      9.559247970581055     0.7765119031636947     0.8607076916634905      22.26288555002503      1.230274765595171
                   1857     -3.564804315567017     -1.906983613967896     0.7762297474095916     0.8606253075462855      2.366027073103583     -1.011893143588844
                   1858      12.79980659484863     -2.271703720092773     0.7773870255096336     0.8597039849690234     0.1632340262446939     -3.685257029972425
                   1859      6.585434913635254      5.384968757629395     0.7796004705551556      0.858855515462512     0.5467109017211835     -2.474665975217273
                   1860     -5.163525104522705        2.8788902759552     0.7797405748696657     0.8579746108509669        3.8548707857195     -0.522339857250165
                   1861     0.2491328716278076     -6.550063133239746     0.7793280245710474     0.8567382562630521      4.546882799200987    -0.3592067272278103
                   1862      7.843217849731445      11.83955764770508     0.7780219009910628     0.8553298836007763       24.1368175232233      1.306767149174003
                   1863     -1.924189925193787     -2.744687080383301     0.7778609944418812     0.8555640383915666      2.166357446183468     -1.103857176897602
                   1864      7.869298934936523       1.98133909702301     0.7777986173488873     0.8546028305876252    0.07625921246713588     -4.451725693183393
                   1865     -1.961401104927063     -3.672400236129761      0.777415323559333     0.8536723799280624      3.428099943973895    -0.6476847459557947
                   1866     -1.046913146972656     -4.912940502166748     0.7771222486768147     0.8525351853181855      2.863538263557887    -0.8293429522122627
                   1867      7.147400856018066      9.935491561889648     0.7760004020989442     0.8506619873315296      14.85352209482024     0.8131917874850378
                   1868      2.952389717102051      7.814908027648926     0.7751400619560308     0.8508210818985135     0.9789035420763106     -1.907289689327038
                   1869      6.250740051269531     -5.527667999267578     0.7749777890774938     0.8506397145268074    0.05001518489164389     -4.881818701486718
                   1870      8.596932411193848     -1.800578594207764     0.7743972930305221     0.8501130094121448    0.04857619866817034     -4.912380395183694
                   1871      10.06079196929932      3.102744579315186     0.7763319476920104     0.8495128476716864    0.08080945378051198     -4.401631177993558
                   1872      13.37239074707031    -0.7540783882141113     0.7770353339297981     0.8490460887627076    0.09599630173077685     -4.229059438060982
                   1873      7.737436294555664      9.216832160949707     0.7753536000363145     0.8474004331944348      22.16969992748664       1.20900590018205
                   1874      6.792324542999268    -0.6761236190795898     0.7750239825241005     0.8469127904998531    0.02573402810956702     -5.550662532390888
                   1875       11.6705322265625     -5.372354984283447     0.7750736094117502     0.8462729914039017   0.007857652749908793     -6.737680473400457
                   1876    -0.4927535057067871     -9.890645027160645     0.7749583338514239     0.8463957588237936      63.55840663842469       2.26054246702744
                   1877     -2.233540534973145      6.148686408996582      0.774850231228966     0.8463668676711245     0.7076918957365206     -2.237336900621535
                   1878     -4.125475883483887      1.208665609359741     0.7747907421719769     0.8451685156283788      5.623717452289664    -0.1660911904336281
                   1879      2.268303871154785     -4.888008117675781     0.7760096649803091     0.8445827134751398      0.211315823996441     -3.446606939335353
                   1880      1.625603675842285     -10.37821292877197     0.7737593904428827     0.8447239294697402      25.83068733217834      1.356620918992136
                   1881      1.373187065124512      8.086775779724121     0.7733986157632053     0.8452974579309246      0.764496052160679     -2.163268362670187
                   1882      9.392732620239258    -0.4191820621490479     0.7734357564823835     0.8448027032997497    0.09294089103284864     -4.271058965453695
                   1883     -4.169687271118164      3.131950378417969      0.772865734740243     0.8435959885246733      4.241114060537273    -0.4526081030640303
                   1884      3.209957122802734      7.857473373413086     0.7729043197274237     0.8455781725187348      1.213942419176063     -1.701163975944749
                   1885      9.418549537658691      9.670997619628906     0.7709460653560664     0.8443369324295379      40.51836296289869      1.802712197701746
                   1886     -7.556366920471191     0.5227196216583252     0.7713079586488827      0.845327027954022     0.5801600624790095     -2.441853075624351
                   1887     0.6186861991882324     -6.935639381408691     0.7717208590054151     0.8441417234070718      5.827020629985373    -0.1357639902566179
                   1888     -10.98685359954834    -0.6707160472869873     0.7721052161441383     0.8433895468001926   0.002964460807945269     -7.719723458258737
                   1889      -7.69084644317627     -3.444091081619263     0.7720264493100768     0.8430092231239442     0.1102264739305912     -4.104434587922307
                   1890     -1.734641075134277        3.6357741355896     0.7715095244026418     0.8424732506480332      2.224557289717397     -1.100964267402265
                   1891     -4.558812618255615      3.941346406936646     0.7717192822733003     0.8432865863533827      3.246913824039388    -0.7215804482867247
                   1892      5.487390041351318     -5.185478210449219     0.7712421026634674     0.8439861111947828    0.05989341284066486     -4.714263496231061
                   1893    -0.7862178087234497      -2.81441068649292     0.7709522793569719     0.8429041825616498      2.336812156327333     -1.051945680618406
                   1894      8.320428848266602   -0.08843088150024414     0.7708639341090119     0.8420168363035537    0.07209480576830421      -4.53167451253965
                   1895      5.698814868927002      4.320320129394531     0.7718576229626705     0.8411688562711361     0.1488588044751941     -3.806377637408884
                   1896        8.3262939453125     -4.162386417388916     0.7716552962494344     0.8405605958620428    0.03493357608052604     -5.256912979879667
                   1897      -3.87238073348999     -7.935894012451172     0.7714539205608073     0.8401773920089436      1.631453164424815     -1.413851998067963
                   1898      4.741263866424561       8.19603157043457     0.7716392423722632     0.8395267935902705      2.428310727582988      -1.01666174900276
                   1899      6.608394622802734     0.2667695283889771     0.7709466395196082     0.8391945484786962     0.0231540135733347      -5.67073853937675
                   1900      6.985593795776367      2.088859796524048     0.7702541608012075     0.8383403111452618    0.05013085928236706     -4.900186971253251
                   1901      9.963305473327637     -5.050265312194824     0.7704279075050026     0.8377624725369724    0.01726240097080466     -5.966756918853692
                   1902      11.26630687713623     -5.679473876953125      0.770597916002989     0.8370908679123618   0.007597100388819162     -6.788102397151271
                   1903      11.59231281280518     -1.325705051422119     0.7704136903722261     0.8362510921947214     0.1734378177246624     -3.661292715905463
                   1904      9.415853500366211      5.971498966217041     0.7704354026946699     0.8353526617255498     0.2673138228583704     -3.229735267224817
                   1905      7.878756523132324      10.85428524017334     0.7691815633379598      0.833967591422432      35.26724611205199      1.649263127134315
                   1906     -2.210907459259033   -0.03516429662704468     0.7684034855301869     0.8330430702126512      4.052895676856608    -0.5163812007710056
                   1907      6.682328224182129      8.547218322753906     0.7677624716903786     0.8329118074423889      10.64273657531231     0.4480726934811143
                   1908      2.780381679534912       6.63047456741333     0.7673008865664015     0.8325633564845581      1.755750984141015     -1.354928107046187
                   1909      -7.08008861541748      1.603329420089722     0.7672651888681176     0.8330770232510393      1.405733224238846     -1.576695494057605
                   1910     -3.212043523788452     0.6476088166236877     0.7674977863461846     0.8324560510349901      6.087237098345816    -0.1115027966159387
                   1911      4.901062488555908       7.37980842590332     0.7670798236012806     0.8318215333499051      2.739553192175388    -0.9112094994666037
                   1912      3.540879487991333       7.27601146697998     0.7662997564953139      0.831128363091563       2.19018690281077     -1.136868565798285
                   1913      5.691379070281982      8.032466888427734     0.7656397382644821     0.8307916569162824      5.591007203812715    -0.2009628773330497
                   1914      1.653995513916016      4.814872264862061     0.7647184443275935     0.8299770203660789      2.052249576262558     -1.205370841767972
                   1915      2.568331956863403      4.965256214141846     0.7638240996961162     0.8291438954898056      1.686469113450884     -1.403844815812338
                   1916      9.384601593017578      11.67502593994141     0.7637665001314252     0.8292134825039441      69.98073956715382      2.321746688491597
                   1917      10.26974678039551      11.71338653564453     0.7626814076274999     0.8281184186463346      58.67470766918618       2.14279219210528
                   1918      8.983514785766602     -3.216277837753296     0.7629369918414953     0.8282325687822374    0.06594302587490707     -4.647707831684289
                   1919      2.910306930541992      -1.86414110660553     0.7630131769875494     0.8289228463479946    0.02652585256974487     -5.557446190397089
                   1920      4.963921070098877       1.07916784286499     0.7625671661826734     0.8282364809093857   0.008852222776693694     -6.656310501410828
                   1921      4.337954044342041      5.252524375915527     0.7617728791763936     0.8274337710970384     0.9935778949553418     -1.937678415014955
                   1922      10.10861206054688      11.70082092285156     0.7617496022963212     0.8269980744336856      71.60239646794928      2.339335684957331
                   1923      3.191355466842651     0.6031022667884827     0.7619606908027544     0.8267100450956846    0.01260081962291324      -6.30585754829073
                   1924     -2.635823726654053      4.105391025543213     0.7611457506686651     0.8260813861255927      2.684908384785321    -0.9460483510378787
                   1925     -0.204014778137207     -11.94795703887939     0.7603276912645338     0.8256717958232649      20.45179291404719      1.082804296623262
                   1926     -3.172066211700439     -3.923776149749756     0.7600570211139349     0.8263643322363727      3.342545800082131    -0.7280511741374867
                   1927     -2.900049209594727     -8.425804138183594     0.7597457973803358     0.8256504506161818      6.733777062206697   -0.02892150631620129
                   1928      -8.51075267791748   -0.08609485626220703      0.759612103188552     0.8252891714719753      0.188321104701516     -3.606278142250899
                   1929      8.432851791381836      10.98235702514648     0.7589406888220502     0.8239758437647354      58.07267550042501      2.122546975100887
                   1930     -6.736858367919922     0.4290087223052979     0.7592638998125421     0.8244879126695606      1.618244622922393     -1.456759232677054
                   1931      10.41447162628174      10.92183876037598     0.7585268542579068     0.8235072863447499      63.55637979225899      2.211664861815383
                   1932     0.9454026222229004     -9.180706024169922     0.7572801450082758      0.823248993971269      34.61947103325266      1.602195106194157
                   1933     -2.566709041595459      -1.25217342376709     0.7568214092047623     0.8233014710428674       3.34120976365917    -0.7364304274717663
                   1934     -1.930286884307861     -6.175924301147461     0.7561092555236364     0.8237496946312859      3.966086068992104     -0.565380790779191
                   1935      -7.70331859588623      2.671787023544312     0.7560838061815087     0.8229448151806944     0.6218789771063865     -2.419181526875429
                   1936     -4.322704315185547     -2.750204801559448      0.755448211309626     0.8228489559091975      1.663391263797554     -1.436270787030807
                   1937     -1.332754254341125      -2.69989275932312     0.7549605589999155     0.8220083969587367      2.770590513045633    -0.9277365235754707
                   1938      3.546962738037109     -2.796876430511475      0.754987250644603     0.8211732560121323    0.02871918294089403     -5.497968125234143
                   1939      9.000270843505859    -0.9397919178009033     0.7553887996136445     0.8203518467768773    0.08922752061546797     -4.364812968253409
                   1940      12.15569114685059     -1.642709493637085     0.7574846389357426     0.8196074077967281     0.1911556278533039      -3.60105178510934
                   1941    -0.5262327194213867      7.876394271850586     0.7570541391232189     0.8193244541823269     0.4439784987246988     -2.759277331877345
                   1942     -2.885751962661743     -1.142450094223022     0.7564068903151377     0.8186179652348756      4.488758976383783    -0.4474398985774313
                   1943      10.05759429931641      12.33768939971924     0.7558914503000275     0.8191737985123639      62.76803021657653      2.190426800923848
                   1944     -5.224941253662109      2.917629718780518     0.7553560198366537     0.8191509880886675      5.133446128272921    -0.3139783164818304
                   1945      12.24492645263672     -5.241550445556641     0.7555273726243692     0.8195494157668706    0.01303720762006019     -6.288990297613505
                   1946      2.205636024475098     -6.534168243408203     0.7555139271701272     0.8197827529092727     0.6418986248836646     -2.392100428419517
                   1947    -0.7058396339416504     -9.176120758056641      0.755186180216421      0.818318520416237      59.40455061897534      2.133373677324687
                   1948      1.570272922515869     -9.693622589111328     0.7531835762230193     0.8181758470126179      32.63956502886418      1.531698359204037
                   1949     -1.920033931732178     -6.837390899658203     0.7524873647940586      0.817673042400381      6.155060893848382    -0.1380917095647472
                   1950      8.918014526367188      9.748990058898926     0.7515307786848828        0.8176585666885      49.53092423712241      1.945941099501611
                   1951     -4.066059112548828     -3.033947944641113     0.7513268853806322     0.8176503416252862      2.134919239766449     -1.198508688060023
                   1952     0.8490695953369141     -9.264558792114258      0.750297699707293     0.8160075648862126      48.10170884325613      1.912998268607654
                   1953      1.559129238128662    -0.4316338002681732     0.7498945088738119     0.8162531237144817    0.03934013506518804     -5.196066104544579
                   1954      3.804780960083008     -2.834192276000977     0.7498889726992188     0.8156722997113038    0.03195966698465177     -5.404555859000247
                   1955      10.19677448272705     -4.876588821411133      0.749635346758571     0.8150973331434657    0.02522248263836185      -5.64233821785979
                   1956     0.9628320336341858      1.469758987426758     0.7494172772115907     0.8143399787861898     0.2103420165943122     -3.522559659738383
                   1957       2.00551438331604     0.6435983777046204     0.7488776789582009     0.8137696708852278     0.0314440566125405     -5.424505389649814
                   1958      9.496908187866211     -2.075882911682129     0.7482905329592365     0.8130123268005981     0.1175958611281667     -4.107176972558555
                   1959      10.58295059204102     -4.630342483520508     0.7480149641963971     0.8123494955761442    0.03901246598449217     -5.211733520173788
                   1960      3.636251211166382    0.03338074684143066      0.747613083050117     0.8116514305279127    0.01641342827484438     -6.078912052283986
                   1961      10.87386512756348    -0.3715970516204834     0.7473880770863863     0.8109016495599136     0.1741551070215221     -3.718290737687629
                   1962      7.226971626281738     -1.136642932891846     0.7479651552972434     0.8103199762548676    0.04349550718202534     -5.105525155347276
                   1963    -0.3120322227478027     -10.84502124786377     0.7465683566272208     0.8097009092514121      59.22213800357212      2.108234417579781
                   1964      11.44754028320312     -4.497532844543457     0.7466494891668545     0.8096871235617161    0.04206208802247993     -5.141577830955352
                   1965    -0.6990907192230225      6.902287006378174     0.7464571320875397     0.8105055865274488      1.010954429924524      -1.96132183235322
                   1966     -3.334767580032349      4.837129592895508      0.746967728745241     0.8106071415611026      2.258575846883589     -1.156673155258337
                   1967      5.080453395843506      7.659941673278809     0.7470137846042513     0.8103515910749676      4.251783380160395    -0.5243227525170737
                   1968     -2.296472549438477     -2.632057666778564     0.7468595283175096     0.8097548600650055      3.443575645704149    -0.7360940780024211
                   1969      7.304599761962891       9.34919548034668      0.746013497471931     0.8098064032460065      21.34427352113705      1.087109267382912
                   1970     -3.305622339248657     -1.715904831886292     0.7459315156722304     0.8095838953217147      4.036022735010163    -0.5787991854257262
                   1971      5.518301486968994      3.969186782836914     0.7464141682519239     0.8088966128064418      0.152424002045129     -3.855350531409402
                   1972     -2.802453994750977      -6.80009937286377     0.7467150705499888     0.8080936548166936      4.080702904156057    -0.5685822251433185
                   1973       11.4128532409668     -4.847242832183838      0.747191828669566     0.8075614463833574    0.03863373017911787      -5.22850156862594
                   1974      5.369292736053467    -0.3407349586486816      0.746763961056623     0.8069130460306257    0.01607751511144518     -6.106581615643445
                   1975     -4.724289894104004      1.310718894004822     0.7465776142837535     0.8060576993532083      6.889101097338185   -0.04761759968933963
                   1976      7.308712959289551      2.328137874603271     0.7462622352569073     0.8060353059150879    0.07672167830027943     -4.545579488443382
                   1977      9.734185218811035      2.684500455856323     0.7457702164530264     0.8053813152662725     0.1083940040628564     -4.201462244929251
                   1978      4.344200611114502      3.220393657684326     0.7458061010654063     0.8047749588863886     0.1209973352981025     -4.092171544614926
                   1979      6.067677021026611     -3.303725481033325     0.7451455609816019     0.8041921073460745    0.04075658959448911     -5.181933102334378
                   1980      3.286261558532715      1.764570832252502     0.7444652762604472     0.8036024637661874    0.02198611864868708     -5.800786206839972
                   1981     -2.300108432769775      2.229442834854126     0.7443911590157281     0.8027732107515998      2.977900760908136    -0.8933556168199116
                   1982      9.837800979614258     -3.868226766586304     0.7452560676483224     0.8022929541617383    0.08474026597671917     -4.452175821182236
                   1983       8.66771411895752      4.108748912811279     0.7446682705577392     0.8016735586171017     0.1495425398973267     -3.885747164251761
                   1984       13.2741117477417      -1.67218804359436      0.744776050199886     0.8010875315140566     0.2038873481355497     -3.576346985453866
                   1985      5.539000511169434      4.204371929168701     0.7448182870798162     0.8004568636146431        0.2286700518587     -3.462365334227273
                   1986     -4.843403339385986      2.704567432403564      0.744508943864761     0.7994706920062159      6.669509742153739   -0.09099202679029687
                   1987      -1.58803129196167      3.603241443634033     0.7441812760752752     0.8003076919947315      2.809857054623476    -0.9547985847703887
                   1988      12.41889095306396    -0.5802276134490967     0.7446921180646952     0.7997425457742372     0.1946406919971966     -3.624552419626366
                   1989       9.41903018951416      4.030564785003662     0.7449328260501669     0.7994033800449051      0.148383542314237     -3.896008253903185
                   1990     -2.250021457672119      2.557291030883789     0.7449385515655526     0.7988593656332665      3.460189780946162     -0.747403032384067
                   1991     0.5220661163330078      7.732061386108398      0.744743976788606      0.798739186943798      1.036444739012368       -1.9533418124825
                   1992      4.922086715698242      7.929800987243652     0.7439071589181577     0.7985889393000849      4.730702647302683    -0.4363767933263179
                   1993      5.443831920623779      6.911270141601562     0.7431916888061328     0.7982669467786813      3.759698400401085    -0.6674773138296903
                   1994     -4.415679454803467     -3.862216949462891     0.7434668359991433     0.7980306470538919       1.84566072094391      -1.37890463217306
                   1995     -2.553112030029297     -1.968175411224365     0.7437705994676364     0.7973923869136891      4.167055092483064    -0.5649240068457694
                   1996    -0.5836076736450195     -7.733860015869141     0.7426086908534533     0.7970425445357601      22.44749261077361      1.117043102308236
                   1997      11.57752323150635      7.110825538635254     0.7425651729765633     0.7968254324331497      0.056133404753837     -4.874491048744511
                   1998      6.245121479034424     0.7357786893844604     0.7431021577289363     0.7962378621538184    0.02661588025165382     -5.620728868626236
                   1999      3.592294216156006      0.151408314704895     0.7425656934197928     0.7957852864411163    0.02179783306818928      -5.82171708420534
                   2000      5.695496559143066     -6.081747531890869     0.7420528954232465     0.7953347074271286    0.06524420993588612     -4.726647524479974
