#! FIELDS time deep6.node-0 deep6.node-1 sigma_deep6.node-0 sigma_deep6.node-1 height
#! SET action OPES_METAD_state
#! SET biasfactor       12.02723625380408
#! SET epsilon   2.008904905162975e-06
#! SET kernel_cutoff       5.122093479753262
#! SET compression_threshold                       1
#! SET zed      0.5947436243313338
#! SET sum_weights       1283.308261471075
#! SET sum_weights2        7059.59591666785
#! SET counter  992
#! SET adaptive_counter  500000
#! SET sigma0_deep6.node-0      0.5957800060355368
#! SET av_cv_deep6.node-0     -0.0717899249727104
#! SET av_M2_deep6.node-0       159969.0487963205
#! SET sigma0_deep6.node-1      0.3671740146070325
#! SET av_cv_deep6.node-1       0.194378511031603
#! SET av_M2_deep6.node-1       95196.53216324026
                   8000     0.8336374877539074     0.1734206141452694    0.09955468891433585    0.07124682913103071      12390.30646332931
                   8000    -0.8362400719511356    -0.1563962346089542    0.08989635269101336    0.07094537577728741      14266.86910506333
                   8000     0.4372975662888076    -0.5706380971753603     0.0981950933133944    0.06750850643021349      582.4915888083553
                   8000     0.2762001158404897    -0.7977887635336208      0.090122916738297    0.06363700220945194      1131.262728307765
                   8000    -0.3213555773978702    -0.4778560957121041      0.099547541089681     0.0709989356309588      1074.718279815457
                   8000    -0.1859206424380188      0.529413471090074     0.1192595171268885    0.07741657380280845      4.426801338361891
                   8000     0.6260920796865895    -0.2271646449587197     0.1170937465203926    0.06789326908878066       1023.61941644783
                   8000     0.2431677571877648    -0.6763875643020297     0.1067211405688363    0.07239783218501725      281.3170579338818
                   8000     0.6000734730574301    -0.5343366221887064     0.1006870844699391    0.06667869345668791      783.9867447019343
                   8000    -0.5489833850742754     0.5726138468458265     0.1043501077792476    0.06672651062531612      6.808748303632372
                   8000     -0.776932571959389     0.3609080153976466     0.1082445027462038     0.0702137411802335      66.85729085405663
                   8000    0.04791929733536603    -0.5036087561396959     0.1163392582771536    0.08429661499112316      24.47764251544727
                   8000    0.08482668669193084     0.2423330811874365     0.1079785989531008      0.071866823638637      9.624337152748396
                   8000      0.175752480424689   -0.05554587223213978    0.09940668190887045    0.07026679452023583      42.80801218321834
                   8000    -0.1945924365837999     0.2688534039690703     0.1143406746728289    0.07725218799288382      6.823339566788697
                   8000    -0.7800115854963789     0.2760580396041541    0.09064246808435293    0.07097444311064156      182.7687267539114
                   8000     -0.512932991371468    -0.1045854880464485     0.1187229633982634     0.0737788613988791      127.4428565757028
                   8000    -0.2143177433537137    -0.3808369048237052    0.09527988636323884    0.06378895913416871      169.6903304920699
                   8000    -0.5984092489500398     0.2900124681666533    0.09256135087170797    0.06903912063439992      94.59212198728429
                   8000   -0.09126921318783571   -0.05819639536352469     0.0903273796830095    0.06851333369281978      13.01813758381193
                   8000    -0.5264675169407316     -0.324027483278084     0.1057820319702261    0.07122166120575218      552.8596576131923
                   8000     0.8686073716032147   0.005958641399534723     0.1027646261479719    0.06936334813135493      1044.961040402217
                   8000    -0.6097330926662502    -0.2590117659650679     0.1015449502102774     0.0603714096312221      769.5010993798282
                   8000    -0.8582210838750798  -0.005338430902476521    0.08313139519779865    0.06159000993450995      3494.271325209374
                   8000   -0.06583718570606049    -0.1720093648112971    0.09391554819835118    0.06388666564470438      11.54365231149042
                   8000     0.7050585112949462   -0.03208941863698259     0.0936038949417439    0.06551055480910613      1031.953406123688
                   8000    -0.0914945680043899     -0.650461231725986    0.08549942011381463    0.05944512068188577      237.2174868014375
                   8000    -0.1784288237438126    -0.5788191566275122    0.08440519568438477    0.05958650468716844      463.8210922047468
                   8000    -0.3149478111278548     0.3777563162444383    0.09487121059643989    0.07186958452106212      9.651383888803721
                   8000    0.02415437043473928    -0.2313334022970999    0.09891447214554075    0.06844531248332322      8.564023223044984
                   8000     0.3984402400265219    -0.8468092404493995    0.08138734112433564    0.05820150186545854      502.5061420660716
                   8000    -0.2509837958955441    0.04209673565671359     0.1012725788862619    0.06411519191907836      13.48678838745757
                   8000    -0.5260002277471882     0.1738832622887588     0.1002534530014754     0.0682332308895158      31.64298284692693
                   8000     0.1192304583074148     0.4141088221428094    0.08923139082680097    0.06423350185974788      4.390416615249177
                   8000    -0.7712267562823325     -0.255616570421852    0.08617390490625865    0.06049583149296229      3430.831853289621
                   8000     0.5984858554614573    -0.3975371206848424    0.08735160952842107    0.06589538788421261      284.8530605105379
                   8000     0.9619553709886429     0.2334698219179617    0.08316914416653966    0.05814065114143407      917.5365146163057
                   8000    -0.7037817239761353     0.8558472990989685     0.1090003006024923     0.0717426856079639   0.001940373226411186
                   8000     0.6968148011948603    -0.3512871614298399    0.09394343362985659    0.05990126018691188      296.8934750799297
                   8000    -0.3871289335901621     0.6873976735495011    0.09238287306007383    0.06013521841495383      1.805229226683015
                   8000     0.2846066772760866    -0.8795249255832769    0.07296897210994197    0.05637868532169333      102.0268870650567
                   8000     0.4165779670994812    -0.4334020610194055    0.09177287553142213    0.06463149232320167      142.5531022866077
                   8000     0.8811302249805116    -0.3218410255825299    0.08468609030206831    0.06536382318999533      50.59593244431402
                   8000     0.1477689716325039     0.1239748000464844    0.08486624090137923    0.05792505400875507        17.025521879207
                   8000     0.4923747559303504    -0.0438673049534954    0.09628560796194961    0.06629770108492195      26.97235622835036
                   8000     0.2379234152808988    -0.3672073101256206    0.09281282696099086    0.06286841385222966      30.37348869799208
                   8000     0.4032897808249818     0.1301713497596467    0.08772108714885322    0.06171023012323367       44.2480581493064
                   8000    -0.6945794973580707     0.1161115997130289    0.08698923187269292    0.06353265952844206      254.8505321664196
                   8000    -0.5512485897149415    -0.4247579989166483    0.07909035128919523    0.06082170387320454      378.7630203273205
                   8000     0.9710952043533325   -0.09594777226448059     0.1000310486306871    0.06629193713516585      14.97291601327946
                   8000     0.2278294549991014    -0.2459957956670414    0.08878398258524386    0.06109877135362573      32.42639091764786
                   8000     0.4560146314178801     0.2101440646132621    0.09820406552272228    0.05935031280752005       36.6035763409435
                   8000    -0.1142785716202499     0.7738041272301158     0.0828194673645708    0.06259050361757573     0.2325192638860208
                   8000     0.5058654052383678    -0.1434094870643694    0.09286938899566442    0.06156408048623405      154.4347498832536
                   8000      0.176162497013901     0.5717115138099711    0.08125769106734085    0.05974020617730995     0.2330467197935465
                   8000    -0.2238811721169892    -0.2786065795705686    0.08396942809265028    0.06078485527341147      33.03290728695413
                   8000     0.1882865768778773    -0.4861860639272023    0.08217759474640531    0.06376955849792637      147.4081638990047
                   8000      0.523429717342478    -0.6963051645877869    0.08154523044821806    0.06010030689752795      146.7365005156925
                   8000    -0.2555886373219848     0.8450433178161078    0.07661545096390479    0.06077093860527112     0.1123777804537624
                   8000    -0.6973029889788942    -0.3452275280329368    0.07957187728790201    0.05690006045003626      357.9737894729774
                   8000     0.5581542829341893     0.1863699646687614    0.07938021525001422    0.06263328245952199      144.9551664520592
                   8000    0.01380725066520229    -0.7377850929725829    0.07926731005983295    0.05728644178654915      68.75490341103631
                   8000     0.8065221598192938    -0.4094172691596049    0.08135780171245315    0.05580878442488293      46.14697075288714
                   8000    -0.6702000477496681     0.2195764804689529    0.07924311212820427    0.05607624481632194      187.7576866111601
                   8000    -0.5755593677597771    0.05097957948302822    0.07881810568462234    0.06155057311924798      64.62288629873329
                   8000   -0.07944937653596106    -0.4470718942773558    0.08052147117142024    0.05998492351430008      75.24012997834356
                   8000    -0.6329208204435423     0.4548846711876186    0.08569718624980523    0.05739135312419693       20.8005366036294
                   8000    -0.3516772091388702    -0.1519750654697418    0.09025019308689357    0.06097284356149173      14.92621655263676
                   8000     0.5787448064261032    0.04298645093060405    0.08394286877317797     0.0598962676200649      352.2933155434016
                   8000    0.04608671544626947    -0.1264467042968513    0.08744198192991984    0.05947226755748371      7.908394101901347
                   8000    -0.3186017714471129     0.7961660247776861    0.08545709684403466    0.06018640760443213     0.1450660427184556
                   8000   -0.06185262948000788     0.1509291080040449    0.08791752291234323    0.05824967829019217        4.5347182358549
                   8000    0.05237834453022583    -0.8496233722180527    0.08062526950968224    0.05745152526768461      34.33388180050549
                   8000     0.3221374563816005    -0.4903933877631916    0.08075772118518248    0.05889352276779852      77.01465247194585
                   8000     0.3730782266850597    -0.2507354509125548     0.0805787462188014    0.06116216198970026      43.84310092550005
                   8000     0.3818306859003956    -0.6783247155582992    0.08026735221304475    0.06089159578136358      217.4185540290845
                   8000     -0.744918718519744   -0.07520923220607048    0.08378774171279212    0.06020200885282605      1106.160040817567
                   8000     0.7246957510889533    0.04109392588266264    0.07739965465979988    0.05517682329989946      488.8672367795659
                   8000    -0.2387685626745224     0.7634379863739014    0.08767648942979395    0.05981818567629015     0.1110955232709933
                   8000    -0.6096007024394418     0.6346939050438407    0.08272745541060626    0.05925092852131773      4.069935633008039
                   8000     0.3393848538398743     -0.980526864528656    0.08744467715080283    0.06019827554849299      5.883530869974298
                   8000    -0.8733350023341673         0.188960767049    0.08394078784281093    0.06094658303103323      86.59586149874428
                   8000    -0.2088759690523148     -0.674350380897522    0.08711222286019134    0.06003262091875228      6.954683208335946
                   8000    0.07634141639780188    -0.6472851454733352    0.08110974604110305    0.06099316586154812      196.0474851091505
                   8000      0.136983816095628    -0.7552825215013506    0.07548667895828101    0.06650689074962415      290.0896615918002
                   8000     -0.471915562558946    0.07054384152918064     0.0833214533071284    0.05659637713543176      21.96866474507354
                   8000     0.8690000176429749    -0.4671895205974579    0.08552721843079349    0.05889612511404436      6.405928270425122
                   8000    -0.2294260332251785   -0.08912937549963389    0.07839348478982623    0.06202448363291486       20.7574746206759
                   8000   -0.03673672876180455    0.08495873776009316    0.07814248879278068     0.0545849094683955      8.300140074441195
                   8000    0.07690966776525392     0.5054749815454027    0.08295889618922796    0.05559920446698152      2.479287387590154
                   8000     0.2386682352013667     0.3516659101905662    0.08019887014780937    0.06200053989567534      3.616437513854096
                   8000     0.4643570003805211    0.05614833687967526    0.08593769417183023    0.05767065932546132      29.47722394589687
                   8000    -0.5515481787756602     0.4085232737899664    0.07980510007686553    0.05746503765402829      28.40023878918589
                   8000    -0.4644401494184064     0.7937802974162564    0.07984193810664326    0.05568566736961533     0.1008366853607694
                   8000     0.7273821206427304    -0.1548521843372947    0.08704115098613734    0.05584404492112947      490.3787272051057
                   8000     0.3604132155263963   -0.05805598609180555    0.07557483558053373    0.05444198261658071      31.76729483322022
                   8000     0.5694268941879272    -0.8242021799087524    0.08345688304907928    0.05820545200147387       7.91900745523897
                   8000     0.3400633670387309     0.0431277203822886    0.08065622293559664    0.06061695673667136      51.47287471430146
                   8000     0.7969059924888928     0.2654684650575198    0.07424473354011558    0.05783425658851282      2664.193308109173
                   8000    -0.3356231215942324    -0.3891594998230538    0.07521069751938174    0.05481924304458467      247.7978906194379
                   8000     0.7213550423343061     0.1667013109497079    0.07442093809275167    0.05880974431343746      1684.976534096469
                   8000     0.4527880126707479     0.5267067399712329    0.07743275048753319    0.05750857894634593    0.01120882577889084
                   8000  -0.009341813232311607    -0.6161637528845576    0.07345259038473945    0.05501418317299335      80.95816434524335
                   8000    -0.4320334918115986     0.3628665004565281    0.07575271460341267    0.05478288931064346      7.017414373459463
                   8000    -0.4118373278414892    -0.5285596918447898    0.08212304158453394    0.05627973928797458      135.8540124764421
                   8000     0.4217635598424087    -0.7613418475328786    0.07347894621393788    0.05815785500778786      392.6870986343192
                   8000    -0.6409161273527241    -0.4093452220925304    0.07378091494547782    0.05765431703990991      258.5268820351945
                   8000     0.6007404923439026     0.3461419641971588    0.07962477029931365    0.05587296253193032      16.14581097485275
                   8000    -0.7463443391502669      0.453351229119429    0.07220323412649654    0.05672692620742389      17.49249896779107
                   8000    -0.3669124229830265    -0.3002873823677785    0.07469464177617763    0.06038427995368498      127.6634001647918
                   8000     0.3329965694208525     -0.340521197243206    0.07423477048484056    0.05646258498375228      33.68957313674642
                   8000    -0.6871154600672773    -0.1523919526530405    0.07398188265586594    0.05939016049713373      1541.343059223803
                   8000    -0.2686130702495575    -0.6020025610923767    0.07682652070897657    0.05470019884093766      25.32438913551531
                   8000     0.3230278529166615    -0.1733372626082494    0.07854340966194701    0.05418146758992792      29.85094997229064
                   8000     0.1345073069428115    0.03027986295637745    0.07330382887020678     0.0526879399227899      12.88874045426687
                   8000     0.7765327095985413    -0.2167828977108002    0.07541114610062923    0.05428682879582957      48.59333017741848
                   8000     0.0921630890409655     0.7652848795257191    0.08334618069895121    0.05389113547583181    0.09152324175834058
                   8000    -0.1826907694339752      0.705300509929657    0.07522886677145976    0.05462604703770715     0.1517822471508278
                   8000     0.1999569833278656     0.6858497262001038    0.07513679881548137    0.05471853643010226     0.0333082577938472
                   8000    0.07905103266239166     0.6190739870071411    0.07482078528324325     0.0545982659117182     0.1156851810714476
                   8000     -0.261083573102951     0.1844025999307632    0.07476222081310974    0.05451650290479193      1.011313828031774
                   8000    0.06162440031766891    -0.3876364827156067    0.07376064164284502    0.05368962922728986      5.372445652557469
                   8000    -0.3696312292179368   0.001793511141741003    0.07323112790086997    0.05801288233254177      10.85144125616015
                   8000    -0.3444875180721283     0.2996585667133331    0.07341815540101326    0.05346368615275404      2.217883475514715
                   8000     0.3865596652030945     0.4067235291004181    0.07342029228598422    0.05347843742197079     0.1404131991812173
                   8000     0.3359070420265198     0.2840282022953033    0.07344142852240497     0.0534438777961347      1.771655121724277
                   8000     -0.139354782282331     0.8885892382670787    0.07455201144175812    0.05371205040854647    0.03577072342485278
                   8000    -0.6597011067893948     0.3572378405506854    0.07345696370872842    0.05641027656698517      43.83054537935358
                   8000    -0.4102890378503989     0.5735183141826367    0.07218513092476565    0.05286503856215617       2.00018663154701
                   8000    -0.6808463182484954     0.5350872257258139    0.07330205672562627    0.05381140442060321      4.669997913418234
                   8000     0.3185048401355743    -0.5895055532455444    0.07318633789528879    0.05367029261063402      45.63270106525464
                   8000   -0.02224688436855355     0.3977728715310808    0.07366060033556347    0.05448671863040965     0.9731824085838752
                   8000     0.6363935470581055    -0.1032057628035545    0.07283281971268647    0.05352890597036358      83.48227222320232
                   8000     0.4462223052978516    -0.3153858184814453    0.07259090121181443    0.05357626591580414      24.05648443313913
                   8000     0.3810530602931976     0.5834839940071106    0.07216911347975498    0.05341871293697779     0.0069423579583915
                   8000      0.942469815944218     -0.194378600984627    0.07143176760757131    0.05192390171311567        18.343015128118
                   8000    0.09486072510480881     0.8956140279769897    0.07177097598477288    0.05352691081979467   0.001876682401335671
                   8000      0.297370582818985      0.626150369644165    0.07170281134666182    0.05353418294406178    0.02056756962783331
                   8000    -0.8030146983574322     0.1195757425938379    0.07237727110933545    0.05497142119428852      144.2814679967959
                   8000     0.9175621867179871    -0.2466248422861099    0.07157689859659996    0.05338295931647852      12.28156743496508
                   8000     0.7666003108024597    -0.6215037107467651    0.07158848185857983    0.05335849150001722      10.25967320446392
                   8000     -0.386937290430069     0.1982309371232986    0.07154489103919927    0.05331296064440828      2.868131527667223
                   8000    -0.1248920324132864     0.3373483655196104     0.0712346132072821    0.05301590002397684      1.926354638620858
                   8000    -0.3920614421367645     0.5217411518096924      0.071425442278665    0.05329051415526485     0.7490330296316439
                   8000     0.6006117455733292    -0.6182348371232782    0.07456768934484831    0.05190242357683837      91.96733938900265
                   8000    -0.9424389844293959   -0.05736769176880546    0.07268313489506491    0.05144344156625415      597.4800857771997
                   8000      0.402780294418335  0.0007641476695425808    0.07056911970211231    0.05260453409476367      12.52849087961912
                   8000    -0.3069409132003784     0.5917834639549255    0.07028094523044962    0.05239961042065303     0.3601115507473273
                   8000     0.4651173651218414    -0.8856815099716187    0.07030599829112459    0.05241480806679823      24.78986513269192
                   8000   -0.04033021993538402     0.8708939597481242    0.07154817239919946    0.05184622846259664    0.03006372198034019
                   8000     0.4453924298286438    -0.1940931528806686     0.0698720538905092     0.0523598695591559      35.79067995703529
                   8000     0.1518339663743973    -0.1764937341213226     0.0694578415829453    0.05201918343306641      3.400076811951839
                   8000     0.1399654597043991      0.813821017742157    0.06925176691332728    0.05198191304122892    0.00819447123182606
                   8000    -0.1938175329093977     0.4413401853325551    0.07341320324760377    0.05143530960948022      1.572042036550186
                   8000    -0.9646529744476383    0.06483101640176596    0.06796395632745077    0.05166860650715216      240.5309974203856
                   8000    -0.0666322261095047    -0.5241972208023071    0.06885500375749337    0.05195651772115579        24.847093570706
                   8000      0.246761754155159     0.1948451846837997    0.06883988387503284      0.051940343212779      2.246647659650116
                   8000     0.7223919034004211    -0.2850075364112854    0.06863477999045098    0.05174980464086009      70.23558894992256
                   8000      1.023685097694397   -0.03147418797016144    0.06860508665767261    0.05173146745592298      34.14599094166748
                   8000     0.6887768507003784    -0.7896155714988708    0.06850113711021591    0.05172245358158326      1.260996968847116
                   8000     0.7766156196594238    -0.4968238174915314    0.06843914948392353    0.05149649152087215       17.0041528903196
                   8000     0.7502896189689636    -0.7018316388130188    0.06830891115835896    0.05152573069653184      2.810717460444294
                   8000    -0.4709016084671021    -0.2595780789852142    0.06825019621125507    0.05142479104325782      63.67614674803946
                   8000   -0.09282298386096954    -0.3396739959716797     0.0682016055367602    0.05139327390876454      9.633029189874167
                   8000    -0.9492253065109253     0.2889168858528137    0.06810187564824161    0.05121899664313084      5.957258275058272
                   8000    -0.1557681262493134    -0.1199984103441238    0.06810176121195634    0.05119946848527333      2.973190277526756
                   8000     0.9952911734580994    0.05779777094721794    0.06805008279279309    0.05119851379921068      115.5835875706026
                   8000    -0.8605135120569037    0.08105957023547476    0.06937842626797545    0.05294586674542071      352.4091703269837
                   8000    -0.3710121214389801     0.8457966446876526    0.06792172561073345    0.05113322630743038    0.03806167859577278
                   8000    0.02040072463205872     0.6899125194054019    0.06818053764713881    0.05126288202288911    0.07728750925284508
                   8000    0.03048052961874279    -0.9267206093541492    0.07216188430532545    0.05142554997541857      4.102322332653444
                   8000     0.1561964303255081    -0.2954816222190857     0.0676167621634426    0.05129943927961075      4.149928712913431
                   8000     0.6300039616876292     0.1220453992134664    0.06996210462999213    0.05083107659082087      315.8912047694741
                   8000    -0.4600245615528804    -0.4035962695688787     0.0679131298861889    0.05162943763380731      216.7537423283485
                   8000     0.3685087263584137     0.3547202944755554    0.06716265052176713    0.05090958149162853     0.5063784955547822
                   8000     0.6661533744653227     -0.679126129759515    0.06852107458611029    0.05145650595531683       25.5191742543266
                   8000   0.003984340361371452    0.02269691145451466     0.0685477387868942    0.05400215396655152      4.360989346437783
                   8000    -0.1900300085544586     0.9388915300369263    0.06670654325613047    0.05073806179805766     0.0107071333037013
                   8000    -0.5059378147125244     0.7077740430831909    0.06664417821382879     0.0508334923022709     0.3525747986146875
                   8000    -0.4360122978687286    -0.1950943171977997    0.06662161953235311    0.05080822129847019      27.07733170775183
                   8000     0.4903468787670135      0.387118935585022     0.0663987243293447    0.05087484805714698     0.8215587184730809
                   8000     0.2355842292308807    0.05141768977046013    0.06620390828505561    0.05077589349807548       5.19107794456276
                   8000     0.5183213353157043    -0.2792585492134094    0.06608691757024203    0.05076213636464168      54.57122470316779
                   8000     0.1199190020561218    -0.5771465301513672    0.06606860286065536    0.05073983862069579      22.43563553014798
                   8000   -0.09383756667375565    0.03383431956171989    0.06600947706403369    0.05072238456588408      1.990900606226762
                   8000    -0.8656109571456909     0.4536729454994202    0.06581058031119183    0.05067883443305408      3.185433276053713
                   8000    -0.1334064453840256     0.9688954949378967    0.06578962626108259    0.05071895756050059   0.005553577723876179
