#! FIELDS time deep15.node-0 deep15.node-1 sigma_deep15.node-0 sigma_deep15.node-1 height
#! SET action OPES_METAD_state
#! SET biasfactor       12.02723625380408
#! SET epsilon   2.008904905162975e-06
#! SET kernel_cutoff       5.122093479753262
#! SET compression_threshold                       1
#! SET zed      0.1019195013984367
#! SET sum_weights       651.5298913432089
#! SET sum_weights2       4138.332859212618
#! SET counter  492
#! SET adaptive_counter  250000
#! SET sigma0_deep15.node-0       5.296530096302938
#! SET av_cv_deep15.node-0      -1.167241455930958
#! SET av_M2_deep15.node-0       17349293.66000274
#! SET sigma0_deep15.node-1       1.565947407101328
#! SET av_cv_deep15.node-1      -0.205918030773704
#! SET av_M2_deep15.node-1       16137452.06929205
                   8500      7.716722262669318       7.63200753066959      1.323715670134227      1.204095129505837      1358.980169369291
                   8500      15.26418867036767    -0.4312440599386331      1.636958334386447      1.344277875764373      2.504083029849649
                   8500     -1.615979306570411      7.824466254386383      1.404408756053979      1.243154247122882      20.49322678307288
                   8500     -8.691558736003181      2.507231224779093      1.369191714953756      1.232207252719989      21.98222670410939
                   8500     -11.27368775272422     -2.647067938604755      1.413736281338873      1.363739493431546      9.228174637052845
                   8500     -6.012268980205931      -9.97282499356511      1.349103745867277      1.302223944841588     0.1604734047229337
                   8500     -11.96529087541433      3.388271783841505       1.52082927433509       1.24220564156776      73.45669966203189
                   8500     -11.41842434015822      5.308244968807952      1.480642365701214      1.236249990607143      566.7754473483751
                   8500     -10.00786949053456     -4.668880043498651       1.39606241256477      1.302816963862061      3.412431666072919
                   8500      -8.40371527836531     -1.930141114792132      1.476947801555561      1.248803239481145      0.309404170500737
                   8500     -7.808287599692169      6.644697403435881      1.461450612610709      1.276656857681173      131.4865703268349
                   8500      14.29308986513454     -8.689326047210461      1.358430773822436      1.247173274005534   0.005752518161295896
                   8500      1.005596766104521      9.539245140823935      1.612034165368035      1.295686744997758      148.1462761830968
                   8500      -4.29991055322873      8.832128249985978      1.877631648912671      1.268026504494298      145.4640463750261
                   8500     -2.072532529330919      -18.6074707136989      1.413017888414091      1.269809443733491    0.02423224077211878
                   8500     -7.241875821338268     -7.200453039520871      1.273543510139872      1.239242800706263     0.4939244702440254
                   8500       8.44085217647036      4.046338123578576      1.286861579910428      1.279499470801172      6.571475300456766
                   8500      2.169498126687638     -16.31631017926016      2.015494960295643      1.299122698895082  0.0001193084253910065
                   8500      9.668499154233489     -10.66426273421374      1.372210023297531      1.180123894187237  0.0003826887155845385
                   8500     -4.799441683704408      -13.0690243947615      1.391575046369311      1.217470781326389      0.024485381793065
                   8500      6.214839078392061     -17.73611909639157      1.610934817621171      1.322213527025229  0.0005733935389358666
                   8500      2.999742463630307      8.705547389151176      1.584710548022438      1.370926914547483      269.8697691918444
                   8500      9.188348319738996     -4.965559041206275      1.491099793210183      1.210576138320038    0.00311010001611949
                   8500      9.944911033535311      -13.6102711214793       1.39947903740525       1.26659713338066   0.003475692274977079
                   8500     -3.584469778323343      -17.5823372138107       1.39567104511538      1.317377323542925    0.02824362649654074
                   8500      8.320878678828308      9.311160667726005        1.4362666413698      1.160367164711852       137.864066366642
                   8500      11.86926957963878      3.203059593907509      1.647902245163323      1.410011240259412      2.197151233319032
                   8500   -0.06603642337124814     -19.70198029459397      1.438012126868321      1.193909564175759   0.007977044408135469
                   8500    -0.1173392737198032     -5.940365502159352      1.387597906100418      1.158701418613828  0.0005656973218746174
                   8500      14.27018797088105     -4.091321561956722      1.816859095395066      1.352558944982451     0.1328864285133164
                   8500     -11.93392318360401      1.118503158768902      1.568914573848808      1.340021242853825      44.47874624631383
                   8500     -3.707031819025705     -7.089215840730556      1.670421645390924      1.321999778565188    0.01007036862892637
                   8500      5.523454979368833        2.1482900645597      1.460035750300027      1.189484117945964      0.154695279886179
                   8500     -4.632011131261128     -11.61979063070405      1.314106000355643       1.18361894927043    0.09113891562566637
                   8500     -7.259954802907439     -5.476374768786487      1.344645686363675      1.243095337358404     0.9045423358592592
                   8500     -9.354505552726085      5.773177464922393      1.338194676366733      1.191921278061591      204.8683446815249
                   8500     -7.801615762377172      4.111065145635583       1.31509251674337      1.181067903665054       28.9942615154391
                   8500      -1.72620066900825     -3.903083781085944      1.311470127500691      1.187768365754437   0.002380786839269524
                   8500     0.3557037115097046     -2.094974994659424      1.453323210112518      1.209580558044851  0.0003887372143805216
                   8500      -4.51621067725404     -3.616838453568884      1.321325111617675      1.189308221713669    0.04445244381552361
                   8500     -6.471185028874939      0.492718161719352      1.344790723529709      1.165861981824606     0.7426500874237664
                   8500     -5.561815011853159      4.448516666792385      1.496434771247574      1.222460296718016        4.7443212582185
                   8500     0.1528336405754089     -13.22627258300781      1.440757353126932      1.216855623056336  0.0001793966108253929
                   8500      8.543586939815425     -1.333127462160547       1.36750332217653       1.18236349753597    0.01466885772093071
                   8500       16.1348433240064     -6.316023326990694      1.281883474804975      1.146322320438545    0.03716233150786745
                   8500       13.3439648149717      1.463844799485711      1.338404170987604      1.213422593161588      3.335136285949814
                   8500      17.22358703613281     -1.281637668609619      1.394843733713541      1.188940862720518     0.1304964831103261
                   8500      3.751559734344482      3.677305221557617      1.387868312529977      1.206989727994783     0.1701137756786641
                   8500      8.678315793825995     -15.06214465474807      1.277759956462496      1.187316867507395    0.00167361008995014
                   8500      12.53789043426514      4.765235424041748      1.379544346023571      1.216442201557104     0.4562406365394733
                   8500     -10.11683654709643      4.061150997226602      1.290013439073513      1.225622365208957      114.3858242945608
                   8500     -8.968318064443356     -7.417229721870075       1.19468943210137      1.211887999978273     0.4285975527444024
                   8500     -5.666318096099533     -2.346796225977795      1.237726786565589      1.109521376321239     0.9432858658553062
                   8500     -7.613779544830322     -9.103570938110352      1.367813901315923      1.198339661634383    0.01863210441437661
                   8500     -6.525127582801341      -1.32832970447597      1.228588208513322      1.167202214382515      1.803716106732244
                   8500       0.52168826797085     -7.731282367334435      1.255259076788199      1.151873622213671  0.0006789686947032982
                   8500     -3.946777650245577     -15.41956794230678      1.298252625194136      1.210682618294858   0.008451815939416575
                   8500      10.18912477527726      5.330835458108623      1.252725328842916      1.199142362209116      14.08559797764156
                   8500     -1.351898965710845      10.23303900448289      1.293532738131869      1.165256222639173      20.52853447978858
                   8500      7.498201847076416     -7.806708335876465      1.305261686253629      1.157981641090701  0.0001141653225204404
                   8500      6.388176441192627     -2.644557952880859      1.310550527579429      1.165011422385814  0.0009616721299217548
                   8500      14.93258831283147     -2.002223037710567      1.301113668612986      1.151662218985177     0.6701182861064953
                   8500    -0.8469689075546327      8.874061870909358      1.242777841443385      1.228420544263873      38.58998092293854
                   8500     -11.68541440262808    -0.3060949860083924      1.240141178545772      1.246122445479316      11.04673950510921
                   8500     -9.329664139216256    0.05375541506701872      1.262461523234153      1.181015038762922      8.801901737756285
                   8500      12.67958755817997     -1.531398891431734      1.285225392854243       1.14235973152289     0.2610282683928229
                   8500      11.37861029336783      1.033765093203092      1.233273198357585       1.14084725072233     0.5457923126863125
                   8500      16.76013629893585     -4.139629063526602       1.27517234969874      1.142497387856779     0.2091775140803365
                   8500      11.62307084754492     -12.16669546849029       1.25644263469965      1.125399878392966  0.0007810735567248108
                   8500      10.28544499920297       7.01479854830552      1.260961198773045      1.118935138615978      52.86151021260908
                   8500      4.068225453069769     -19.41424385224013      1.283798001906762      1.175788158334669   0.000284603428635106
                   8500       13.5969695228831     -10.43546144857548      1.246348799859652      1.207518877564145   0.001299163725753777
                   8500      1.997319757287461       11.0334735989111      1.205730416582303      1.126689453794387       18.8279007876882
                   8500      10.96719787757042     -5.584604059826777      1.204109784341275      1.168501982157946   0.008644949366995277
                   8500      6.120207786560059    -0.3104987144470215      1.250031954894807      1.165962257010702   0.003875457256319268
                   8500        10.234055519104      2.250667095184326      1.247313390086318      1.166842090959081      0.361539759882904
                   8500     -4.470068124481767     -9.157904900032934      1.207498367762396      1.192751937449761    0.02145322159278046
                   8500      14.73177929843942      1.081074267055427      1.219905001015185       1.15999120999335     0.7439138134739516
                   8500     -10.91044616699219      2.318665742874146       1.23172898133382       1.15717696935042      10.54624597919217
                   8500       12.3751965120701     -11.23632481000092       1.20584130436285      1.153601336161788  0.0008489211078672601
                   8500      5.518983840942383     -8.901283264160156      1.223331356207797      1.153121222099159  4.688697054561651e-05
                   8500      10.83350925461539     -8.758845901576493      1.290138668756257      1.120397624533629  0.0004939025506799587
                   8500     -7.051843000829529     -4.255121563214477      1.313990562448777      1.109936145508335     0.2167636736143773
                   8500     -2.974115133285522     -2.855977773666382      1.205403453594935      1.118150789998207   0.007598374260638216
                   8500    -0.0170411728322506      1.948806881904602      1.200497921683522      1.117948500846783  0.0009932295727802841
                   8500      17.26481628417969     -2.551678657531738      1.199246629635082      1.114917448769211     0.1048979517344785
                   8500       13.6230842565639      2.865465948229975      1.180934804515145      1.127302826831388      1.282294947964628
                   8500      5.042087735491573      11.23741751720126      1.191293009844564      1.144519959919611      5.802066422544359
                   8500      4.683255192210535      5.634841688231516      1.208699988326019      1.145721116624345      7.347804238648739
                   8500      2.201390981674194     -20.16395378112793      1.178486739024797      1.111664382665317  0.0006690546827439704
                   8500     -9.491204261779785     -9.951887130737305      1.177857119638239      1.114583240929791   0.007205419342692337
                   8500     -5.525208865303449      9.832458031416772      1.175898238803571      1.092626829882363      17.50818227852186
                   8500     -2.580372551697668     -8.537287383317555      1.144701250938307       1.13457141183198     0.0062182470879216
                   8500    -0.8946387767791748     -7.282775402069092      1.172871522621049       1.11024843366851  0.0009542866640883202
                   8500     -10.60359764099121     -1.060062885284424      1.170555865241873      1.107304115938636      2.574197434790112
                   8500      6.659461498260498     -4.452884674072266      1.170007179530403      1.108135611868502  0.0003984192989393742
                   8500      3.235775232315063     -18.28951454162598        1.1726788262893      1.106637474250459  0.0002797120206907703
                   8500        2.1723473072052     -6.935349464416504      1.171201968781176       1.10784308026635  0.0001180810256106995
                   8500     0.1927952915430069      3.866087913513184      1.171835272042727      1.109989799240338     0.0365771608957657
                   8500      10.21862983703613      3.573640584945679      1.173942727436845      1.107028216354444      1.330526588059349
                   8500     -2.661263465881348     -12.80069255828857      1.173353385218575      1.102690407411036   0.004126431311716268
                   8500     -3.846085071563721      1.698109149932861      1.172366339431256      1.100713606021479    0.06867917908666997
                   8500      1.377127289772034     -19.00569534301758      1.166200937675053      1.095866335091697   0.001428966885253079
                   8500      8.760903044364401      10.47561577802242      1.218276096753889      1.121844656651598      21.06595162453577
                   8500      4.515231340159373      9.415862166572984      1.171938905485875      1.099502726812392      31.02334086300635
                   8500      6.449963266194112      9.934445144746913      1.172044665254648       1.10475581229515      36.79989098558642
                   8500      4.367294311523438       7.61505126953125      1.151274312465271      1.090268842779111      16.18338302437635
                   8500      4.572458744049072      -13.4159688949585      1.147748720880619      1.088294391479811  4.391616766403279e-05
                   8500     -5.018921375274658      3.025263786315918      1.147729033128806      1.088198324614272     0.6458591309269528
                   8500     -7.157437324523926     -10.99418067932129      1.147232400368144      1.086313929931006    0.01395594156783976
                   8500      15.37627983093262     -7.503782749176025      1.136895745032587      1.082196851139496   0.005270870882348011
                   8500      7.254706859588623     -6.630352973937988      1.136467476263596      1.082345581518584  0.0002229464334202683
                   8500      9.755516052246094     0.5545327663421631       1.12825962195953      1.077805739777206     0.1072121386877607
                   8500     -1.473486542701721     -15.68059635162354      1.124805916524569      1.075266017604948   0.001464149908872206
                   8500      3.060999393463135       11.5748176574707      1.113643306371749      1.072007318289452      5.967343090776961
                   8500      -9.93753719329834     -6.399378776550293      1.114224894808234      1.073058804810904     0.2688706920364402
