#! FIELDS time tica_cv1_3 tica_cv2_3 sigma_tica_cv1_3 sigma_tica_cv2_3 height
#! SET action OPES_METAD_state
#! SET biasfactor                       4
#! SET epsilon   5.176336619919723e-10
#! SET kernel_cutoff       6.539381215389747
#! SET compression_threshold                       1
#! SET zed      0.1551944789841914
#! SET sum_weights       9035.202795161476
#! SET sum_weights2       37444.63075550413
#! SET counter  4992
#! SET adaptive_counter  2500000
#! SET sigma0_tica_cv1_3   0.0007324861898958882
#! SET av_cv_tica_cv1_3   -0.000823291803096768
#! SET av_M2_tica_cv1_3       5.335101719884517
#! SET sigma0_tica_cv2_3    0.001787868867182733
#! SET av_cv_tica_cv2_3   -0.001672161323193083
#! SET av_M2_tica_cv2_3       6.222229112731548
                  25000    -0.0016157391527353   -0.00231897303161483  0.0002965498656419882  0.0003089781527759217      8842.225596840211
                  25000   0.002963295091324449  -0.003279427431876799  0.0002424242532123339  0.0002954680823274578    0.02056087315437667
                  25000  0.0007085731250624269  -0.003494121391118882  0.0002751395647023346  0.0002949077295275692      403.8063552333222
                  25000 -0.0007064620163015122  -0.002452638676410675  0.0002949187229351372  0.0002979534611530571      5664.570014014073
                  25000   -0.00196603868831468  -0.001310509780744569  0.0002819716879649336  0.0003170766840428573      5113.117289395771
                  25000  -0.001907961134896847 -0.0005003943169389981   0.000290004646081488  0.0003272076241586032      3453.026069678256
                  25000 -0.0006235658331986907    0.00158955678590238  0.0002741558946774583  0.0003124999546460611      29216.66205288222
                  25000  5.354580222776629e-06  -0.003169158256899453   0.000258579714767988  0.0002948502660253694      1460.889309862615
                  25000   0.002977923430213838   0.002369244238025524  0.0002628886851677077  0.0003382314587590635  0.0009313714457635709
                  25000   0.006980791270115097  0.0001130633979953265  0.0003842684056212836  0.0003120834239291418      1715.934803030475
                  25000   0.007838539164916175 -8.664292652910331e-05  0.0004238615223387258  0.0003302906586285343      1386.988438892701
                  25000   0.003371816670450555  0.0005120526239951015  0.0002894130548651709  0.0003080692768379402     0.6857044817196511
                  25000   0.005789648669962156  0.0004037252307326408  0.0003479731580906345  0.0003103458538746033       234.016863325756
                  25000    0.01205936488160658 -0.0005341047930313792  0.0006428608854814864  0.0004549341631806976  7.921363018597356e-05
                  25000    0.00989284178233212  -0.001208584196539908  0.0003791999686527174  0.0002941623110245244     0.4329141871966677
                  25000   0.005224138554778236  0.0001741691850040241  0.0003491559861346764  0.0003155575564017475      110.9167580349087
                  25000    0.01126420696602612 -0.0004148624619675749  0.0004878587739482562  0.0003824725261685454    0.04909680727400902
                  25000   0.007780744975311985  -0.001419527699521139  0.0005894290227693118  0.0003877662013858324      2.281864575372289
                  25000   0.007461199839356183 -0.0003710008474496201  0.0003090573111141502  0.0002933007340108906      224.8127699610725
                  25000   0.008463709249848307  0.0008115902520619581  0.0005893659413684143  0.0003909385131605278      5.765398863141247
                  25000   0.008743928951371785 -0.0003166224779601943  0.0003220328745560095  0.0002957358828041803      235.5440447929999
                  25000   0.001102107075699664   0.001247721991527641  0.0002463630469969067  0.0002923161976022393       13.9264576926928
                  25000  -0.001174522684714356   0.000983162892116354   0.000260911566126112   0.000290989042928063      7927.613592630628
                  25000   0.000291116847373012  0.0007237744079958173  0.0002446332641287003  0.0002750050270963441      88.93751882320582
                  25000 -0.0002272753772386129   0.001729961567002064  0.0002514153228983478  0.0003087619691697326      14245.14470852344
                  25000  -0.001008337272165129  -0.002877585517123044  0.0002652911838813348  0.0002901958570953305      5428.500731365603
                  25000   0.001182776373100504  -0.002275840658068883  0.0002795362116532614  0.0002786047729720031      7.646382106156933
                  25000  -0.001504976349315847  0.0003318057717967645   0.000253932238341694   0.000296065723342918      3068.966963115762
                  25000  -0.002222541943246685   -0.00189951789574012  0.0002604927967257013   0.000304585530977019      4047.154442511086
                  25000   -0.00124026303202893  -0.000237139404747347  0.0002856172185739981  0.0002999946508112641      692.7855305470246
                  25000  -0.002421283729861814  -0.001255727252299262  0.0002488318075480171  0.0002960219027904698      3131.762368980263
                  25000  -0.001217208880652718  -0.001410049721131374  0.0002618918199377792  0.0003137269852968083        2072.5854558714
                  25000 -0.0001398021136593097  0.0007324123278871229  0.0002346389276619234  0.0002985827245501085      344.4096378151967
                  25000  -0.001686160039799958  0.0006885692383401177  0.0002445906643240836  0.0002768992384309994      1995.194440648768
                  25000  -0.002753528754635694  -0.002170949153873031  0.0002432414422127088  0.0002767383175046819      342.4587859771969
                  25000   -0.00179011684825171  -0.002716690939339842  0.0002493483660527602  0.0002752042586947025      2243.260262987095
                  25000 -0.0004488574860358107  -0.002955669913058837  0.0002529885530176073  0.0002926604870149201      3530.199623806576
                  25000  -0.001188802517807191  -0.003267407509238018  0.0002528066800142081  0.0002767519250989185      761.2360884757231
                  25000  0.0006892076432620355  -0.002999626121781753  0.0002552553320888939  0.0002906390197611155      417.5590109412352
                  25000 -0.0006976988575015313  -0.003203009092947382  0.0002478098995052179  0.0002970837009008757       2647.57422582149
                  25000   0.001208840709407649   0.002427533121753394  0.0002892346172918584  0.0002717841622440666      2.672885905426258
                  25000 -0.0003899273250935946   -0.00197162356201315  0.0002549481084035149   0.000292499928277737      906.6842951638129
                  25000   0.001568430327090789   0.000580590875882243  0.0002319919898594806  0.0002776147921011929      1.832651724592951
                  25000     0.0010769347938681  -0.003238003652457141   0.000228325848328717   0.000269397676862003      128.4553185482461
                  25000  -0.001220079746437857  -0.002099398401104549  0.0002459282023759073  0.0002786788062013123      4046.548253188547
                  25000 -0.0002728253763418803 -0.0007953401608273719  0.0002546348828942255  0.0002829858799574896      17.36789677458298
                  25000  -0.002271918854767277 -0.0007586438433835457  0.0002438706244498534  0.0002859959584854709      2105.982189708364
                  25000   0.002413024432625876  0.0008766809126891321  0.0002640973196949525  0.0002967701653205109     0.1857903668153996
                  25000  -0.001109194841054111   0.001404096769734459  0.0002597856170195843  0.0002845213303854053      12740.75358271624
                  25000  0.0001533818974442214 -0.0001477526663717195  0.0002660863995280996   0.000286665957446491       5.90765285773376
                  25000  0.0003941831257018225  -0.001861471387694063  0.0002582033683404598  0.0002614582454678478      19.67817966595365
                  25000   0.003915171226468592  -0.003428663934647308  0.0002138318958280963  0.0002940097264527833  0.0002144702339892225
                  25000 -0.0006044867993633648  -0.001102302803690769  0.0002340990920737316  0.0003107784074600271      90.84088187680352
                  25000  -0.000384002486712559   0.001152904620918427  0.0002354698524959654   0.000277167577943029        3581.7233014591
                  25000   0.001058957147596876   0.001704480517499721  0.0002404839270001981  0.0002788902600445364      24.19410702601529
                  25000  0.0001991267088178861  -0.002818361610081267  0.0002450157911623863  0.0002793969956802617      1035.752542571904
                  25000  -0.002205864750842845 -0.0001520161450351189  0.0002447553773371451  0.0002777790284624223      1487.967993376035
                  25000  -0.003315669551478542  -0.004432675018151073  0.0002114545245470596  0.0002670987952230971   0.001343850640362274
                  25000  0.0005034162228015148   0.001321370848571295  0.0002582475559007784  0.0002814496474132146      348.8724813086901
                  25000   0.001386128741780654  -0.001759580159147947  0.0003128531691746305  0.0003183925834810374    0.05262854267859064
                  25000  -0.002114669753596548  -0.002416580837358701  0.0002442142862281892  0.0002968123097557585      2430.203364996381
                  25000   0.001159312470038847  -0.003795926328524435  0.0002475853337695523  0.0002583953620340978      27.53646608526897
                  25000   0.002489110397573612  -0.004023133131430501  0.0002376749492078844   0.000288489706305508    0.05975305368672478
                  25000   -0.00286907029513928  -0.001410989996509669  0.0002579423105439165   0.000252437151085799      227.1420650110714
                  25000  -0.002592054313769406  -0.003108118528913392  0.0002265552328984364   0.000274321965247008      21.34216314031358
                  25000  0.0003375347826487277   0.001690711900907363   0.000237746261881078  0.0002878691730503323      586.5826987487235
                  25000 -0.0004702566041547541  -0.003965861482613148  0.0002448870656417674  0.0002482501522457185       45.6223543780558
                  25000 -0.0008457899549061885  -0.002055574632909384  0.0002451432223073572  0.0002761901720297544      2386.165882233053
                  25000   0.001437693927229975  1.806025672820625e-05  0.0002501624519908985  0.0002987198145986531     0.2457144291970177
                  25000   0.001447622028547397  0.0008578245826957499  0.0002565723685395998  0.0002756992093129841      3.649910117071387
                  25000  -0.002960026542997537  -0.001885507911910489  0.0002371298867877037  0.0002804532963685881      95.73332162457046
                  25000  -0.002218676799374807  -0.002841466843221827  0.0002509534130531382  0.0002574851646560682      331.2307832843246
                  25000   0.002027659310168491  -0.004497042658133529  0.0002923713202360548  0.0003071360796594705    0.02893665403791174
                  25000  0.0008763230092369921  -0.003955664155081083  0.0002373100875194059  0.0002744458288841258      18.02398994440883
                  25000   0.004741007317301872  -0.003613666736728303  0.0002916377832733264  0.0003059765744755048  2.999196297129836e-06
                  25000   -0.00076086740885278   0.001168453545797339  0.0002303391232919223  0.0002847829631844235      7069.908097450272
                  25000   0.002337707864387406  -0.002869775462084804  0.0002426888115781135  0.0002415975172615775    0.09447107451491059
                  25000   -0.00108552854014971  0.0004897689064999358  0.0002405317056037826  0.0002763364899399211      1651.082586847496
                  25000  0.0005398707512432706 -9.765725996034888e-05  0.0002339697195941934  0.0002781142353327757     0.9952131128425665
                  25000   0.001622256789173461  -0.003609543567762199  0.0002475803123744302  0.0002768168804835549      13.48065422899985
                  25000   0.002692183838507267  0.0001508193340245139  0.0002821885811267408  0.0003012912616516376     0.0215988953601314
                  25000  0.0006738759280272705  0.0006454798481204492  0.0002333991730634053  0.0002668319681459159      15.75631713194776
                  25000  -0.002571348267240664  -0.004757377322353843  0.0002816754003848462  0.0003017857351935755  0.0001201946625256275
                  25000  -0.001478388861838049 -0.0005546850135108644  0.0002397634112411888  0.0002666728929816013      919.3225174883401
                  25000  -0.001643974245499722  -0.003007347343722964   0.000233144131138403  0.0002682839832347414       937.727682020736
                  25000   0.001072143688613261   -0.00158954945345455  0.0002479582862957919  0.0002861820255261862     0.2349156195220344
                  25000  -0.001915481274349842  0.0002404932505822683  0.0002287302937613684  0.0002745548953468327      1816.484892414335
                  25000  0.0004616159723049391  -0.002635365700040596  0.0002333179388875223  0.0002912234102745914      143.1902176795773
                  25000  -0.001797326838355764  -0.001830592754430669  0.0002444084193714742  0.0002855684812493859      4446.693772653852
                  25000  0.0008065873506430882   0.002414611118991969  0.0002311237761180835   0.000281966619112103      5.903178949048765
                  25000   0.002211357135433832   0.000493279369806756  0.0002396866869612451   0.000277687516112807     0.3351154346595792
                  25000   0.002370274061409136  -0.003442007541202154  0.0002546245454631855  0.0003006653917416314     0.2632148240852016
                  25000 -0.0009221833804734215   0.001674096630628213  0.0002246378717611399  0.0002678509999163984      7395.586374805688
                  25000   0.002578800705169558    0.00202714264344606   0.000224932354457834  0.0002548188461597974    0.02552281478850759
                  25000  0.0008255116847717221  0.0009376632597044589  0.0002323545098177504  0.0002652967234599349      31.89505295182174
                  25000  1.588447100346046e-05   0.001912604340128469  0.0002332927349047125  0.0002741289180207649      1595.913785748726
                  25000  -0.001525343150836645   0.001144921638709472  0.0002310010550943839  0.0002676734688080579      2761.366622841478
                  25000   0.001093373782354162  0.0005410671314415454  0.0002205566460812984  0.0002754993125534372      6.471934230290724
                  25000 -0.0007298546694905277  0.0002026298861048149  0.0002359523935804065    0.00026981650346328      373.1892595892155
                  25000  -0.005267277452120526  -0.003884699078237107  0.0002556743303643062  0.0002912865634932435  1.908290480482939e-06
                  25000  0.0006504567483907077   0.001834362595340163  0.0002241029561826251  0.0002840011912837489      124.6465526016087
                  25000  0.0002544277642012607    -0.0036511064533346  0.0002479144369735464  0.0002793861963440512      386.8162668625718
                  25000   0.004422957332078185   -0.00452688220246841  0.0002548184422725725   0.000292890447935955  2.838883383211478e-06
                  25000 -0.0002295227209383204  -0.002732023839968371  0.0002332598625383177  0.0002686200541571153      1651.695913862756
                  25000   0.001831496523553147   0.002141225402825307  0.0002512697652033934  0.0002905699300092759     0.0410609473580378
                  25000  0.0003059028465260095  -0.001365517300047964  0.0002282711689956687  0.0002518123238046868      4.469787153896288
                  25000    -0.0016696540099892 -8.923577858714469e-05  0.0002461726351187602  0.0002695003345989946      1916.067765731936
                  25000   0.001111555776546479  -0.001113839716043675  0.0002407055743539223  0.0002672234283490984    0.06483525554226494
                  25000 -0.0007573560421208907 -0.0003711254371102332  0.0002414512349483647  0.0002716040267390329      72.75233715910099
                  25000  -0.002668902757115935  -0.002754428881898102  0.0002405344989825188  0.0002586038921143969      76.01438153357903
                  25000   0.003059395666169449  -0.003929506470637832  0.0002322451958440682  0.0003119186620272327    0.01501403002567438
                  25000   0.001556143377857184   0.003042714467994035  0.0002487532327437862  0.0002900188281831122    0.02682203999282026
                  25000  0.0003748795102086337  -0.003250411241844815  0.0002290342207115365  0.0002639516995954278      726.6417110986692
                  25000 -0.0003644319678905329 -0.0002137338296263581  0.0002340959229437491  0.0002733039895659654      22.27495750751901
                  25000   0.001865651534945486  -0.004076195280356402   0.000237387593767756  0.0002864636266556883     0.9157925154636538
                  25000   0.005191577518726149  -0.003430421177232195  0.0002137258544177998  0.0002445449322682305  4.335291059405979e-05
                  25000 -0.0001236430343873431  -0.003619808671587364  0.0002338168368048191  0.0002774077931337193      420.5792173758267
                  25000   0.003956597855316195  -0.003875376879000353  0.0002276424110564937  0.0002413300393801692  0.0006464348187214138
                  25000  -0.001434988034476786  -0.001735220694669917  0.0002345232236356726  0.0002676852785843272      1863.749608443042
                  25000  -0.002611148281849177  -0.001730663299399924  0.0002286707452098308  0.0002759456229014778      982.4226609974187
                  25000   0.001576916189647695   0.001676942328862475  0.0002229811427415515  0.0002522067602333014      1.519624929523652
                  25000   0.001657936273043661   0.001315036094095237  0.0002220324862009384  0.0002802865993094089      1.785315182347282
                  25000  5.696045767869729e-05    0.00109838294944444  0.0002388894958672114  0.0002638484556178503      687.0354546618353
                  25000  -0.001153630735821014   0.002301791199192731  0.0002418570955537898  0.0002853148942245098      15.88707802556063
                  25000   0.002006466183708771   0.003110891781182504  0.0002439502559040669  0.0002685388901253977    0.02310722863565191
                  25000  -0.000781220115050036  0.0007546579639703055  0.0002406595013348336  0.0002642683237701624      1389.010060544772
                  25000  -0.002622344554616094 -0.0007906212355696126  0.0002260753825551284  0.0002749610931097478      428.3682608522572
                  25000  0.0007423575979331476  -0.002553144176725896  0.0002134596656615235  0.0002537882856283126      68.75360748565599
                  25000 -0.0008445396593749653 -0.0007106931404776989  0.0002344210540498552  0.0002669787055346986      91.50026617680371
                  25000  -0.003326007623853268  -0.002294395709968699  0.0002185765595763995  0.0002824411550523002      9.091727382468573
                  25000   0.001372577190955414   0.001385829604380249  0.0002219691072184689  0.0002769254277934756      4.921963108063237
                  25000  -0.002708923140624217   -0.00032614325403447  0.0002239043263306102  0.0002749754040302151      94.61174169916615
                  25000  0.0005968221087308334   0.002849107736331868  0.0002323756025902561  0.0002804078138797569      2.053915809691353
                  25000  -0.001229615541323165  -0.002507115545471084  0.0002334960023833179  0.0002640129764538506      4199.685439164693
                  25000 -6.666871906700554e-05  0.0001113528954149699  0.0002501494072902326  0.0002768202643845227      6.822495786910398
                  25000  -0.002298943032040002  -0.004846665370049379  0.0002387340255820915  0.0002838118055256061  0.0001584114305874393
                  25000  -0.001971719767228986  -0.003391261540204879  0.0002317349367417862  0.0002648294301951973      93.21547900279472
                  25000  -0.001365006409539141  -0.002868423675665425  0.0002316948814096187  0.0002808202511656699      2127.538758728557
                  25000  0.0004173039438041287   0.002371015020245771  0.0002235587382143998  0.0002871388053484657      22.63930705995574
                  25000    0.00382928426316368  -0.004651242318218826  0.0002349315903781144  0.0002807509977025082  1.252107124772862e-05
                  25000  0.0002593120104393022  -0.002191495186522664   0.000219387360868317  0.0002529851983749637      97.97076083076318
                  25000   0.001031344053972936 -0.0001633250813987846  0.0002111341424445456  0.0002712108159724736     0.3078643239967422
                  25000 -0.0005091363820408556   0.001891186180014664  0.0002202586968823428  0.0002639516420581035      2038.318067102737
                  25000  -7.96744889902171e-05   0.001404599521201571  0.0002400980170888569  0.0002691887645428226       2510.78868292596
                  25000  -0.001185008852111015  0.0001330981469258826  0.0002241665523238691  0.0002558088662544856      741.7655084198303
                  25000 -0.0003555614292419164  -0.001501786154759125  0.0002424726493653493  0.0002680400481707077      135.0729123494525
                  25000   -0.00177743786838226   0.001034633263437651  0.0002206557111732192  0.0002497943045170841      266.0194613242637
                  25000  -0.004608299453807543 -0.0003646898838626731  0.0002293026768509217  0.0002783676946703405  3.395077080595784e-06
                  25000  -0.005123058783739511 -0.0007757302009650779  0.0002296242306267285   0.000278272999719322    3.6413226390709e-06
                  25000  -0.001575135991876484  -0.001065551234234437  0.0002339364327221452  0.0002618703638416915      1144.796031071828
                  25000  -0.002055889010443175  0.0006699080597992903  0.0002383563982434534  0.0002637587838315684      284.3471860989263
                  25000  -0.003946038406097746   -0.00103610874815352  0.0002283089545203951   0.000277519035981376     0.0257624537829461
                  25000   0.001063753857513566   0.002793126002774577  0.0002248492596981173   0.000284827197168845     0.6084605422039984
                  25000   0.003040990585809071  -0.004568247331250446  0.0002264662975631824  0.0002776041084800748  0.0008784362199343219
                  25000   0.002037934260595899  -0.003158781312584184  0.0002410846210099831  0.0002829246412110296       1.14865684768347
                  25000  -0.003882796163761543  -0.002171475340349463   0.000216257141576875  0.0002689450846169889     0.1308234853333982
                  25000   0.001418892966828038   -0.00318128304744373   0.000232914607815633  0.0002523608245356734        19.779657567064
                  25000  -0.000882759909190117  -0.003775910831387154  0.0002280746414058566  0.0002663216758597022      90.95341446864549
                  25000 -0.0005222010918621817  -0.005957939010828912   0.000222016141927774  0.0002732039904254411  2.395888327586297e-06
                  25000  -0.004757490841724369   -0.00378978997981081  0.0002223691491436922  0.0002733680064507329  3.373538183065224e-06
                  25000    0.00205325656094483   0.001874948813028431  0.0002273477315754953  0.0002711980330492955    0.07176759296033053
                  25000    0.00281483341579863  -0.001897754690006363   0.000208198643632902  0.0002317860753363511   0.001733957591871139
                  25000   0.004189566725228018   0.003089156003771631  0.0002214081366388964  0.0002725588129749254  3.924947315641204e-06
                  25000 -0.0008557953381660907  -0.001526833317893176  0.0002238357661827093  0.0002643697719730639      275.7747891513297
                  25000   0.001764095066245444  -0.002422824627777269  0.0002224916742637465  0.0002723580219364812     0.5188928061006748
                  25000   0.003538100297405669   0.002010101737593667  0.0002173271005714306  0.0002709856911945735  0.0006210185539496348
                  25000   0.002575590752590287   0.002542041485311995  0.0002170729833314152  0.0002708863506033526   0.001504869127880821
                  25000  -0.001971833348625129   0.001436880254709543  0.0002170520806355467  0.0002708150954745005      8.499798639756605
                  25000   0.001934788128485917  -0.003611260354007387  0.0002177390363815063  0.0002710973105144489      2.820226620840151
                  25000   -0.00246112637912435  -0.002338250291297622  0.0002183399698038809  0.0002668733652520176      598.6876103241983
                  25000  -0.004990356576597987  -0.002676223847548818  0.0002159068607548017  0.0002693672245392879  2.568646323898468e-06
                  25000 -0.0006462727677733152  -0.001675070693360275  0.0002243164026567598  0.0002531353080267297        414.54998118875
                  25000    0.00397756496602081   0.002787487469530874  0.0002157279957327609  0.0002692895630487165  2.266005632491988e-05
                  25000   0.002389261474757926   0.001702267914943508  0.0002186235601417725  0.0002617199552676587    0.05386491513721413
                  25000   0.003096119611665028   0.001419218262455961  0.0002138961417337276  0.0002596112520013372     0.0118462483460016
                  25000   0.002535354086454895   0.000607866773622324  0.0002097979008338729  0.0002566570979261115    0.07063016196262387
                  25000  -0.004311983402065129  -0.004106251409247247  0.0002146692656903813  0.0002684123571810305   3.96913586674614e-06
                  25000  -0.004465648717119248  -0.003827812484502293  0.0002125391986914458  0.0002665733685774857  6.826660434863193e-05
                  25000  -0.004035391976864144  -0.003561742464978889  0.0002142308436220276  0.0002714437204449055  0.0007495277161270896
                  25000  -0.001405381059215254  -0.005573005464754314  0.0002143043816188814  0.0002678664147345163  2.793215008404587e-06
                  25000  0.0003880340278473886  0.0003642755748897069  0.0002224301088312654  0.0002452962467315814      10.76253022395842
                  25000  -0.004554629026326278  -0.003005004841645215  0.0002127633545726892  0.0002884101807002844  0.0001472744205972289
                  25000 -0.0009210599820127063 -5.388431329257309e-05  0.0002123983749193206  0.0002445355665528273      77.82791342413738
                  25000   0.001198470831502874  -0.002936026767148301  0.0002231941102975259  0.0002620821149056732      26.52246241100971
                  25000   0.001703842323626062   0.002460473302298452  0.0002147020266348662  0.0002633737142452812     0.2389565751348575
                  25000   0.001884709336700849   0.003607724249979649  0.0002120373473989658  0.0002660127745517092   0.002061055917294213
                  25000  -0.003207778510975634 -0.0004830105448646386  0.0002108195203060764  0.0002595675433295076      4.336201519104348
                  25000   0.001036246283599424  -0.001984430666053168  0.0002291866523001208  0.0002676979327942805      1.999797732576027
                  25000  -0.002955976622776058 -0.0009895986119125809  0.0002268064502984636  0.0002685753823557525      48.93673471761375
                  25000  -0.003200047777259521   -0.00129610731297908    0.00021516206552556  0.0002772453839984296      10.89378471949164
                  25000   0.005006431100083541  -0.003020083740418675   0.000203402105874792   0.000258849562417939  2.847647751040713e-05
                  25000   0.003391649375376506  -0.004522805495953817  0.0002114800447833544   0.000265038233778047   0.000589622983439041
                  25000   0.001002709974953045  -0.004362357063586627  0.0002114941773246598  0.0002650456768315508     0.7963385490940795
                  25000   0.000405518781339101  -0.001015913335799778  0.0002161951894825082  0.0002703761770314877      0.365474902865686
                  25000   0.001885103681882733  0.0009359133482016975  0.0002290790897660999  0.0002433177144000301     0.8153749751755054
                  25000  -0.003041818451616937   -0.00399970811144726   0.000210361512527754  0.0002637158585530149    0.01263325444576577
                  25000   -0.00376651795558409  -0.004144938474958094  0.0002105410629135607  0.0002636209427408645  9.335323347483541e-05
                  25000  -0.003079488576444959 -7.591527070707059e-05  0.0002106596745453476  0.0002636404610572803     0.8430598213948035
                  25000   0.001449107801817209    -0.0046736648704152  0.0002157753404524228  0.0002800929471131583    0.09848780709517488
                  25000   0.002473782774349112   0.003806446689745223   0.000210405615607015   0.000263612932329513  0.0002134353323487362
                  25000  -0.003647752558983633  -0.001768163780543068  0.0002102681979849275  0.0002635577825385717     0.2460105115154703
                  25000   0.003225239881442557   0.002088485483572704  0.0002102933939972611   0.000263512070192099  0.0007037904012129967
                  25000  -0.001562627836542304  -0.003314700234522072  0.0002185588373854709  0.0002590231471981012      199.0288148924628
                  25000   0.002194230927176549   0.002304175047433717  0.0002089840722004756  0.0002607987614365927    0.01470416770101954
                  25000 -6.730628146697769e-06  -0.001785035225413515  0.0002212063475344386    0.00027486642104518       47.8967860850244
                  25000  -0.002940104891244552  -0.003498140009605539  0.0002084146483244976   0.000260463943746754     0.2407541236413277
                  25000 -3.411355902195107e-05  -0.004270593389377787  0.0002076149385667985  0.0002603358599482054      1.861057208406136
                  25000   0.001761747518212445  -0.001017625981150374  0.0002074612366400674  0.0002602461021452296   0.002740149957687254
                  25000 -0.0004714932533986614  0.0008175774133178793  0.0002184258127000696  0.0002528198171226912      371.7193523605009
                  25000   0.002751868784743057  -0.002334003010562301  0.0002062239489813839  0.0002592839521458675   0.005427894309364148
                  25000  -0.000568968567946521  -0.003531134729303252  0.0002175635717314172  0.0002420893506191157      373.6664082167348
                  25000  -0.001929801837406404  -0.003849399204782623  0.0002075859337072629  0.0002523745160326883      4.424245872396512
                  25000   0.003267284271481834   0.003715489085810948  0.0002059156265678222  0.0002598041267743893  3.961609319888469e-06
                  25000 -0.0008329881289245647   0.002046197776688397  0.0002205010354132543  0.0002529931595882279      359.5419517069731
                  25000  -0.003754377149734696  -0.003821251198661928  0.0002048933003902625  0.0002588533854877745  0.0003367417029284717
                  25000  0.0008312259173331582   0.002111362846187539  0.0002341241515578688  0.0002444910091909796      12.20250679921599
                  25000 -0.0003428386338244873  -0.003354432054383127  0.0002208750717784086  0.0002465221057208347      812.4452887365047
                  25000  -0.002671485975532813  -0.003785533091090997  0.0002047983521334499  0.0002587403782969648     0.1353625968323479
                  25000  7.169499619142144e-05  -0.002561968440024052  0.0002207168211268854  0.0002505671050171908       397.407212711041
                  25000   0.004216839306735113  -0.002766491074438565  0.0002013545187073836  0.0002551129695052748  0.0005926302907321172
                  25000   0.001455068224983666  -0.003911921600910387  0.0002171576973326968  0.0002370760234661903      5.360199707108577
                  25000   0.001088121670383072   0.003290997599765098  0.0002042035420470691  0.0002585368456422821    0.03909338137663078
                  25000  -0.002422677406176786  -0.000463195036494829  0.0002099677104634893  0.0002472427334990165      116.9305967005129
                  25000   0.000412752814832908 -0.0007345144076981943  0.0002222035013424981  0.0002431530906115973     0.3617707923644201
                  25000  -0.001154249473847077 -0.0009527398790295385  0.0002157244020122246  0.0002352417159929082      119.1130193901562
                  25000   0.001440840047128842    0.00206694960298988  0.0002061641631913524  0.0002567353557076676     0.5841681046986673
                  25000   0.000661899527962764  -0.001098217048207653  0.0002029830120008545  0.0002560061528354633     0.1143062408628451
                  25000  0.0009211257995781057   0.003683400861786068  0.0002018856189049596    0.00025536709044311   0.006972408843835365
                  25000   0.002435776068807835  -0.001427067166772984  0.0002010845563073411  0.0002541661536174941  0.0003261161292394224
                  25000  -0.005081421699590655  -0.001897801196003015  0.0002011750547164598  0.0002539830974337594  3.045274784104676e-06
                  25000  -0.005483506975078844  -0.002154029682365851  0.0002013106439069697  0.0002539555752116259  3.699890252608299e-06
                  25000   0.003214311984418124  -0.003490250668841997  0.0002014579115077297  0.0002537483191115509   0.005508164457854427
                  25000  -0.001155071692683978  -0.003631286413562883  0.0002206931472453656  0.0002322082436866555       67.0746572574033
                  25000  -0.002137194262142948   0.000981121737349954  0.0002176126601730966  0.0002295898749145568      33.39774068602239
                  25000   -0.00338622725391019  -0.003237490363726299  0.0002132144249911469  0.0002531563461313218     0.1195749397970202
                  25000  -0.002080955260165319  -0.003079865495986044  0.0002172694479203517  0.0002390828697822591      40.15003049002468
                  25000  -0.003912289536982941  0.0003092004646360495  0.0002003271741833798  0.0002530000316894276  0.0002792382952993736
                  25000   0.003578060948690495   0.002625466064557012  0.0002005162481753286  0.0002530440434404883  0.0001548782300014457
                  25000   0.002709440632782582   0.001241593184511023  0.0002006407272622487  0.0002530827369647403   0.009277062058309762
                  25000  -0.004300819447966539  -0.002859484028033914  0.0002084360755970021  0.0002346244828859616   0.001134621840398625
                  25000 -0.0001883520772064433  -0.005583814761899382  0.0002007401632949201  0.0002531576859937636  1.702644303451724e-05
                  25000   0.002809359477674137  -0.004008638732527309  0.0002082832115196634  0.0002594672782462518    0.02447382511783874
                  25000   0.002098725127344832   0.001454664330006551  0.0002004186174201709  0.0002532242754608334    0.04211939273836456
                  25000   0.001410778718366508     0.0027493155215258  0.0002000535941779768   0.000252621249106358     0.1043010042811857
                  25000  -0.003005717218802447  0.0001879376806654155   0.000210618386271376  0.0002500095621638082      1.209884482256046
                  25000   -0.00432548908221109  -0.002337870640595644  0.0001996186037984827  0.0002525070479357573   0.002794809334204932
                  25000  -0.001278194323195358   0.001746981685204135  0.0002293852036591176  0.0002444474395898238      435.0187367921457
                  25000    0.00373297801406563  -0.002843895151235639  0.0001991344533677811  0.0002524871367672291  8.318525587054248e-05
                  25000   0.003019858102347055  -0.004250594065529027  0.0001985421244194595  0.0002516709469251373   0.005112943056609458
                  25000 -0.0004405876833128174  0.0003648325277287861   0.000234075045414377  0.0002404247630073152      97.24835054971092
                  25000   0.002339768425413311  -0.002371160254884166  0.0001982256906576172  0.0002516472168191178     0.0136296724583471
                  25000   -0.00258986696327933  -0.004039984091932152  0.0002020622751786737  0.0002476908066107304     0.1021446983740667
                  25000  0.0001529931509297865 -0.0006093918236306204  0.0002134157151921839    0.00024715813063904      1.294552543854354
                  25000    0.00112350761216159  -0.000752385561174243  0.0002093633034886856  0.0002603454880184422    0.03416623766790537
                  25000   0.005861168217922328  -0.002382103915894883  0.0002121763172011267   0.000249778443548878   0.006083443656700964
                  25000   0.004714853899227689  -0.002197281116260896  0.0002107247690273139  0.0002505895105443136   0.002185074499468187
                  25000   0.005754492647183931  -0.003273968690923514  0.0001991011479218547  0.0002515497937392092  6.543854750941047e-06
                  25000   0.005490315581827388  -0.002408271551888114  0.0002124098908569389  0.0002554323833774155   0.002010521135339628
                  25000   0.004977291607979029    -0.0023875267282502  0.0002221145946615538  0.0002670254577630898   0.001824787659768001
                  25000   0.004708325197562156  -0.002867766790587881  0.0002141548819474708  0.0002317488485259439  0.0005080665729046175
                  25000   0.009414947460554487  -0.001877247219735759  0.0002001923609516684  0.0002514156654376124    0.02777337516993409
                  25000   0.003551331766010763  -0.002123631355120186  0.0002092625611471749  0.0002447972323912803  0.0006061010778067132
                  25000   0.004298541569254098  -0.003061874719405672  0.0002162867723498768  0.0002519948268194065  0.0001107428762258354
                  25000   0.004841915107108399  -0.002597779896887617  0.0002004449716867279  0.0002513250987469197  0.0001230457883226865
                  25000   0.005254654452006674  -0.002827735732021357    0.00020048206300596   0.000251291754124255   0.000117465222206241
                  25000    0.00613230194020678  -0.003765982361606373  0.0002005519610034727  0.0002511431085704775   3.31881246249839e-06
                  25000   0.004413036899464852  -0.002501173112657241  0.0002150039511976308   0.000243984718770344    0.00240963110123313
                  25000   0.006236716066454525  -0.002864900338126023  0.0002260788915988732  0.0002352469717606177   0.003935548214146383
                  25000   0.005335760332182383  -0.001985650244123152  0.0002107637278035331  0.0002892351643807497    0.01067912286498944
                  25000   0.004117712048192479  -0.002218376895800024  0.0002096208168128284  0.0002586702738811773  0.0001939938351066098
                  25000   0.004863485783190815  -0.001858438018334543  0.0002005186750811649  0.0002508071263994088   0.001434531961066381
                  25000    0.00700050276983756  -0.001599227014351833  0.0002004990321796305  0.0002507710313025706     0.2357449571391784
                  25000   0.006427739893629593  -0.003198703467505897  0.0002150763726257489  0.0002316950857319808  0.0003064792853739686
                  25000   0.006653509778676155  -0.001073214156042974   0.000220026857488511  0.0002440926926151498       1.58121862581693
                  25000   0.002866179449290205 -0.0007676247137397697  0.0002004397514282123  0.0002506165018998815   0.002505351437544106
                  25000    0.00447208646036566  0.0007709531491096642  0.0002283101813695096  0.0002439537944872742      1.440480316701546
                  25000   0.008946386950366854  8.429224079635741e-05  0.0002227059829080756  0.0002426076268337323      32.52035046595093
                  25000   0.004869218024993034  0.0006544595862339867  0.0002278792076795218  0.0002456977015631294      7.665176712504181
                  25000   0.006409546368141381 -0.0005865139968929629  0.0002427612582720481  0.0002457918538343761      16.48584929289731
                  25000   0.004443755098496174  0.0004593743385106467  0.0002294641354890245  0.0002549075585994711      4.293882814935569
                  25000   0.006361236784335945  0.0001295873328026394   0.000228770168582835  0.0002528233072728526      288.4758517355362
                  25000   0.006223683767783488  -0.002439242608301681  0.0002442776128078119   0.000237798629285222    0.02363296646803465
                  25000   0.004637812121133755  -0.002503048235147792  0.0002124664037397306  0.0002351773727967405   0.002932576882186754
                  25000   0.006107009288289659   -0.00125603486209643  0.0002198308266383189  0.0002459756040374232     0.2372183975192987
                  25000   0.003998623993976155  -0.002796543885910323  0.0002009534563645051  0.0002497727698769368  0.0002101225569430272
                  25000   0.003536272812778087  -0.002680880191482769   0.000200932844210414  0.0002497479199357768  0.0002736596158008906
                  25000   0.003874059813713463  -0.002338171104183051  0.0002009193743264316  0.0002497196102504376  0.0002083265543603652
                  25000   0.005183100432607847  -0.002257059018463054  0.0002029598779457668   0.000250146872222673   0.004164871356464504
                  25000   0.006242389151987177  -0.001638383414110106    0.00021841143859715  0.0002544570893688822      0.190722251736567
                  25000   0.006934687402736464  0.0006280485213845033  0.0002133418224139747  0.0002529279461834378      22.02005304946088
                  25000   0.003383639706148115  0.0001159304262097885  0.0002246954723773494  0.0002698373177270642     0.3857418437999004
                  25000    0.01010526251144361 -0.0007841413896877287  0.0002173279050420478  0.0002505257782486512     0.8291267818269225
                  25000   0.006079709855247429  3.585752591781029e-05  0.0002250403900316509  0.0002611238940204965       149.536061995459
                  25000   0.003811290781496002  0.0007450478617610757  0.0002247078318610763  0.0002511975553731396     0.2604900766993915
                  25000   0.009241540713660568  5.231908736326884e-05  0.0002153768246070569  0.0002553418356203051      4.521001935973125
                  25000   0.005837927379103754 -0.0004335202218309252  0.0002172621845155163  0.0002420636060864926      7.094970104518008
                  25000   0.004148785013390308   0.001289277289268637  0.0002012464273575132    0.00024891339923072    0.04229549936034736
                  25000   0.006289264813164615  0.0004298778064981261  0.0002266227160979104   0.000264418788840552      136.8813613183833
                  25000   0.008120387240636767  0.0004235962675561392  0.0002013120942827759  0.0002484441179449829      6.938367951864362
                  25000   0.005443971032725027 -0.0007622594929083974  0.0002299653197196626  0.0002467257765884441      1.477489385954691
                  25000   0.004108598962194007  0.0005357224700158658   0.000217551348360069  0.0002467186367027951      1.835684844155532
                  25000   0.007744396939339021  0.0003095766872921824  0.0002310267420470807  0.0002591462314505198      74.58380066747692
                  25000   0.004084940328089317 -0.0008133042386306881  0.0002227441504404875  0.0002450673416694114      0.101911254383496
                  25000   0.008557400239324307 -0.0009367784739786432  0.0002165877810414638  0.0002431051123204493      8.019249583445841
                  25000   0.004363896525321308  -0.001062526191280946  0.0002065261862948636  0.0002523461064388042    0.02725117664359714
                  25000   0.005784524971740776 -0.0001369964579912029  0.0002267834106555335  0.0002600890015651963      31.07755592856269
                  25000    0.01025436865057115 -0.0003969509727051119  0.0002244920593273602  0.0002506604936715553     0.4088230425771818
                  25000   0.002235954139170347 -0.0008988454925294132   0.000202474251501988  0.0002464846638246646  0.0002917745711354694
                  25000   0.002445368466685415   0.002298220815955308  0.0002036323804024011  0.0002464142742269623   0.009634631385967591
                  25000    0.00267094766871778  -0.003600540985082888  0.0002206088370328168   0.000256464358476937     0.2559307943324819
                  25000   0.001764759311594805  -0.001578128435794338  0.0002062735759823737   0.000246181551883721    0.02144326954597015
                  25000  -0.001492186966645491  -0.001320782206987139  0.0002189396890567927  0.0002400899895292504      294.7271239764979
                  25000  -0.002354318285097684  0.0001566831029399894  0.0002126024983542777  0.0002425681448009614      137.0226241842739
                  25000  -0.001085446305091328 -0.0005517525138980236  0.0002187395496632983  0.0002413562095698978      115.1897247625369
                  25000   -0.00167441351291319  -0.003797714550311184  0.0002051598378993687   0.000245540920536187      3.639181006645062
                  25000   -0.00142413454745762  0.0007437482948492818  0.0002281000520243755  0.0002347029937754664       1455.29592586725
                  25000 -0.0003525422779061582  -0.002354086703174647  0.0002216039730830299  0.0002359878216356499      681.3880663027205
                  25000 -0.0009118185468110693  -0.001191078998490653   0.000212550306766054  0.0002348390861035353       63.7782320611398
                  25000  -0.001949726842643015  -0.002087745665170772  0.0002137312856716072  0.0002429265139412689       544.032702743747
                  25000  -0.002000538856626699    -0.0009038202707121  0.0002195060225241997  0.0002378399801972547      671.5626638621959
                  25000  -0.002386612026028924  -0.004098372464071725  0.0002021868549752155  0.0002425726921534324    0.07511642880794012
                  25000 -0.0002948704781468492  -0.004769861872609119  0.0002015691263992792  0.0002424682258977407    0.07979278655035384
                  25000   0.009452495578678855 -0.0004183245726278219  0.0002147045434967243  0.0002523698183756433      13.75982764699748
                  25000    0.01018058537104509  0.0002990901165923334  0.0002055513812317713  0.0002423048576442652    0.04380438344628928
                  25000   0.007120875077344871   0.000874184324541588  0.0002057859846515304  0.0002422746576194196      3.574679748725457
                  25000   0.006585706969508416 -6.667413522373918e-05  0.0002329117431858951  0.0002578291619813794      342.9624010443228
                  25000   0.003560414898942552  -0.001178183552844699  0.0002221826297498567  0.0002341975010214092   0.004910570676214999
                  25000   0.005474304569699787 -0.0001841234635099395  0.0002205935568587399  0.0002562910281150983      8.353796962867644
                  25000   0.004591408833069023  0.0001391394813906577  0.0002401230120060925  0.0002552916297910266      12.53715457224193
                  25000   0.008202236583474817 -0.0004889947429620645  0.0002150619503515153  0.0002455138352615348      49.98617861041376
                  25000    0.01027772174551437  1.696997621487336e-05  0.0002111060951990388  0.0002410632227436262    0.07465693563898249
                  25000    0.01076140406011776  -0.000996375447980763  0.0002128722055883186   0.000232267519714564    0.02995748373877423
                  25000   0.008206308623764326 -0.0009473373700775892  0.0002125424244796233  0.0002433497439608184      6.225422131323123
                  25000   0.008446019500839449 -0.0006756370125680413  0.0002237170704323853  0.0002347175199052713      21.99538939211681
                  25000   0.007909501109813635 -0.0006978094898232659  0.0002180573913547438   0.000245818497596653      37.87392024776282
                  25000   0.003888798690982937  0.0003427003036124657  0.0002207304915651407  0.0002517014106776824     0.3935225899421574
                  25000    0.01082654877269936   0.000754965318733209  0.0002079673720420189  0.0002394040741153462   0.001364904173769853
                  25000   0.003959446299261949  -0.001329294573172135  0.0002173234642274846   0.000241126401361687   0.007599285350509313
                  25000    0.01109776623375314  0.0002259618664164804   0.000208195340524703  0.0002389478499096023   0.003510571942362413
                  25000   0.009388498431235948  -0.001136634213299348  0.0002082463189292906  0.0002387605415072096     0.2108511989839868
                  25000   0.002761912986367168  -0.001336799123626603  0.0002084548538380521  0.0002385167148219941  0.0003051039991540103
                  25000   0.005208924734346892  -0.001184628446291421  0.0002246934081204612  0.0002390545435523443    0.08166522927885413
                  25000   0.008399836163515289  3.281045049175267e-05  0.0002395920347910416  0.0002495366270044771      227.9760235027281
                  25000   0.007044646129155498 -0.0002687946359561909  0.0002181843682859984   0.000255901520717291      190.9626411002654
                  25000   0.008386041141809597   0.001286994617668611  0.0002089015806116702   0.000237498817181501     0.3153049159801154
                  25000   0.009977669829021948  -0.000207432146590035  0.0002231288224422224   0.000253905830650597     0.5916968413884141
                  25000   0.005266890858869193 -0.0004256033424064874  0.0002143040428584768  0.0002447252692357117      2.573663398629324
                  25000   0.003736984762038796   0.000158677667434257  0.0002232407058057954  0.0002396037898083154     0.4493700541775356
                  25000   0.009397970805269901  -0.000831138458152663  0.0002198051617061553    0.00023583222718796        3.3197349655397
                  25000   0.007423564551826764  0.0001281973204996876   0.000222352447178076  0.0002556021673296626      230.1672479133595
                  25000    0.01069884784405271 -0.0001500845653778511  0.0002093880776691126  0.0002366234592186808    0.01271524613679294
                  25000   0.009711578053494895 -0.0004947708226039952  0.0002281902827334642  0.0002407905279922376      2.974425102345077
                  25000      0.012525771470961   0.001153199601375693  0.0002096196564566057   0.000236480926207043  6.149648020463744e-06
                  25000   0.004732520069697135   0.001029722468835406  0.0002146606351467419  0.0002496237496655603     0.6415263585640057
                  25000   0.005533017864718842  -0.003196992719868673  0.0002098485860931645  0.0002363017487857694   9.99461179241899e-05
                  25000    0.00437469971839042  -0.001955451712858863  0.0002098579051116592  0.0002363080572242356  0.0003647108217924098
                  25000   0.008943603130795601 -0.0008640356009258888  0.0002171762395355148  0.0002391863541189564      4.713032510791499
                  25000   0.008781207725224083  0.0003751684240993368  0.0002099072247244632  0.0002362461489304541      3.514244019304286
                  25000   0.009093043879805272  0.0003986375604751721  0.0002099507455154359   0.000236150425715804       1.55500579118567
                  25000    0.01090740072535573   0.002002932933425692  0.0002100392987828726  0.0002360237284065223  2.575615905992508e-05
                  25000   0.009661009165137242  0.0003714438864963133  0.0002101607318092878  0.0002358959454213396     0.1664519272540567
                  25000   0.006792352410561247   0.001132628037416886  0.0002101951659849327  0.0002358658808591985       1.02456095691981
                  25000   0.003707352410340194 -0.0002518516893707506  0.0002236526364183058  0.0002531776624335009     0.1464186412568911
                  25000   0.009774759419117963    0.00109565979960991  0.0002112069197782629  0.0002344822387850889    0.06585452300835189
                  25000   0.005694160717951206 -0.0009763581233602134  0.0002327525721295637  0.0002363765981895955     0.3229074620636072
                  25000   0.004381568264604749 -0.0005742560052781197  0.0002174303524817542  0.0002381077344038231     0.1865607803449867
                  25000   0.006020603749093279  0.0007678040887084363  0.0002116978306946271   0.000233969745646922      3.969416179766298
                  25000   0.007311623770458356   0.000402501198215359  0.0002118004995706806  0.0002337977919590725      20.78245646558426
                  25000    0.00839797148051305 -0.0002228543452582489  0.0002288378959437168  0.0002355891322209344      138.2132694614477
                  25000   0.003253034291787516  0.0007801618468195962  0.0002119209779465541  0.0002334005049174533    0.04079223577632463
                  25000    0.01050405920404703 -0.0007744359308086021  0.0002251641393168033  0.0002539501997016831     0.1475416639021653
                  25000   0.009232708801691695 -0.0003515854805914566  0.0002184065551317729  0.0002399493081117284      16.75056636921956
                  25000   0.006224315381551416 -0.0002595056981954115  0.0002221475258534124  0.0002466657982267065      28.67423432017468
                  25000   0.007714106730636139 -0.0007901277166302021  0.0002127210112086944  0.0002327845510707118      7.429409155864516
                  25000   0.003384831668539207  -0.001001638022653026  0.0002127641744081683  0.0002327274254228111   0.001948043078212453
                  25000   0.003684043425088187  -0.003192409957029032  0.0002154485753035041  0.0002292354316313626   0.001426569725192039
                  25000   0.005449685684186702  -0.002896084884088444  0.0002127856577937651  0.0002327292270663784  0.0005340933834328878
                  25000   0.005860748977816244  -0.001936852406590191  0.0002127882682846932  0.0002327344796846416   0.006405385186607955
                  25000   0.004868404751403793  -0.001221849710443888  0.0002129398405227491  0.0002326349499315281    0.01153331788172611
                  25000   0.004913495320364456 -0.0001246165178245163  0.0002147364635082463  0.0002407513566818481      4.938862793153065
                  25000   0.009671383227197589 -0.0002154713411677328   0.000212981003487567  0.0002319401397101314      0.701165622358433
                  25000   0.008664703591312529  0.0001695655010136638  0.0002131963392245328  0.0002314901390607346      9.213494915668354
                  25000    0.00429220429392153  -0.001569167473009357  0.0002132579323559091   0.000231418006562295   0.002776651012459897
                  25000   0.005644787311744792  -0.001802568336951375   0.000216898100428262  0.0002411552432123774    0.02039775497380134
                  25000   0.005090955349437507  -0.001891724925604295  0.0002131823358374846  0.0002313476966265149   0.004269030047850082
                  25000   0.005053130517643314  -0.001522027224855449  0.0002357060577284608  0.0002304246659235143    0.02275566409267148
                  25000   0.004027425301183571  -0.001950191953768378  0.0002131507395106197  0.0002313119709455438  0.0007273637552847861
                  25000   0.005763997884035621  -0.001229768838543825  0.0002131019073864689  0.0002312491807822042    0.05814521294726351
                  25000   0.005818560801072543  -0.003003012431433044  0.0002130607448750347  0.0002311782134355448  0.0007201262812292823
                  25000   0.008539201128454573  0.0003889163426567572  0.0002130717478243111   0.000231137542350586      6.880578638278437
                  25000   0.004767243710490032 -0.0008853764867823266  0.0002137670702668843  0.0002301080332824465    0.04896746520831376
                  25000   0.009155308398495413 -0.0006946773672436304  0.0002139766421882371  0.0002299360846411815      2.850659853193525
                  25000    0.01174917548140298   0.001163817424194026  0.0002140198731229514  0.0002299098829430283  2.015966443077572e-05
                  25000   0.004210706862552027 -6.861160706149612e-05  0.0002140366431382605  0.0002298411957697155     0.3983225734215821
                  25000   0.008756789349591705 -0.0006397388579367379  0.0002141396094107523   0.000229707328611011      6.871324362992132
                  25000   0.008111281041468509   0.001414149357974456  0.0002141517218770268  0.0002296794606228316     0.2100195649403896
                  25000    0.00953604272288705  4.268015890262408e-05   0.000214499295078367  0.0002293465581514538     0.8793118908118273
                  25000   0.007217119122961154 -0.0008279497766669454  0.0002149039441116803  0.0002284333434881872      5.332973801859184
                  25000   0.006465799814503259 -0.0008414804854435942  0.0002149447956210098  0.0002283738300495426      1.503564744908295
                  25000   0.007030115426471029  -0.001006093033647012  0.0002149642472267955  0.0002283454290880202      1.662647608108762
                  25000    0.00299538885961499  -0.001083409526683186  0.0002150229038691243    0.00022833128604403   0.001137162306724487
                  25000   0.006787892457166546  -0.002558421305451119  0.0002151531424381383  0.0002283314646131061   0.005024734670352433
                  25000   0.006053299098369883  -0.002062678205157527  0.0002151474425298475   0.000228334009459541    0.01580684654055621
                  25000   0.003742882566363955 -0.0007586963510169081  0.0002152327264312535  0.0002282782708923842    0.01382245849001332
                  25000   0.009124239397580584  -0.001601336562971572  0.0002152390767010211  0.0002282771555901786    0.05039434620653621
                  25000   0.006121703210276322  -0.003170758605180982  0.0002155168695554049  0.0002279822725008624  0.0007250514066730433
                  25000   0.006094393962394011 -0.0005340717921827991  0.0002155229263853892  0.0002279628309777747      3.454255560442108
                  25000   0.006479265251691977  -0.001224501371742401  0.0002156403411184054   0.000227762590070238     0.2284308942113963
                  25000   0.009652908356973335 -0.0009581882895048052  0.0002156842932803384  0.0002276831579495981     0.3981144553232028
                  25000   0.002502399071781924 -0.0009326213740341693  0.0002162823191262317  0.0002272576328143798  0.0006244258986924634
                  25000    0.01149676330010982  -0.001061760300564822  0.0002163889239800409  0.0002270186622922338   0.004846400551179859
                  25000   0.007263253526661718 -0.0001205606471213701  0.0002164265792540186  0.0002269469365516008       40.9309626889476
                  25000   0.004246958039185182  0.0003252758318301434  0.0002167043904353827  0.0002268278550823242     0.7935866865496575
                  25000  0.0007918674742585466   0.001446803345499397  0.0002151455876116097  0.0002262736405148187      17.63621363207904
                  25000 -0.0009567033314286062  -0.004255897964367329  0.0002233467624041794  0.0002303172082049649      3.155868290054599
                  25000 -0.0001658134346137041   0.002196574218276938  0.0002255200293097427  0.0002263580812828567      180.5554701584691
                  25000   0.002373882429600201  -0.002049412184146492  0.0002187904802008243  0.0002266319382515292   0.005650430675731137
                  25000   0.003884269334055701  -0.004362759012422059  0.0002187500140090033  0.0002265185893425864  0.0001239064664475821
                  25000  -0.002838942912075068  -0.004173622782729296  0.0002182611161017162  0.0002286663887217084    0.05023144639446267
                  25000   0.002576443675154276   0.002930438592102495  0.0002179457387062553  0.0002265332435284183   0.001512969262096567
                  25000 -5.099815719007425e-05  -0.002181516155941567  0.0002150413357268622  0.0002265592523806553       45.2757555064516
                  25000   0.003223244007255919  -0.002300539645429474   0.000217661469710513  0.0002266311839044198  0.0006844588919061885
                  25000  -0.002437043300054185  -0.003534846600805841  0.0002262074007682949  0.0002340950384458469      3.874664315113556
                  25000    0.00326756460419441   0.003164939767183237   0.000217452676303481  0.0002266068010120349  7.454137183230127e-05
                  25000    0.00281806970868353   0.001655618516700876  0.0002152171495764477  0.0002252188515769008   0.005017396684283597
                  25000   0.003608232275483246  -0.004031869296194169  0.0002152252034200465  0.0002253342075047672  0.0008546767519459106
                  25000  -0.002854820557621036 -0.0006903066770062677  0.0002258271144197999  0.0002234010313297303      33.87716270977161
                  25000  0.0005891312417574621  -0.001543761681743424  0.0002115972818482522   0.000241354703331079      1.342548471958964
                  25000 -0.0009543873878623651  -0.005060557996826288  0.0002139499668906352   0.000225267673018746   0.003792029430299834
                  25000  -0.003496558372790946  -0.002727589180951116  0.0002136787662642636  0.0002252904885236327     0.2748587498994631
                  25000  0.0002263021048616325  -0.004498814222454669   0.000212760819040611  0.0002248171651888997     0.5347887139777194
                  25000  -0.003086124568117645  -0.002710825067813859  0.0002127674610802986  0.0002247152430998348      2.191172402345681
                  25000   0.003167230815758114  -0.005633998300938122  0.0002116759654492227  0.0002237267493001882  4.776235143194368e-06
                  25000  0.0002300754935874737   0.002130736847859408  0.0002152931234054303  0.0002241885750709622       79.6040679883409
                  25000   0.003663686466095955   0.003607034151040826  0.0002112483750213724  0.0002238957072290085   1.08508392962037e-05
                  25000    0.00323563684627356  -0.002876059776776771  0.0002111253810985524  0.0002238989912483356   0.002577910392473522
                  25000   0.003040547267927679   0.003632435945854783  0.0002109967836879171  0.0002239908180815899  3.203804091342829e-05
                  25000   0.002179583335950433   0.002775739820012446  0.0002110019559044379  0.0002239833002032908   0.009291723728762037
                  25000  0.0006676208575493212  -0.003809685132510615  0.0002097918181041776  0.0002235941048596183      10.29677521594257
                  25000   0.003377689915052789   0.002385514519575237  0.0002096634191556725  0.0002234935687382224  0.0006404017466272073
                  25000  -0.001627445296640897   -0.00155450751433093  0.0002196837885659604  0.0002217773924189407      275.5685653520707
                  25000  -0.001053721206572421  -0.001799478879904052  0.0002105904082234252  0.0002240047732569188      142.4133743833023
                  25000  -0.002317232013943033  -0.003778614436434566  0.0002085629857723722  0.0002227208722998762     0.7185788264650901
                  25000  -0.001200205715918031  -0.004670544896782542  0.0002084144921094553  0.0002225459094871352    0.05062791431275886
                  25000   0.001928467316178766 -0.0001220556179562654  0.0002084157846725007  0.0002225178863178608    0.01809519327498449
                  25000   0.004258810439810412  -0.004095578143349441  0.0002075979971973487  0.0002222212190609857  0.0002208219459690316
                  25000   0.001531553625396902    0.00380231252856786  0.0002076086373356637  0.0002223914776480054   0.001264702171704425
                  25000  -0.004846896802886111  -0.001810281432580031  0.0002075609980857275  0.0002223796645575696  3.136376344888163e-05
                  25000  0.0002509654083336706   0.002749686954303477  0.0002075564918290575  0.0002224391713743491        1.6403445376936
                  25000  -0.003012157313803899  -0.002474427202014552  0.0002075224125508787  0.0002224590989312993      5.590777282922899
                  25000   0.001741870935923357  -0.003315625880136748  0.0002065727359224146  0.0002265474365457358       2.20571107539446
                  25000   -0.00258691925296959   4.94724603893556e-05  0.0002073989890452673  0.0002226411176432927      12.85946852315208
                  25000  -0.001779608927175108 -0.0008474180066706711  0.0002063522990951766  0.0002217685555276109       69.8104204715671
                  25000  0.0003602641002931581 -0.0004756073720659184  0.0002055080877510089   0.000220983139064441     0.3811272787453187
                  25000  -0.003538134672150531  0.0007250152718505175  0.0002055648578162907  0.0002211346055626128   0.002698337293404516
                  25000 -0.0006273784741801379  0.0005254415621188382  0.0002055480396793138  0.0002211122395113802      43.11858700682454
                  25000    0.00171119882707953  -0.004752010509865301  0.0002053248020311043  0.0002211965747593753    0.02552916792082545
                  25000  0.0001717611376192406 -0.0008936656158954065  0.0002053253820584192  0.0002212030742706403     0.5434169138856361
                  25000 -0.0001950941439688059   0.000374777344704729  0.0002051693005688072  0.0002210957095896644      11.30621069745582
                  25000   0.001381095300490339  -0.002711782671064399  0.0002051559573767884  0.0002210987930901839      1.794495856712934
                  25000   0.002108840547596665 -0.0005767640868668756  0.0002050350544319226  0.0002210006275027926   0.001700057419221873
                  25000   0.001157152083313236  -0.003538564349687963  0.0002170696737354483  0.0002207200222778938      13.44365259029548
                  25000  -0.002760481811358388  0.0007091937667947169  0.0002045021952546145  0.0002207533666682562     0.5583325693801175
                  25000   0.001743345891029698  -0.001995246992669337  0.0002043994972465995  0.0002207090086098761     0.1101224597890962
                  25000  -0.003643665814964481  -0.001272658701133775  0.0002042695980133179  0.0002206397817329844     0.3583140873953623
                  25000  1.601123946993957e-05  -0.001434418651770176  0.0002031920413662245  0.0002242720205931874      9.250369551791607
                  25000   0.001644857045805891  -0.003110295321420843  0.0002034111949169745  0.0002198105296322908      1.468139583250503
                  25000   0.002056705379794183  -0.002269425435006982  0.0002033143861253449  0.0002197396442956744    0.04959609220906289
                  25000  -0.002029177232076122  -0.005403759841855428  0.0002030519989218911  0.0002194986519021196     3.087902775076e-05
                  25000  6.009326936216424e-05  0.0004738070395228316  0.0002028136021794505  0.0002194248627405493       9.61764782163246
                  25000  -0.002492280685753893  0.0004754612835758308  0.0002026450701875948   0.000219302381171033       7.13486947409523
                  25000  -0.003227214841486864  -0.001961597217645544  0.0002025963794937055  0.0002192605823434824      4.684182484711216
                  25000  -0.003236361105030794 -0.0009686904201243247  0.0002028410231494198  0.0002190637244860401      3.112789339187462
