#! FIELDS time deep7.node-0 deep7.node-1 sigma_deep7.node-0 sigma_deep7.node-1 height
#! SET action OPES_METAD_state
#! SET biasfactor       16.03631500507211
#! SET epsilon   3.735419329000485e-08
#! SET kernel_cutoff       5.848558909940468
#! SET compression_threshold                       1
#! SET zed      0.4929387368418264
#! SET sum_weights       1124.282352490572
#! SET sum_weights2        5336.08622278436
#! SET counter  992
#! SET adaptive_counter  500000
#! SET sigma0_deep7.node-0      0.5010910227065006
#! SET av_cv_deep7.node-0     -0.2252338991959161
#! SET av_M2_deep7.node-0       126927.4545595061
#! SET sigma0_deep7.node-1      0.2816719872947089
#! SET av_cv_deep7.node-1       0.167432701181647
#! SET av_M2_deep7.node-1       77833.38174786554
                   9000    -0.2260430898781908     0.3715601858118606    0.07766721042920656    0.05787962144797223      735.0156579596998
                   9000     0.7371242604380185    -0.1987669856707779    0.08332352741405946    0.06508887426745989      6194.487116038285
                   9000    -0.7301231687724687    -0.2381662129169385    0.08693444532850018     0.0556936924681984      7682.621249900727
                   9000     0.4215764290881736     0.3645353534615745    0.07089642432849065    0.05385686515916058      15.46503583881992
                   9000     0.6533662270545212     0.1148691608698341    0.08687645946380899    0.05632518968377665      740.3514294630347
                   9000    -0.3460604559634271     0.5266400565582546    0.08683294459332057    0.05968888853415966      171.9089658922229
                   9000     -0.330309676713104     0.1520567565463085    0.09131340412487748    0.05943260652309187      344.4911159476597
                   9000     0.7347750598450649   -0.01343724513413711    0.07066273049966712     0.0494022555908681      4153.810604753505
                   9000    -0.4499078336397726     0.8485996377683784    0.06718217863353847    0.04752636371600459      10.44949234235396
                   9000    -0.6822134801165893    0.03705265301638054    0.07951056458676885    0.05874880423281217      748.6376878635363
                   9000     0.1102540568978253     0.4167240190139284    0.07563319294817539     0.0582353938993865      85.11851729240176
                   9000    -0.3305159426525801     0.7578040594398139    0.08838352449997859    0.06103218743394676      48.72844145012981
                   9000     0.1915332384078006     0.1725031562655351    0.08518113734285017    0.06094894065875691      194.9316582816128
                   9000    0.05928133746058747     0.3216817529693169    0.07509794841059095    0.05173643612525846      205.8629010040119
                   9000    -0.6459474133270183     0.1944423276170848    0.08475367095795747    0.06181050033377195      91.80821457693919
                   9000    -0.6445468838101587   -0.04392814969501446    0.07336527592778136    0.04968920880845873      822.0908644609085
                   9000      0.547718514631788    -0.6747604814382162    0.06792741351669783    0.04739551282180039     0.4444085356286647
                   9000     0.2132817309238182    -0.6471777668509608    0.07377339883015781    0.05285215784696844    0.04524580457281169
                   9000     0.4008215032248296    -0.3034902837787229     0.0928681533545144    0.05322225006571746      73.83171869110453
                   9000    -0.7265219464355739    -0.3421041145345582    0.07228191592428961    0.05556139542101761      1270.501729993958
                   9000    -0.5243887980059044     0.1294544374725757    0.07791282973274746     0.0479091101112163      315.0061776917829
                   9000     0.6879561973565089    -0.2769086769496196    0.06477276266225326    0.05096004211617167      1279.872364687528
                   9000     0.0241979714101864    -0.4697742648219284    0.09123137364123123    0.05585868350681915     0.4365544804283935
                   9000     0.5197670347127777    -0.1703643967738866    0.06755629540913956     0.0469402510159109      639.2964285058283
                   9000    -0.2383618632557123    -0.1279138231892297    0.07824078300356874     0.0573028808172151      27.31821595021632
                   9000      0.344161875910189     0.1237833139745838    0.07551734514785506    0.05319017214324762      313.6348014149117
                   9000      0.135438804500949     0.5981076973106194    0.06756467361947462    0.04765278138963825      15.50796798826787
                   9000    0.02383292459203914    0.04703379707878063    0.07544179216870489    0.05273303669797124      90.97374187861939
                   9000     0.5744566529127051   -0.04966020083776395    0.07221886661732133    0.04852014156413158      1263.414392374907
                   9000    -0.2182544562680642    -0.3577365241160863    0.07819178065304892    0.05020800810695045      6.796744825483231
                   9000   -0.02869168036094262     0.6338992241949224    0.09115506006749631    0.05867495717250881      5.951463328594005
                   9000    -0.3323838426082066     0.4284546262771848    0.06954869552554657    0.04614171845773653      132.8327185638256
                   9000    -0.5767524330648344     0.4114701178491074    0.09026102169969473    0.05935628473581737      38.67264898843605
                   9000    -0.4116481493183726     0.6682077709454386     0.1021287253151144    0.05468139927602884      42.54745500486749
                   9000    -0.3662570400882905     0.3092239758400507    0.07488055637198208    0.05102770582846757      133.0101746637671
                   9000     0.7972242422574781    -0.3557205806795513    0.06235000560413061    0.04779947959510405      833.0768681591026
                   9000     0.6171962302606238     -0.597803632514927    0.06790587689395593    0.04856258831853171     0.7531388124360088
                   9000     0.2163511215452989    -0.5205127480012735     0.0845664612109142     0.0576935947869702       0.68579950830624
                   9000    -0.6120106818272367    -0.5381698561158649    0.09085076470396601    0.05807072807304674      7.844761789033774
                   9000     0.4155778393385821    -0.1106203301851782    0.07125662384366251    0.05048902521320199      397.2333497026387
                   9000     0.1611981996530009   -0.04103464364994634    0.07324706132154558    0.05514021124366283       77.9931072129521
                   9000    -0.1441584325416836    -0.1819662495882496    0.07570612558903328    0.05064505216235651      10.90754304288367
                   9000    -0.4056549714591443    0.03018609006664074    0.08554538292774951    0.05395316451104864      57.76452767312249
                   9000     0.7175799471609292    -0.5817499891175162    0.07021696262065225     0.0499012702927426       1.64338594572851
                   9000   -0.05194645940751321    -0.2988753170225092    0.06966891394662761    0.05001614530014508      2.013519152307473
                   9000     0.1503475704844189    -0.2925207756352294    0.06919628720479588    0.05205043009969757       7.88331046842598
                   9000     0.1942058979382243     0.2943489210986746    0.06743412639679705    0.04784039927951676      41.00410878400592
                   9000    -0.1097271725583144  -0.005940894816583892    0.07015903064121991    0.05162139909358943      28.93921937036783
                   9000   -0.08896564029341084     0.2857103168612266    0.06917347340579762    0.04721552498627326      155.3533439986018
                   9000     0.8236969880602814    -0.4905972819026163    0.06734426205603906    0.04768126863502483      12.43660775460567
                   9000     0.5584855150392508    -0.4707410483358647    0.06781509477694546    0.04925037354786913      17.17437900409447
                   9000    0.01191511248059954     0.4821705260861147    0.06256154594414133    0.04477031925926329      76.04809971961376
                   9000     -0.212197368043934      0.205183572400374    0.06826097869337285    0.04536369575981163      146.1527959453349
                   9000    -0.1665941713868519      0.501812273331895    0.07089315670707307    0.05379193389313956      430.0939150110563
                   9000    -0.6410699577082353     0.4832949885263231    0.07556762510846204    0.05354823477807928      8.251515978274226
                   9000    -0.4406329890760874   -0.06400682637791431    0.07556513830575889    0.05136619131103454      258.6831966366298
                   9000     0.2226867271895254     0.3940532137831139    0.09201099021734985    0.05702302401019862      10.12858375897394
                   9000     0.1948066969849047    -0.1236785143535116    0.07025469248734714    0.05152221045293471      40.85816459272625
                   9000    -0.7390152939846127    -0.1209746674943947    0.06849087439801996    0.04683468504911742      1226.252261710488
                   9000    -0.5509698397153509     0.3206840025850614    0.07468685745036949    0.04758456430023163      51.44964590531721
                   9000    -0.1208809807821596    -0.7226104702149838    0.07943541418814458    0.05343744768988529  0.0001731783099145514
                   9000     0.4056657254695892     -0.601250946521759    0.08468043975977121    0.05624146097143388    0.08031405051421089
                   9000     0.6696752418428762    0.04675190457679874    0.07774055334591107    0.04658975006284911      1104.688225749428
                   9000    0.04093611332517707      0.859640400364358    0.08006374887115189    0.05175182554455363    0.08553130598879388
                   9000     0.5897620602338348      0.221036405227803    0.06785290129365426    0.05100579481123872      103.6660882861409
                   9000     0.4003787346775591     0.2876730311704983    0.06178349176250246    0.04900546867714146      37.53106215791433
                   9000    -0.4652974834380217     0.2749002342149664    0.07351897961475597    0.05112601722340031        49.926578006276
                   9000     0.5393392540460903    -0.8315833308083286    0.06767436166611256    0.04916459793063821   0.009008917994164657
                   9000   -0.04065992822273744   -0.05405913461439372    0.06824805579249514    0.05066484615863308      66.50917687403019
                   9000     -0.726211688332125     0.2992470241678615    0.07205581011426382    0.05014173349750627       31.8293118039422
                   9000    -0.6868986223929868    -0.1617106123867854    0.06407593953286017    0.04939665148701564      1495.286605770668
                   9000    -0.4782664760180706      -0.17797498486361    0.06643598816567559    0.05184254072063283       194.030736556141
                   9000    -0.2415620839863677    -0.2526478403286315    0.07044076828652832    0.05482892580589364      15.41390411393686
                   9000    0.08024290207780392    -0.2364918514207066    0.07253855775618942    0.05291862067270656      1.491966218745619
                   9000     0.3094555965550042     0.2122490109025773    0.06310273899606184    0.04569185080673799      111.5939915398081
                   9000     0.4885474666332325     0.1815867178394253    0.06747071282539592    0.04832121346516342      227.3494972432842
                   9000    -0.3338443057733299     0.9014874484140423    0.07526438264583028    0.05115424787227576      2.918239895997432
                   9000    -0.2319715945133663     0.6944669021540485     0.0693366409731076    0.05004490186705459      11.45135179802199
                   9000     0.2886017461884647   -0.05041954190468234    0.06531260805745893    0.05366942182808697       90.8596193687554
                   9000    -0.2120191223626166     0.5765992828510397    0.06755835612848578    0.04856220328857188      212.6375785824282
                   9000     0.2381120554850805   -0.01078083427169804    0.06281744802803484    0.04538069189710976      25.37763709053707
                   9000    -0.8795722723007202     0.0198785774409771    0.07584078496881966     0.0518597248189366      21.10457527415585
                   9000     0.4954960277248938   -0.00675736427746939    0.06779016246724173    0.04710591682281275      446.0015970348878
                   9000    -0.3736567645992555    -0.1273563079098413    0.06859163689444106    0.04490609669279406      140.7176783905778
                   9000   -0.07594676305901794     0.2275075452056582    0.07209367303967516    0.05288479057993144      53.61319809274713
                   9000    -0.2889636641724159   -0.06086168145793557    0.07120118482408386    0.04813047036528469       26.1083075640901
                   9000     0.1165022849887699       0.71729514854706    0.07341107121831483    0.04932534959043409      1.365275551707419
                   9000    -0.2316901465196626    0.09125116303696648    0.06501917276023141    0.04680551353798743      229.5539910928635
                   9000     0.5282185377778721     -0.555217290633286    0.07012444576596326    0.04897179969805644      1.566063563999685
                   9000    -0.1677557528018951    -0.5381823778152466     0.0723361633302307    0.05050346712199633    0.03677885572603897
                   9000     0.2690395292047895    -0.9106372715547415    0.05312921893359725    0.04117013529149594  0.0001063733415631992
                   9000    -0.5047773484022825   -0.01808360790515704    0.06875327941614892    0.04525488824865094       240.879748738581
                   9000    -0.5673216308323935    -0.1889064646007699    0.06443754192541365    0.04946526664287342      631.6766924222993
                   9000    -0.7314697839862992     0.1288403591600208    0.06280770126354511    0.04728029849915962      137.1160830063386
                   9000     0.0952417646639965    -0.4048837940046972    0.06805662155803729    0.04787697600769251     0.7818455873200152
                   9000    -0.5343574195639323    -0.1171875424832755    0.06491264346810562    0.04756870089177855      1013.526546971616
                   9000     0.3566821037677777   0.001499529941175494    0.06818789873440279    0.05136248785062506      33.41931226405539
                   9000     0.1884417311786462    -0.8291630404319654    0.06195954978070124    0.04210721992416301   0.000691476807715648
                   9000     0.6956581473350525    -0.4959311783313751     0.0691661762421809    0.04954692351460417       2.91816063789146
                   9000      0.508740010570504    -0.2358064853549299    0.06275239884228727    0.04331970718423121      227.7913140351309
                   9000    -0.8151509050781329      0.329726598401691    0.06037202448136911    0.04658452863297765       4.64673367500175
                   9000     0.3319425277993944    -0.3852582802037499    0.05901433352238453     0.0450676612943838      10.49170009139017
                   9000     0.7502987995353703   -0.09980048665828917    0.06496059029211514     0.0483968713757091      1520.791300012079
                   9000    0.08645504223739767      0.137219130751169    0.07345133992324787     0.0491034269913876      62.16134302720866
                   9000     -0.102967461794404     0.7099447637440782     0.0650410401468049    0.04814861060649336      9.323587024281167
                   9000     0.6938780546188354     0.2409044802188873    0.06737069616835968    0.04840636314421242      18.76384891950685
                   9000     0.2737599991479809    -0.7749063877257946    0.06038727231066402    0.04242594982750428   0.003155911646267917
                   9000     0.3251107005587782    -0.7179932866574839    0.05828942138268165    0.04614478882810042    0.01527224025376621
                   9000      0.284115031962716     0.6165511204039912    0.06276996917222685    0.04564529344464227      2.173555298531253
                   9000   0.002641082988389867    -0.3742609017976338    0.05948418119066447    0.04740298573085138      1.100981347689148
                   9000     0.3302600024875952      0.400133775985988    0.05648859151842413     0.0490494498480982      13.37304971475694
                   9000    -0.4589284626691654    -0.2718564699165099    0.06674210641222986    0.04535539302494472      95.21173951216204
                   9000    -0.6066266357078097    -0.3141578576707219    0.06234243599323386    0.04526534019482351      644.8294223390583
                   9000     -0.650004185832966     0.6232191921003735     0.0641082094790634    0.04843464720877459      2.544832748699047
                   9000    -0.2618916102421165     0.2727392852583493    0.06774874346808905    0.04688647538661812      238.5631396200562
                   9000   0.008827055271958669     -0.202162233173838    0.05970416814979577    0.04640667843770613      2.018212545456969
                   9000     0.8173689288834712    -0.2911150604822567    0.05856145135658951    0.04847147226758667      2288.361222586958
                   9000    -0.8110085471856008   -0.05414199714769862    0.05753497058382171    0.04481996636146698       298.705778978921
                   9000    -0.3153115766803083    0.05239881748829329    0.06395098146614873      0.050199551597789      59.66645560445597
                   9000   -0.04482312399065929     0.4271104844307858    0.06154073661057543    0.04319783322099101       44.3176889942393
                   9000     0.5528581436269316     0.3432165469504916    0.05780554629945364    0.04378727942672506      10.24072868519384
                   9000     0.4721140251278068     0.2586441843220531     0.0620755438861285    0.04695147584413342      78.67507571818697
                   9000    -0.5571905374526978     0.8557463884353638    0.06440708664589546    0.04708327511785613     0.4960897928135025
                   9000    -0.4356952737672898     0.2153179114662758    0.06291085211335126    0.04468205053121405      135.5686551118126
                   9000      0.644067905516376    -0.1188384477922986    0.06204016820910526    0.04478997809506597      2234.698209680596
                   9000     0.2566102621920638      0.495126241573998    0.06031236521836122    0.04780506345753633      12.42045676036707
                   9000     0.3868037832857421    0.07182635780479153    0.06028090249454045    0.04405917996515823      51.12247429490483
                   9000    -0.1382474303245544     0.8556387424468994    0.06271289822436854    0.04605143390042657     0.4059722290528594
                   9000    -0.6601547734345946    -0.4876228788943563    0.06360974101648151    0.04267179915985831      12.57206324896159
                   9000     0.4950600862503052     0.3220759630203247    0.06233400841386711    0.04567929911175104      2.946330064535564
                   9000     0.4292451143264771    -0.8661409020423889    0.06217559924593226    0.04550996769946996  0.0006593284403266423
                   9000     0.5321758036586764    -0.3281737657543061    0.05970709919070419    0.04511361870548417      121.1212884717902
                   9000   -0.08417300134897232    -0.8586595058441162    0.06161217758536985    0.04536241302991063  8.359197659289495e-06
                   9000    -0.6268263459205627    -0.4333981573581696    0.06148942551977841    0.04542345700511562      17.18001663567659
                   9000    -0.5825060285570302     -0.251366439294275    0.05586978099738169    0.04286263698565326      860.5389610150892
                   9000      0.495776076401794     0.4909046956151202    0.05904715198839462     0.0446570124788067       0.73394423903688
                   9000      0.291035304161837     0.0324816175058073    0.06011694346417956    0.04440621301375759      63.01601830341179
                   9000      0.473358154296875     0.6295557618141174    0.06021396730895427    0.04470147318375407   0.002650847869415426
                   9000     0.4007365306494955     0.5321614876908861    0.05783236856717876    0.04354239883356059     0.4521842740880248
                   9000     0.6124633846693642    -0.1707664613775417    0.05507339183722499    0.04456163745039902      745.7646975982984
                   9000     0.2890922427177429    -0.6163798570632935    0.05986606656269962    0.04477052981166266    0.04132200906260316
                   9000    -0.1261311024427414     0.1752273291349411    0.05905437835682324    0.04427175795129508      14.01116715187089
                   9000    -0.3199110482627369    -0.4148420430167061    0.05590185432676486    0.04215724816802695     0.7351775803569134
                   9000    -0.5323398690560657    -0.3539833813183691    0.05467950963504564    0.04096034730840051      81.50534346674047
                   9000     0.1065209951310133     0.5389538790298859    0.05476763337163249    0.04208628033869689      8.194125567896092
                   9000     0.4273451566696167     0.6717935800552368    0.05876692373970357    0.04417243453034959   0.007686884734390819
                   9000    -0.3812870162824216     0.9827288664142106    0.05873170041876445    0.04475631233913712     0.4157695991438871
                   9000    -0.0397315640838978    -0.1547778993928512    0.05739793508779316    0.04635760869051057      6.793668117068782
                   9000     0.5286326008915911    -0.6166724709855784    0.05910343440422511    0.04183587143083727     0.5374091188923773
                   9000    -0.1589300781488419    -0.4829168915748596    0.05856380926045126    0.04408039930858454    0.08664714108752282
                   9000   -0.00885195254223802     0.1789152023201448    0.05524581957441251    0.04569599369852629       24.0387553539431
                   9000     0.1259397047304415    -0.1469481151894966     0.0555998872428028    0.04185557727303682      10.25957482590557
                   9000     0.5057459525427836    0.08642609396780615    0.05501389775597674    0.04236709842989168      109.9427997465733
                   9000    -0.5076811653066645     0.7909816815047698    0.05654171126597973    0.04374995175201706      4.472970946016851
                   9000     0.3645038923538863    -0.8141252648473939    0.05594788093322916    0.04602489395606583   0.001889451192619979
                   9000    -0.4108739013661357    -0.1906135185720864    0.05745423454011934    0.04164550930605321       69.4418613527808
                   9000    -0.3774970471858978    -0.3611652851104736    0.05823426266614831    0.04386442006226519      2.175481337084771
                   9000     0.8278088569641113     0.1605640202760696    0.05796531008636675    0.04369889041033407      14.70975916849003
                   9000     0.1549101558515368     -0.740229471311193    0.05392964285302547    0.04348788719766319   0.004300249561592999
                   9000    -0.6305373311042786    -0.1051364466547966    0.05782713948234145    0.04368469491841692      202.7419546604512
                   9000     0.6268698091532626    -0.4420320272915558    0.05603133622128795    0.04452367512213829      13.93474972313096
                   9000   -0.02320240810513496     0.7122763991355896    0.05773475717324783    0.04352366884011564      1.222949942617929
                   9000     0.6760662150737275    -0.6403206919789278    0.05498477945649685    0.04168984542824704      0.435754438180318
                   9000     -0.518994927406311     0.4761190712451935    0.05760390449182039    0.04338167431432364      6.981742458053734
                   9000     -0.563094451423964    0.06194005934148981    0.06260039640426265    0.04371185756126654      441.2715145590222
                   9000    -0.4381189346313477     0.1012310683727264    0.05736431653830838    0.04322377744124058      28.73911344890907
                   9000    -0.5821786514123073     0.7920779284500936    0.05421095492083688     0.0446275487483894      1.675479338924054
                   9000     0.1943403908624644     0.7546381524262221     0.0592814199997409    0.04207984263546054     0.3088264195134375
                   9000     0.4163197713255311     0.1837327071454961    0.05417411346057074    0.04506052551823247      122.3145494663491
                   9000    -0.3468405265393453     0.2152580165739421    0.05586731040861502    0.04579499144610413      144.3227145717822
                   9000     0.7176389694213867    -0.7790408730506897    0.05690996498125637    0.04276820790573299   0.002779425547611482
                   9000    -0.3432169690063483    -0.2313968037814798    0.05886293375485854    0.04289930905709365      20.58078943682077
                   9000   -0.04017945751547813     0.9085819125175476    0.05624239561139436    0.04236140390302803     0.0330723537708494
                   9000    0.04882769659161568      0.790938138961792    0.05603096380132304    0.04223487435844877      0.122633261775932
                   9000    -0.4680348757266279     0.3413114260082712    0.05706097532332682    0.04268544878896651       57.8191214412585
                   9000     -0.771165668964386    -0.3827780187129974    0.05577723718934151    0.04212575739013288      123.7966488211794
                   9000     0.4081369936466217    -0.6829850673675537    0.05573711566802991    0.04214460301308475    0.02287380952403596
                   9000    -0.1875787059622293    -0.6922210994651748    0.05358306608804479    0.04152241956675991  0.0004283719613057379
                   9000     0.2388252764940262     -0.718357264995575    0.05563328965899861    0.04222192963842017   0.007204333168032398
                   9000     0.2952031960544191     -0.543095138265966    0.05477492714197797     0.0422294080750286      0.220630472746086
                   9000    -0.3253585932397937     0.6101860502141619    0.05805954319540279     0.0424908632495852      108.6537341138891
                   9000    -0.8121372025096132    0.06915874802556897    0.05493088492963095    0.04432050105942078      162.0743826846975
                   9000     0.7178468704223633    -0.3826976418495178    0.05545188059563299    0.04220323976782494      64.88745738400839
                   9000    0.07809291779994965    -0.0856834203004837    0.05533207729112158    0.04211861191792533      8.058356265019524
                   9000     0.2405434995889664     0.3368076086044312    0.05519273673695467    0.04202964286815244      7.042891115289484
                   9000     0.3484070003032684      0.325457364320755    0.05516004426141987    0.04201630419277293      5.492281078760123
                   9000    -0.1793068580246056     0.2782080682391375    0.05425413553961163    0.04386662600100139      109.5179698337395
                   9000    -0.1221115101302292    -0.4188310651377647    0.05417652101706126    0.04237984715629042      1.279897828613967
                   9000    -0.2865074872970581     0.8357670903205872    0.05506290498250666    0.04188870241302819      3.552175437321248
                   9000   -0.02167679670777008     0.3532904530095117    0.05912006704758375    0.04211051428458717      102.3312935070158
                   9000    -0.4534481167793274     0.5130043625831604    0.05498695446818825    0.04178786386890378      14.68485686200471
                   9000     0.2833820069563507    -0.2095447107941783    0.05462293146925673    0.04370957882682021      13.32233135063817
                   9000     0.4853272140026093    -0.4928686320781708    0.05484537648213746    0.04172023951759214      1.700603658734402
                   9000   -0.08545634150505066    -0.1275541633367538    0.05473610732772957    0.04166096849794027      4.809005751297327
                   9000    -0.4454350471496582    -0.3411144912242889    0.05471295341251533    0.04164275471697631      14.00347277155171
                   9000    -0.4621772468090057     -0.434204638004303    0.05464265925449458    0.04157268002193717      1.798947189230718
                   9000    -0.0423329514280487     0.5512698772849149    0.05457716773146706    0.04173453506444448      24.18053314056809
                   9000     0.3349823746872781     0.4816827056162363    0.05795526927964987    0.04068457337214394      5.646324035513148
                   9000     0.2103104740381241     0.5750646591186523    0.05450921436375651     0.0415279919338931      1.334659743424993
                   9000    -0.1782003889850173     0.4213383863495396    0.05365989607678528    0.04142671113440406      256.3608210156624
                   9000     0.1116202015280003     0.2326332696591215    0.05698042564391109    0.04079632249714469      51.04871470863046
                   9000    -0.5230638980865479    -0.3089541494846344    0.05429385444360395    0.04138860804351011      94.81933338922192
                   9000     0.8871628642082214   -0.09690133482217789    0.05426634121532123    0.04135035819596001      97.82826347277378
                   9000     0.6251134839308284    -0.5314176277573613    0.05449779751804814    0.04181108633642266      3.592124679446908
                   9000    -0.5333067774772644     0.5277431011199951    0.05422840303725412    0.04142456824802907      6.761815449608565
                   9000    0.04076343402266502      0.548547089099884    0.05414309261034885    0.04134507697148024       5.47728315044924
                   9000    -0.9832797646522522     0.2192859947681427    0.05401229446777894    0.04129486873308994    0.02917388258935295
                   9000     0.4357265262085149    -0.4081473731026421    0.05417133878129834    0.04485752444816232      7.382592503069537
                   9000       0.68538498878479     0.3651005625724792    0.05386420708995764    0.04121158829066005     0.4925388344020167
                   9000    -0.6878184080123901      0.709169864654541    0.05386582175682606    0.04118667304906838     0.2590001876728371
                   9000     0.2391286045312881    -0.1658369600772858    0.05372873964223616    0.04109103597369689      7.941014998476429
                   9000     0.2020971650148642     0.2391833185865846    0.05745646679738968    0.04120604668600413       61.4527632948552
                   9000    -0.7865194082260132     0.9170296192169189    0.05354707225118891    0.04110924308905774  0.0004594165465278613
                   9000    -0.5531244277954102     0.5691371560096741    0.05325721435973838    0.04091966357838467      3.999992926341778
                   9000     0.2906985282897949     -1.023956179618835    0.05310703135769067    0.04093145400856429  7.648076280457298e-06
                   9000     0.3860868513584137    -0.5027887225151062    0.05298421072625355    0.04092362438350054     0.4059919776918829
                   9000     0.4312892854213715    -0.2506061196327209    0.05295838477407713    0.04091193532672129       28.3700180043639
                   9000     0.4981494247913361    -0.4353989660739899    0.05291281780669314      0.040886286548193        3.8164550617286
                   9000     0.8281152766203795    -0.2264139825522472    0.05236529846518151    0.04428183881142934      1044.195194491567
                   9000    -0.1072849546001593     0.1247051212490694    0.05712743112523214    0.04064006045929699      46.47678760694367
                   9000    -0.5141589641571045    -0.4511358141899109    0.05285219953394608    0.04073337277634946      2.454631101555709
                   9000    -0.8628803491592407     0.1953241676092148    0.05272550009466386    0.04068898888602922       2.74819196920003
                   9000     0.2657127678394318    -0.8613408207893372    0.05268970892713296    0.04063179794356645    0.00026052502309088
                   9000     0.3346874415874481    -0.1263195872306824    0.05260302456772348    0.04059724267107504      39.17012139047836
                   9000     0.7632915377616882    0.04301157593727112    0.05251585976588698    0.04056005410475746      322.6644003576135
                   9000     0.2757967412471771    -0.3799165189266205    0.05231652569769463     0.0404255515226902      2.654616619889646
                   9000   -0.08074396103620529    -0.6374163031578064    0.05224423975933325    0.04043851436844459   0.001608298007716963
                   9000   -0.04825986549258232    -0.9445644617080688    0.05221156324612929    0.04045581058947764   7.81042172587568e-06
                   9000     0.4669832289218903    -0.6860567927360535    0.05208789800748239    0.04042032844831879    0.08498558185177577
                   9000    -0.8250482082366943    -0.1143186166882515    0.05203018014430318     0.0403577193737677      152.4612242260605
                   9000    0.01628223620355129    -0.6095268130302429    0.05203607993169734    0.04034675209975003   0.008856229268289195
                   9000    -0.2690693438053131    -0.7144138813018799      0.052010766548594    0.04036577124893613  7.213849207855154e-05
                   9000     0.2986907958984375      0.569842517375946    0.05178506544239833    0.04028888481783868      1.024995891056507
                   9000    -0.1034780770801693    0.04740518014379246    0.05307376665858941    0.04035178006580027      24.97962368182574
                   9000    0.09212909638881683    -0.5278006792068481      0.051757417606594    0.04028144842181601     0.1024893056478437
                   9000    -0.4341781437397003     0.7809732556343079    0.05169654706705252    0.04033473288647935      5.167854895805058
                   9000     0.6414289474487305   -0.01733046025037766    0.05166276088825136    0.04031497050690862      417.6212536924183
                   9000    -0.2278536558151245    -0.1938425302505493    0.05160271801878746    0.04024241541226942      5.769185265470472
                   9000    -0.1177268624305725     0.5714299082756042    0.05160434036120874    0.04023104946483728      34.27777227161639
                   9000     0.9890989065170288    -0.6215060353279114    0.05157764518961697    0.04021539841983119   0.003948220597397766
                   9000     0.4988270998001099    -0.2840059995651245    0.05154661961749871    0.04017659680480148       45.9658461818576
                   9000    0.05594636499881744    -0.6532250046730042    0.05143429874980432      0.040204982899607   0.005056309972110522
                   9000     0.1137446595584048    -0.5979566485766223    0.05466591478101609    0.04200918700802432     0.0928629254627979
                   9000    -0.8673607707023621     0.1273066997528076    0.05138856605517155    0.04016584760104363      9.136436848157603
                   9000    -0.5604482889175415     0.2354775369167328    0.05129436621519277    0.04009811877380377      18.53882184144367
                   9000    -0.5486308932304382     0.6969974040985107    0.05128315204893309    0.04009416380741417      3.046441933172227
                   9000    -0.8315613269805908    -0.1593606919050217    0.05124347544659009    0.04005686854837227      265.2539231469656
                   9000     0.6291893720626831     0.3199992775917053    0.05123843435235773    0.04003420579380413      3.959837692333848
                   9000    -0.7923328876495361     0.4261298775672913    0.05123988269991372    0.04003262370353838     0.7839848690590573
                   9000     0.5624012351036072     0.3968126773834229    0.05121111779918151    0.04002524455226893      1.450481749071597
                   9000    -0.3911906778812408     0.5897867679595947    0.05118043260226253    0.04002041616928817      21.05377259500084
                   9000     0.7603248357772827    -0.2679629623889923    0.05116100143864499    0.03999546909807914      683.4894303378458
                   9000    -0.1741684675216675     -0.303419440984726    0.05112802047990165    0.03994766713003414      1.718506142462292
                   9000     0.2880071401596069    -0.2566626667976379     0.0510549306072534    0.03989501392601541      5.628117228958075
                   9000    -0.4996649026870728    0.05029413849115372    0.05086312871013025    0.03979329145709424      69.31081969375641
                   9000     0.1859724670648575     0.5338190197944641    0.05081362618128105     0.0397730472243879      3.215691927528718
                   9000    -0.6564165949821472    -0.2746659219264984    0.05078631360850096    0.03975099796708027      615.7836978536586
                   9000    -0.1471120417118073       0.65070641040802    0.05059435818710507    0.03960554700822105      10.00256011770401
                   9000    -0.7689990401268005     0.2394702732563019    0.05058103647974983    0.03960226998135524      7.019822786990654
