#! FIELDS time deep26.node-0 deep26.node-1 sigma_deep26.node-0 sigma_deep26.node-1 height logweight
#! SET action OPES_METAD_kernels
#! SET biasfactor       12.02723625380408
#! SET epsilon   2.008904905162975e-06
#! SET kernel_cutoff       5.122093479753262
#! SET compression_threshold                       1
                  13510      10.72005176544189     -1.347637891769409      2.320242762822347       2.75289732184196  5.979173072774214e-06     -12.02723625380408
                  13511     -10.70306205749512     -2.993980407714844      2.439501981477667       2.65647907695826   5.89327883484495e-06     -12.02723625380408
                  13512     0.3303357362747192      8.862104415893555      2.712518998437097       2.69397921712276  5.226338503278421e-06     -12.02723625380408
                  13513      1.799049496650696     -10.15085220336914      2.910319703351301      2.663887539480865  8.823688389361583e-06     -11.44435483499221
                  13514     -18.14315414428711      2.238587856292725      3.209888136432383      2.593249630308704   0.001670700809928678     -6.129697953162188
                  13515    0.07934972643852234     -7.377030849456787      3.251591811589563      2.521772074849068    0.01411097308662769     -4.011029747945571
                  13516     -14.10878849029541     -4.102350234985352      3.334021118512099      2.455465390607463    0.01228978582220145     -4.150825072289531
                  13517     -9.510255813598633     -10.13496017456055      3.219123588931931      2.375437006077307    0.05930313212253883      -2.64513630792747
                  13518       3.82314920425415      3.937963724136353       3.23409766660257      2.325097566954246  0.0001106901966544328     -8.945597036954478
                  13519      13.34637641906738    -0.9106593132019043      3.190274452665037      2.415162669167608  0.0004820918992444975       -7.4498359287584
                  13520     -3.179427623748779      17.20920944213867      3.124610225043562      2.546196812018475  8.601376627626758e-06     -11.44401166760972
                  13521       7.69525671005249      1.903049945831299      3.074095428814712      2.526702130518265    0.01151975670004863     -4.268099828608579
                  13522     -3.809982538223267      9.228805541992188      3.019857317146737       2.55711021050313  0.0003774521376682834     -7.692313123874368
                  13523      7.565591335296631    -0.6017751693725586      2.706979021499921      2.291187234791203     0.7907653416572745    -0.2641843484314897
                  13524      -5.37565803527832     -1.998167514801025      2.672689859068111      2.249231000803756    0.01050151453845862     -4.616895727033091
                  13525      -16.5698184967041     -1.914180755615234      2.615527486223177      2.223769315903037    0.09032472004052784     -2.498008382616318
                  13526     -11.03344917297363     -6.272706031799316      2.561498512430409      2.131426564232854     0.2680507112141051     -1.473528867849299
                  13527       9.25733757019043     -6.180539608001709      2.475796259229233      2.050290680882497     0.3775731620882694     -1.203780998471394
                  13528     -1.102675914764404       5.62752628326416      2.454511947407699      2.102938915316031   0.003739361628203498     -5.801910297952621
                  13529     -3.008139133453369      13.47217845916748      2.419694960070582      2.140262959247615   0.001576370114581029     -6.662394008624281
                  13530     -2.141101598739624      1.115866899490356       2.39121166690799      2.113543897681021    0.04307464617040175       -3.3789881089358
                  13531     -22.16238212585449     -0.303687572479248      2.395980040388543      2.074045168078825    0.09693838583512093     -2.584720182321517
                  13532     0.1173620820045471      -9.28909969329834      2.337892263220454      2.041952254046399     0.1442276627099988     -2.227539838145206
                  13533      9.137778282165527     -7.750316619873047      2.349905349078738      2.053741491796027      2.513849649595582     0.6415198809924864
                  13534     -11.67669677734375     -5.413556098937988       2.24925313611458      1.958092185254505      1.406543090176249    -0.0306298892095303
                  13535     -1.931424498558044     -8.543489456176758      2.204844851109521       1.90895806758442     0.4823193449048022      -1.14626784013401
                  13536     -14.27397537231445     -5.157763957977295      2.152347963619776      1.859010068673586      3.203651021288666     0.6965608307511182
                  13537      -4.56358528137207     -7.727535724639893      2.121489933664078      1.816633768915058     0.6828979463264705    -0.8866397186665702
                  13538      2.426863193511963      1.646297216415405      2.114303368398586      1.789918111328759      0.251145083686824     -1.905162951728671
                  13539     -8.207565307617188      5.423502445220947      2.109139862948994      1.778359518198179   0.001572403346620754      -6.98751221930652
                  13540     -2.893171548843384     -1.905013203620911      2.093253665788136      1.758146413950249    0.09332884643935681     -2.922980046064068
                  13541      -11.1617956161499       4.17356014251709      2.089602298532645      1.745319127275385   0.003798292388409406     -6.133626224826086
                  13542     -17.17264747619629      6.803805828094482      2.085983737815292      1.731622110152399   0.002115764238456632     -6.728373743971701
                  13543     -14.83240604400635     -3.689678192138672       2.12525745827818      1.751335602289121      6.547257371282417      1.338984169957225
                  13544       2.30000638961792     -9.051931381225586      2.102756814115553       1.72901241606278     0.4208762795722244     -1.428950441156771
                  13545     -11.67812538146973      -6.94692850112915      2.033797817191584      1.679319818709412      4.255305373425031     0.8221265402258066
                  13546     -11.83547210693359      4.996283531188965       2.02528195334571      1.667021243335602   0.009584366638015252     -5.285208428983416
                  13547     -13.05826663970947     -5.912543296813965      2.059906237759832      1.696530909079835      11.63126741302911      1.850609208923108
                  13548      2.752057313919067      10.45808982849121      2.063358838303594      1.690521242890447  0.0003045795329351643     -8.701539964970673
                  13549     0.2279147952795029      11.83005714416504      2.067513449494346      1.701365681320132   0.001289996399548555     -7.249671648147552
                  13550     -4.087542533874512      18.16638946533203      2.062844259402747      1.714201998417092  0.0002961000051263651     -8.716113621399789
                  13551       1.78531539440155      10.82845687866211      2.058404419263591      1.734536480477051   0.002305465899016108     -6.654134869255635
                  13552      5.119760990142822      6.995471954345703      2.043819896531272       1.75135572507182    0.00620795525059236     -5.661046681292539
                  13553      11.20768165588379       1.14763331413269      2.063434857349287       1.73779150169486     0.2760351972304151      -1.86457355943878
                  13554     -10.47604846954346      15.92011070251465       2.05241226333643      1.761670125278567  3.287625403118534e-05     -10.89181553374482
                  13555      0.348596453666687      14.35484981536865      2.040763644650793      1.761422967697162   0.002209087411007557     -6.690063444834323
                  13556     -4.324469566345215      18.56830787658691      2.026899505758601      1.777432313518639  0.0007761409656173743     -7.733833026847549
                  13557      13.98204708099365     -1.017391443252563       2.02700426691534      1.776873334725934     0.1301556419663072     -2.611943780109383
                  13558      13.21970367431641     -1.371413707733154      2.038456161234632      1.769649408645701     0.3189803284953165     -1.713985373947919
                  13559      -17.7476806640625     -2.205586910247803      2.020532038058822      1.738394597436639      2.213932665565303     0.1967596047996194
                  13560     -16.64362525939941     -2.986292839050293      1.988470189920313      1.689305157636062       7.06349007524554      1.312288443580939
                  13561     -3.104825735092163      7.841466903686523      1.987108838426426      1.683663124354161    0.00337496686778294     -6.338050903536515
                  13562      9.274265289306641      4.457206249237061       1.97251293508151      1.688815215208098     0.1010369028518274     -2.943267615774956
                  13563     -8.531583786010742      15.45429992675781      1.961434248478694      1.690482756702873  0.0002543924332476532     -8.932276082489469
                  13564  0.0005404949188232422      9.774582862854004      1.956615505149532      1.684770833413412   0.005432175280593331     -5.876903592990419
                  13565     -3.086674451828003      17.47529602050781      1.943128761687912       1.68491188121744   0.002006749298937867     -6.879560146243748
                  13566      13.07394790649414     0.7852764129638672      1.938501659063863      1.672506368744919     0.5113010793181816     -1.348891731146598
                  13567      2.811688899993896      4.849410533905029      1.926109205714284      1.666224416992896    0.07972541329886781     -3.217438350825989
                  13568    -0.1345743536949158      8.511590003967285      1.912926584484601      1.659465469911468    0.01472689365804953     -4.917283819241901
                  13569      2.979408740997314      9.711091995239258      1.902108909068994      1.658382304360742     0.0139782902258591       -4.9757777366374
                  13570     -7.136043071746826      19.40313148498535      1.902455134915553      1.661341885061484  0.0008642496590769751     -7.757211725107677
                  13571     -6.673434257507324       14.9454870223999      1.894981275693249      1.653745706495213   0.001567188376292058     -7.170554030507194
                  13572     0.6090779304504395      10.18377685546875      1.888802891001886      1.650635464683057    0.03601047020385539     -4.041175682632759
                  13573     -4.215509414672852      6.009332656860352      1.876894368716752      1.644704048746522    0.01044420799214049     -5.288862495622653
                  13574   0.009610116481781006     -4.723859786987305      1.879853145108573      1.642913148686472     0.1548060024242316     -2.592251627591017
                  13575     -1.070698380470276      13.88961029052734      1.875612873784762      1.652282925829727    0.01113580656034571     -5.220829871211441
                  13576    -0.8401972651481628     -8.107219696044922      1.858218871777188      1.656937802721098     0.9715014638249906    -0.7586565887035066
                  13577     -10.95713424682617      13.07604694366455      1.856495503135323      1.661485904448807  0.0002894908137567668     -8.875317815400876
                  13578     -9.280019760131836      2.051717281341553      1.853746994528024      1.654978528121149   0.009445752327558161     -5.395526819786265
                  13579      10.21754455566406     -2.008084774017334      1.849773088437082      1.641515958384382     0.8563497286379189    -0.8987269884624227
                  13580      4.948673725128174      8.729611396789551      1.843938378161193       1.63930383917268    0.02828412126306614     -4.313613067499912
                  13581      12.62084197998047     -7.183008193969727      1.834278131894513      1.622455505716022      1.147914499538636    -0.6257951412894199
                  13582     -3.978897333145142     -12.57131671905518       1.82609356126378      1.653779635886888    0.09932136587345773     -3.058485910342375
                  13583     -2.441308259963989     -3.991382360458374      1.814221122612234      1.666781935819077      0.316066045311846     -1.899586778238117
                  13584      5.332481861114502      4.607495784759521      1.807641129380788      1.658493328690733     0.1752297390913339     -2.498058782517711
                  13585      12.76429080963135   -0.02740144729614258      1.794632041595891      1.639441180769416      1.562725216249158    -0.3287470389376373
                  13586     -8.452271461486816      14.60088729858398      1.793570958393305       1.63607163099479   0.002876633170993905      -6.62896182377235
                  13587       3.40264630317688      7.956249237060547      1.787246903259545      1.635536966220189     0.1021043192740491     -3.063446407328132
                  13588       8.49388599395752      3.368955135345459      1.778215703266105      1.634635416319536     0.4372434269976617     -1.614568677700237
                  13589      10.48581314086914     -2.395126104354858      1.762738801772038      1.613285435048807      2.127677272782989   -0.05416133814233409
                  13590     -7.933279037475586      18.72308731079102      1.759993170932924      1.618538997211642   0.002577227338365006     -6.768541035418366
                  13591     -10.12918090820312      8.712902069091797      1.776165749964225      1.628796956869432   0.002029908417426211     -6.991799674658679
                  13592     -12.35477638244629      16.32100677490234      1.790579529150021      1.638456915798889  0.0007814298740504965     -7.932424644055383
                  13593     -17.74100875854492      19.65199661254883      1.796161949995464       1.64233097467151  1.614053759555521e-05     -11.80674161034439
                  13594     -15.02212524414062      21.29582786560059      1.795413625137345      1.646109413082557  3.086177635111279e-05     -11.15667587179337
                  13595     0.1984649151563644      0.726576566696167      1.793061569066361       1.64950354226207     0.2607053497425872     -2.114299265886098
                  13596     -22.02129554748535      3.902203559875488       1.79566953480097      1.645994804969647    0.02306795687636423     -4.539921594354429
                  13597     -15.82320690155029      6.256460666656494      1.793659290113981      1.641665221590092   0.006507482463080159     -5.809167401083276
                  13598     0.5798823237419128     -16.98569679260254      1.791204190663876      1.666334876270879  0.0003897298389877372     -8.610875843919287
                  13599      4.006148338317871     -15.27299976348877      1.784744837502071      1.691869167928394   0.002026861122266477     -6.950491256765318
                  13600     -7.668150901794434     -9.371902465820312      1.772773857676309      1.704391641560196      0.651226980193278     -1.177477044028536
                  13601     -3.967012882232666      17.21502113342285      1.769718592920262      1.702617763719048   0.008508336094705528     -5.518055124539639
                  13602     -16.08830070495605      4.126025676727295       1.76804922017432      1.706477361917367    0.01850372999433384     -4.739808639220258
                  13603     -4.085694313049316       17.7012882232666      1.770588081414355      1.702902569273317    0.02227300277897535     -4.555067762129028
                  13604     -2.781858921051025     -6.087461471557617      1.754327664233045      1.693653686785586       1.33601975142811    -0.4756650347264709
                  13605     -16.49506378173828      4.636915683746338      1.747045227300137      1.697223198402365    0.04407193200940659     -3.889346459363385
                  13606      -21.4488468170166     -3.795844078063965      1.735952346650703      1.682196218864143      1.001617929936261    -0.7810607190034677
                  13607     -14.92823600769043     -3.431643009185791      1.762507326594448      1.708352841230977      16.96776733048392      2.079248853004378
                  13608      3.805481672286987     -4.452788352966309      1.763603915501749      1.703040419557084     0.2163785293684838       -2.2852851439561
                  13609      -4.87785530090332      9.778535842895508      1.763246930284376      1.710864736954812   0.006503371497628556     -5.785612371716568
                  13610     -17.60647773742676      4.549090385437012       1.75863080221424      1.714557896511318    0.07381522642358805     -3.356833154546977
                  13611      -7.09120512008667      3.750619411468506      1.755135934018285      1.707362880535766   0.009777183015224485     -5.384541277553584
                  13612      9.932217597961426      2.246811628341675      1.750209528759505      1.694661750387249       1.12195685016234    -0.6520406965798661
                  13613      2.909313440322876      -9.62839412689209      1.748958890615341      1.693145876838173     0.6874259531891899     -1.143525924389792
                  13614     -4.208067417144775      14.82602787017822      1.747334807894886      1.693870093065833    0.02120207482819885     -4.622882386013229
                  13615     -11.27403926849365      4.837814331054688      1.743244772438802      1.689744919815397    0.02464353715976563     -4.477248546252538
                  13616     -5.313543796539307      3.476128816604614      1.736872494703099      1.690934976669039    0.02197762723936334     -4.594696311131109
                  13617      1.319426298141479      10.33512115478516      1.733738753223522      1.691086657210062     0.1103221090534287      -2.98303312777298
                  13618      5.334484100341797     -7.282401561737061      1.725179767144389      1.685050412475688      1.080254525587009    -0.7100102952470024
                  13619      2.970307588577271      3.808431148529053      1.723384157750644      1.680936180150204     0.3593066470404522     -1.814272025507225
                  13620      11.32762145996094     -1.193049192428589        1.7037889154808      1.662101276467598      3.972104380032043     0.5658994806326147
                  13621      6.053392887115479    -0.4805642366409302      1.696476710855012      1.658733960809758     0.9367541593713949    -0.8850599066293982
                  13622     -11.82579326629639      1.891854047775269      1.695749369662412      1.652586713747588     0.1189332287821641      -2.95306025133128
                  13623     -1.395427584648132      16.00594711303711      1.694774360658368      1.651026706230596    0.02839661590821557     -4.386872067150345
                  13624      5.530159473419189     -1.967376828193665      1.687700279885556      1.644077459698647      1.381955290365871    -0.5102881134371154
                  13625     0.6139041185379028      12.20629692077637       1.68531724071749      1.644382643023809     0.1228720175505466      -2.93162685283176
                  13626      12.72182178497314     -5.866411685943604      1.678084948325457      1.634517065599453      1.759443694713771      -0.28033542404443
                  13627     -9.390429496765137      16.14498138427734      1.674798763897108      1.634045565805754   0.006379836468053624     -5.902194634806402
                  13628      9.186086654663086      1.858049154281616      1.661759157232928      1.619684208001445       2.57309797114026    0.08088486053625733
                  13629     -6.349096298217773     -5.017221450805664      1.659475749479206      1.612380696888391     0.6787314870405827     -1.257649883824891
                  13630     0.1679674088954926      13.11605167388916      1.654169974452253      1.613247447344131     0.1933638195199177     -2.515966956918477
                  13631     -6.990379810333252      1.497186899185181      1.649275076328326      1.610296751357655     0.0337250388017265     -4.267094123126867
                  13632      2.747610569000244      8.221020698547363      1.649640888583482      1.604477617390131      0.270381736901025      -2.18889834571298
                  13633     -7.706884384155273     0.4249541759490967      1.656620710678471      1.598842514687883    0.06627021779620428     -3.594288656329555
                  13634     -14.10551261901855     -6.274144649505615      1.664085681883295      1.603056232883926      19.08006681874675      2.075498233336989
                  13635     -5.851903915405273      3.020570278167725      1.659449925106646      1.602186073295481    0.07004015507086606       -3.5351651080635
                  13636     -4.777894020080566     -4.908215999603271      1.660136734153631      1.594142339206132      1.220397981551818    -0.6819208579553182
                  13637     -10.28951644897461      2.102841377258301      1.662850671198955      1.590550731213435     0.1341252990887826     -2.890700838754272
                  13638     -0.211931586265564     -8.298940658569336      1.653995054735331      1.581648307156418      1.715030196529895    -0.3532418899758454
                  13639      -1.34318995475769      15.64804744720459      1.648172712151335      1.583430187821396    0.09830883421243292     -3.214714380219872
                  13640     -6.795255661010742      -3.14120888710022      1.643210619097655      1.577510938008001     0.7654379939142524     -1.169140516226504
                  13641     -10.70172309875488     0.8580532073974609      1.639839966099023      1.572994811975917     0.3396457732070465     -1.986605786737592
                  13642     -7.985543727874756     -8.378219604492188      1.634046608491927      1.566579934401842      1.209003605140545    -0.7245827888447572
                  13643      -2.73406720161438      17.77860641479492      1.632527925809496        1.5668358302509    0.07724085546091999     -3.475972587050352
                  13644     -21.12687873840332      2.042491912841797      1.632103687712789      1.566364495873754    0.09642806250089474     -3.254664619902521
                  13645      14.48355293273926     -8.303861618041992      1.629035895878831      1.561956507818591      1.020391556494209    -0.9002197155070371
                  13646     -1.317175269126892      5.665329456329346      1.626432244626684      1.565083402234368    0.05043837190823482      -3.90700884264798
                  13647      -7.31828498840332      15.56693840026855      1.621872761782706      1.568425459960701    0.01840372097938061      -4.91588239602383
                  13648     -13.46226692199707     -2.585441589355469      1.609732522231833      1.560205518854244      16.32069738928966      1.858985946096331
                  13649      11.26338958740234    -0.6864988803863525      1.595341330321575      1.546841148956911      5.923242951764201     0.8278529713055828
                  13650     -3.693604230880737       3.78453254699707      1.591549847621625      1.546461983319565    0.07690523155171508     -3.518837075442332
                  13651      9.012121200561523     -3.076738595962524      1.584849884432957      1.534609644467632      3.432103988565009     0.2676054989047671
                  13652      10.95088005065918     0.3255858421325684       1.57214194406703      1.517134396022807      8.084753674024348      1.104908580314835
                  13653      13.81336116790771      -6.19245719909668      1.569556868803221      1.508298938590317      2.239893082666676    -0.1861297708823972
                  13654     -2.262021541595459     -10.31645393371582      1.570935342275083      1.502120471083835      1.087328399940219    -0.9120610831004115
                  13655     -2.857966899871826     -6.623984813690186       1.56544030942635      1.495685836723226      2.393718947890642    -0.1307335307795734
                  13656     0.5969381332397461     -13.82879257202148      1.560958798582293       1.49540843411526    0.05424408313294388     -3.920895462724616
                  13657     -5.464062213897705    -0.4471676349639893      1.557882577827917      1.492707275321749     0.2445342701645844     -2.418814523764541
                  13658    -0.3154835104942322      14.25857734680176      1.557450968946231       1.48915159866627      0.266039467438704     -2.337187275971877
                  13659     -3.325985193252563     -4.568479061126709      1.547788279871162      1.487099445393213      2.495744809095103    -0.1060919772812771
                  13660      -1.47938072681427     -4.741133689880371      1.543177941757024       1.47983089056804      2.682738243847427   -0.04172400760747609
                  13661       10.4867467880249     0.6820437908172607      1.530327204920562      1.467593570133221      12.25488883365577        1.4606968299925
                  13662      9.144045829772949      1.215192794799805      1.518554792565472      1.453395662093949      11.47522309255649      1.377518220023994
                  13663      4.872735500335693      5.214333057403564      1.515503127406692      1.450092927729921     0.3594787392548894     -2.090058839825375
                  13664      11.61480140686035    -0.7431735992431641      1.504659270680062      1.440211263444453      17.85668683449485      1.801400618466988
                  13665     -4.428904056549072      -7.42537784576416      1.500942829967152      1.433111660794932       2.51133714856206    -0.1675768495081349
                  13666     -7.316397190093994     -8.020420074462891      1.498800070966088      1.430771811979341      1.738055511245592    -0.5386878914138058
                  13667      3.818940401077271       2.64158296585083      1.494598220260749      1.428477108013963      0.617334878968768     -1.578211029703201
                  13668     -2.075642347335815      8.513714790344238      1.490559073201831      1.432384401519997    0.04933329470304317      -4.10499806119395
                  13669     -1.783608555793762      10.67550086975098      1.486782251403782      1.434406119608834     0.1328154713793104     -3.115763135920903
                  13670      3.347525596618652      10.16759586334229      1.483615389167879      1.431603078493644     0.2234026964676005     -2.599836252646145
                  13671      7.051388740539551      4.307733535766602      1.480140908197502      1.426936806855629      1.159514919599176    -0.9586646301008874
                  13672      4.018716335296631       9.00386905670166      1.477013384656615      1.422977000948889     0.3846705035706518     -2.066928643926887
                  13673      3.067111968994141      8.075263023376465      1.473028266054573      1.420296233755152      0.636692192420094     -1.567616882775045
                  13674      8.489299774169922      4.938286781311035      1.467218182274408      1.415022565919516      1.571896515753254    -0.6715371643643778
                  13675      13.13793754577637      0.412379264831543       1.45695773932348      1.402208810930135      13.82567520679581      1.486592902621367
                  13676     -12.44182682037354     -5.611678123474121       1.45228885922567      1.398686907862278      19.98307001617749      1.849226404810839
                  13677      8.403019905090332     -0.222728967666626       1.44707910257114      1.387179826004143      11.04446745704602      1.244415796605506
                  13678     -4.407449245452881      17.79997253417969      1.444468800156182      1.391276194179338    0.06906804098207392     -3.829033786299356
                  13679     -3.802976369857788      14.34073448181152      1.440772923764135      1.391433799954307    0.07274260335074413     -3.779647321880602
                  13680       5.56096363067627      4.060799598693848      1.436222543001408      1.388115060230567      1.227543370854802    -0.9593556194309212
                  13681      1.809484124183655      2.957723617553711      1.432625878223886      1.385130500592061     0.6387662606843577     -1.617247002529218
                  13682     -5.941837310791016      9.303073883056641      1.429467459036034      1.382602353956423   0.009052379210845446      -5.87779192395474
                  13683      12.12987899780273     -8.809964179992676      1.428256275110049      1.379844327174147      1.443168880317709     -0.809067414377761
                  13684   -0.01177650690078735     -7.336272716522217      1.422727079638216      1.377906342374242      2.134330881534464    -0.4230398145567245
                  13685      4.766438007354736     -10.54574203491211      1.421250335177976      1.381624038527358     0.4911094355007162     -1.890625364551666
                  13686     -20.25959205627441   -0.04500484466552734      1.424643146615453      1.379152354609308     0.5454304011075817     -1.785123355683328
                  13687    -0.6939082145690918      15.48130416870117       1.42773353701903      1.376949347440344     0.2574272146098564     -2.535393298502244
                  13688      7.128539562225342      7.074073791503906      1.425219330683747      1.375833135097172      0.553360361573293     -1.772694379157742
                  13689      -8.31728458404541      20.06364250183105      1.427363371426439      1.381294738710155   0.004359543637150015     -6.610871395607697
                  13690      7.976891994476318      2.492013931274414      1.421663951755217      1.380259901429713      6.687846375027363     0.7200579836013141
                  13691    -0.4708366394042969     -8.152806282043457      1.419293416393918      1.376516042999655      3.252991585573491  -0.005043805128686422
                  13692     -4.748115062713623      -5.19646692276001      1.413007200053548      1.379713537700461      3.025164343565439   -0.07977220611575507
                  13693      13.29399585723877     -7.210144996643066      1.409533462997298      1.377512019017535      2.878685915708998    -0.1334620497567892
                  13694      11.24601459503174     -5.130629539489746      1.409004445564586      1.373887748416815      2.465401850935162    -0.2914510216241931
                  13695      2.498133182525635      3.555748224258423      1.407171868033681      1.370646641826287      1.084786548079993     -1.116085929720796
                  13696     -2.155580043792725     0.7552197575569153      1.404103404947906      1.369354493744853     0.1663905249511529     -2.994013004209354
                  13697     -1.365450382232666    -0.7376494407653809      1.401240727196292      1.367149202292172     0.3041235311266487     -2.394569252378504
                  13698      9.294145584106445      4.430798530578613      1.399797592984444      1.361575640755262      3.242370602940817   -0.03305875200304363
                  13699     -1.394201874732971     -2.602144241333008      1.402876004296438      1.358117181702926      1.119585439049973     -1.096751513439983
                  13700      8.715205192565918     -6.483359813690186      1.400234020224486      1.356304117033599      1.707574311109541     -0.677857068730168
                  13701     -3.009716987609863      13.70779609680176       1.39825844748502      1.356353576608962     0.1635590127637529     -3.024887738107082
                  13702     -10.96582889556885      16.42435646057129      1.395777138272001      1.359252747373869   0.005889828512606558     -6.348475670028834
                  13703     -19.58279418945312      2.079360961914062      1.395265023945807      1.358411315253797     0.2206006904872615     -2.726334517281262
                  13704      5.138125896453857      6.054826736450195      1.396399772960489      1.354533057227708      1.009208401531432      -1.20781333600698
                  13705     -8.852487564086914      18.66228675842285      1.395061671852654      1.352730714769234    0.00980447891481756     -5.844185761043187
                  13706      5.195591926574707      5.903545379638672      1.390887177880652      1.352400180057115      1.567548686588806     -0.772997941018651
                  13707       12.7554874420166     -4.204707622528076      1.385575433122563      1.347753643655285      3.213860245335033   -0.06230616942402918
                  13708     -17.71040725708008      1.867019653320312      1.390085988967284      1.348370144335826     0.3528305565489045     -2.267838896774849
                  13709     -12.09706878662109     -4.134900093078613      1.390241634117608      1.340116330332008      18.44349422729702      1.682611965213163
                  13710      6.948588848114014     -3.011138916015625      1.392006392133738      1.336709049993668      2.333501764910483    -0.3860068630197777
                  13711      7.520664215087891     -1.150133609771729      1.387603587421801       1.32843890082351      7.680655454198541     0.7959538845420797
                  13712      4.183669090270996      7.979375839233398      1.384203892783281      1.327791344417176     0.9632887983446606     -1.283093651530275
                  13713     -6.215732574462891     -3.103192806243896      1.382447853454404      1.329050959732415      1.207077766412799     -1.057810492445131
                  13714     -1.633643865585327     -11.97936725616455      1.379974736522099          1.32921979453     0.4400710170907207     -2.068495541118644
                  13715      3.186866760253906      6.361786842346191      1.379458362982859      1.326322832310339      1.185120982350423     -1.080387598956813
                  13716     -18.67179870605469      15.08456325531006      1.380809470520657      1.329187872091516  2.117405346877301e-05     -12.00982970564113
                  13717      1.692713022232056      1.818774223327637      1.380021090800811      1.331484309943299     0.9448774358841627     -1.302640652765904
                  13718     -18.38050270080566     -1.810015201568604      1.379583905894245      1.325322595088702      4.062157506395597      0.150818351928115
                  13719      1.136873960494995      7.238817691802979      1.381097416563908      1.322216704171833     0.5233313564752364     -1.899686104845413
                  13720     -10.41917705535889     -6.351972579956055      1.374053873296998      1.315053387515716      10.14595439454447      1.054383989930843
                  13721     -2.524992704391479      14.24416828155518      1.373573488935595      1.314388969428256     0.2884617957059354     -2.506738720188047
                  13722     -9.781448364257812      3.658788681030273      1.370814395577071      1.314623679946266     0.1340338269630211     -3.275041328674445
                  13723      2.143802642822266     -4.844486236572266      1.371811771069515      1.314155771844853     0.4536281630612872     -2.055484373048752
                  13724     -3.059769153594971      10.81676578521729      1.373226550295584      1.311944965529519     0.1104203746503918      -3.46912046959353
                  13725      5.379830837249756     -12.68671226501465      1.372200705715355      1.313187509978541     0.1279381161420165      -3.32166911866354
                  13726      5.583799362182617       5.53324031829834      1.371124370045385      1.310025709799265      2.445240505178901     -0.374512361744918
                  13727      4.191772937774658     0.7568414211273193      1.369178141512123      1.308050638097869      1.120976304231561     -1.157385084732514
                  13728     -1.207400560379028      13.15933704376221      1.366393334099039      1.306342275720434      0.428829979594298     -2.121622735122702
                  13729     -1.095764398574829      4.913134098052979      1.363701882666198      1.308082044407706     0.1524632313670045     -3.156400587294666
                  13730      3.446990966796875     -9.397713661193848      1.361951036567655      1.306676100635181     0.9466233123091189     -1.332782912081285
                  13731     -6.791577339172363      4.839926242828369      1.359579095217228      1.305570805605944    0.05466780582002628     -4.186998514848562
                  13732      13.03946971893311     -5.658105850219727      1.355213978438884      1.302405747294807      4.391959093452662     0.1936141588360676
                  13733      9.926589965820312     -5.961634635925293      1.352083527818532      1.300242920471143       3.08152817430705    -0.1647102201045497
                  13734     -18.11317825317383     -3.115023612976074      1.349436192974198      1.294536798023501      7.239780732532205      0.683097016915352
                  13735      -13.1170015335083     -6.459001064300537      1.352295750598023      1.291016360377589      23.50257522394568      1.860009767620772
                  13736      -9.48565673828125      -10.3820743560791      1.352504494538745      1.291291299220984     0.6098649239194309     -1.791250722905552
                  13737     -7.695891380310059     -2.964200735092163      1.349449758553787      1.291749026874039      1.027014101806522     -1.271984000214045
                  13738      5.167006015777588      1.596017479896545      1.347965662964845       1.28812631233534      2.067092454415775    -0.5764054805501472
                  13739     -15.04343032836914      5.254755973815918       1.35075894451736      1.285918184300737    0.05246287670501572     -4.249843570866871
                  13740      -8.92153263092041    0.07360625267028809      1.352916112449168      1.283529114922294     0.3077701790920425     -2.480859915201397
                  13741      -3.39293360710144      2.626119136810303      1.352096689027877      1.281481968597894     0.1372781622102332     -3.290406063787025
                  13742      3.736013889312744    -0.7294414639472961      1.350458122375969      1.278865157994137      1.232752039825873     -1.098667645122663
                  13743     -12.32175064086914      9.767171859741211      1.350716782877822      1.287484409702683   0.001224366641415524     -8.006339669854032
                  13744     -6.770823955535889      18.47304534912109      1.349910749765368      1.294164356118617    0.02954317413011956     -4.818332594810254
                  13745     -7.431232929229736      2.780728578567505       1.35011560007242      1.294494083808842     0.1419089199209262     -3.248593387852097
                  13746      1.590918779373169     -10.08572483062744      1.347917818018304      1.293245408961724      1.438647525324364    -0.9349143417020612
                  13747     0.2368614673614502     -14.56968593597412      1.345723253255463      1.294330459572331    0.05487053050293962     -4.202187434580865
                  13748     -22.09102439880371       4.81969165802002      1.348662493021142      1.292338510892389    0.03099490726425522     -4.772699358073885
                  13749     -15.58997535705566      3.614545822143555      1.351506386891394        1.2898614799834     0.1161049935663349     -3.451839455130393
                  13750     -12.56272506713867    -0.7590065002441406      1.350957724602144      1.284402545553932      4.910790348884526     0.2882086076419315
                  13751     -13.90688133239746     -5.612614154815674      1.354625028156962      1.285255366623514       30.7839718612664      2.127142551865164
                  13752       14.1246862411499     -1.772385597229004      1.352388545313648      1.280548103619148      4.686743454881724     0.2395647760417352
                  13753      2.445730447769165      12.42934608459473      1.360262542761415      1.278474142516422     0.1680295733768175     -3.084603985203806
                  13754        12.548171043396     -6.239254474639893      1.361056004262057      1.274615547779446      5.933338753444897     0.4771588362015603
                  13755      12.65634536743164     -3.446704626083374      1.361667097672843      1.269499222564181      5.733855008313725     0.4393866266859123
                  13756     -15.61397552490234     -6.138898849487305      1.356686612700501      1.265640524600732       18.3066847323569      1.593556309483594
                  13757      8.341743469238281     -15.53240871429443      1.357675064812732      1.264964747858265   0.001017692001113705      -8.20373369946857
                  13758     -10.13471031188965       2.12035608291626      1.356964931745009      1.264624396669799     0.3706601897026828     -2.306777590410422
                  13759      -17.0041561126709      4.076903343200684       1.35944802645874      1.262529903050919     0.1737637066856854     -3.064196308399507
                  13760      10.46796226501465    -0.9470345973968506      1.359035233447805      1.255990818774613      17.96625830777006         1.568861559175
                  13761      13.59114933013916     -6.423078536987305      1.357122268165597      1.251355530968492      6.406200302496605     0.5325264656979225
                  13762       5.71111011505127      2.864568710327148       1.35816345647288      1.247885356267941      2.698631705394204    -0.3340050600641939
                  13763    -0.7589471340179443     -9.586913108825684      1.356059056207569      1.245702300322695      2.446818918421245    -0.4352627319637232
                  13764      5.479788303375244     -4.957233428955078      1.354171239470138      1.243735631310346     0.8923051780007338     -1.446971704668376
                  13765      3.107184171676636      7.640853881835938      1.352385502013042      1.241347785384967      1.454689086329361    -0.9614737440265855
                  13766     -6.670661926269531     -10.48995876312256      1.350612481831901      1.241118184508613     0.6923142816651979     -1.705478067512814
                  13767      1.517239809036255      8.666929244995117      1.349989479691839      1.239897513237372     0.8744307441212391     -1.473390377391739
                  13768      4.153411388397217     -4.138844013214111      1.348633651381862      1.244478507989771     0.7976473287339072      -1.56261390033281
                  13769      2.045377969741821      -7.92092752456665      1.348113837380969      1.242983084570624      1.859047440538279    -0.7180488303832657
                  13770     -3.360067367553711      5.429085731506348      1.346332647395008      1.241680990795977    0.07716453513670345     -3.902298599276368
                  13771      1.535748839378357      10.86150646209717      1.344003881621882      1.240783928261249     0.4232980409764208     -2.202615969251115
                  13772     -5.194983959197998     -6.944847106933594      1.340707919757038      1.241286952881818      2.801678426440834    -0.3147685650600133
                  13773      4.728816986083984      -11.9492359161377      1.338503420186432      1.240696434388985     0.3857426108969491      -2.29969366136466
                  13774     -3.789072513580322      18.41246032714844      1.337504068933288      1.243011091512769    0.09038665129223629     -3.749650427625975
                  13775     -7.819138050079346     0.1693685054779053       1.33602824045281      1.242858596836934     0.3650878042393477     -2.354835855429288
                  13776     -5.268638610839844      1.220161914825439      1.334188222735574      1.242060595363666     0.1975247146529276     -2.971130480171955
                  13777     -7.272316455841064     -1.770121097564697       1.33314869043186      1.240167939866959     0.9849650793066868     -1.366692424497461
                  13778      -16.3776969909668     -0.035858154296875      1.336838072136753      1.236532646245734      3.306669830893288    -0.1557737428175459
                  13779      2.380796670913696      3.796360492706299      1.336774698491342      1.234371731939807      1.539711974283105    -0.9219164580807018
                  13780     -1.728066682815552      15.71152305603027      1.334381784864947      1.238206344587009      0.371448029989787     -2.342548098824966
                  13781     -3.587175130844116     -1.760058641433716      1.333019872251164      1.239216417137872     0.8137489508888001     -1.558510887570004
                  13782      -3.80402135848999      -7.35591983795166       1.33025069569673      1.236510738393517      3.870133010473423  -0.003383934079843421
                  13783     -2.097087383270264       10.7636079788208      1.328640886090379      1.236123009033981     0.2324892845145419     -2.817108457667862
                  13784      -6.22252082824707      1.104707956314087      1.326595035336949      1.236091210034289     0.3684574140945345     -2.358194173124434
                  13785      8.481110572814941    -0.9747580289840698      1.320578399981576      1.231334400642919      14.67768638777403      1.318162969994702
                  13786      4.767701148986816      3.313483238220215      1.317982486327735       1.22886999299229       3.09885294913597    -0.2411045033200772
                  13787     -9.366335868835449     0.1763184070587158      1.317418155568448      1.227267355541586     0.7446901743912573     -1.668656826326297
                  13788     -8.945422172546387      -10.4909496307373      1.315214242822438      1.226839565671495     0.8444008741910702     -1.545020669301694
                  13789     -3.508440971374512     -9.766265869140625      1.312927437401737      1.227203090486124      1.601582476017656    -0.9063445331076274
                  13790     -8.185916900634766     -9.160789489746094      1.310539373695226      1.226614098737208      1.798801901705858    -0.7925164905430893
                  13791     -8.807266235351562     -8.655693054199219      1.307288208334869      1.226265573184776       2.64021002159526    -0.4115468991139655
                  13792     -3.048926591873169     -8.034580230712891      1.303616075391991       1.22391786602643      4.450402556119372      0.105859912410008
                  13793     -2.858467578887939      7.223240852355957      1.303760737679249       1.22266658556274    0.07058548849087658     -4.038977258465875
                  13794      -5.01692533493042      10.68115997314453      1.301741506022462      1.227681826534701    0.05733080799509874     -4.244420173257202
                  13795      2.857320547103882      8.087422370910645      1.299088874768491      1.231038334766449      1.994604262202522    -0.6943669131734761
                  13796      1.671761035919189      12.78179931640625       1.29830618773249      1.231025227435793     0.3375875149954896     -2.471356395839337
                  13797      12.73056221008301     -4.564491271972656      1.293857632433175      1.230043943779892      7.791921528228169     0.6634318395081725
                  13798    -0.4750633537769318     -13.49633598327637      1.292607981367311      1.231891494054001     0.1644612684688435     -3.194201249910861
                  13799      4.219095706939697     -10.57397937774658      1.290329378104078      1.233212018136821      1.052023456828884     -1.339098628537987
                  13800      3.180802822113037      1.660556674003601      1.288352501593005       1.23134800353911      2.217824254152767    -0.5963332917599099
                  13801      13.13229274749756     0.5223345756530762      1.283608715060483      1.228793999127037      13.14247977799189      1.177224614602213
                  13802      4.142796039581299     -6.263778209686279      1.282068797164689      1.226843958925515     0.8957211937064059     -1.511539796460455
                  13803      10.80748844146729       3.17072868347168      1.278808896706241      1.223531093576184      4.951578019126869     0.1930427098934821
                  13804     -2.667571306228638       5.15549373626709      1.277972189662014      1.222446212243032     0.1474139930845182     -3.322715552965032
                  13805     -5.909220695495605      4.754606246948242      1.276459673649135      1.221120926762128     0.1045828451043316     -3.668249870429891
                  13806     -7.849576473236084      1.455682277679443      1.274662369823541      1.221691110871548     0.6120971733751773     -1.902280558206473
                  13807     -14.23449611663818      -6.04755687713623      1.283480111391259      1.223240602312306      35.21889971198994      2.158327936265583
                  13808     -15.22631168365479      1.171022415161133      1.284083784397254       1.22133417362366      1.492566291696937     -1.003847436303038
                  13809     -16.92992401123047         -3.48876953125      1.284454017855966      1.216068364947002      11.98800464675285      1.075529559349261
                  13810     -8.221323013305664      -9.61398983001709      1.283102943012808      1.214536375594048      2.754380452147722    -0.3974974453377339
                  13811      6.577978610992432     -5.856718063354492      1.281197845391245      1.213942101386235      1.531661198538611    -0.9863123668984788
                  13812     -10.97585582733154      3.374557495117188      1.282682828852447       1.21228725859452     0.2996950031609476       -2.6178609815705
                  13813     -2.756360054016113     -10.13136291503906      1.281244124857914        1.2108324544653      2.347149529482791    -0.5619924139739957
                  13814     -3.226044416427612      -12.3150577545166       1.27941743993891      1.210689842307397     0.6015051914013305     -1.925058668887821
                  13815      9.222490310668945     -6.006755352020264      1.276945361163372      1.209793821549109      3.355777889624296    -0.2087293778027288
                  13816     -3.607032775878906      17.39011001586914      1.277487378170627      1.210139289266004     0.1714700040362709     -3.182050020314776
                  13817      14.42529010772705     -6.922377586364746      1.274179643557782      1.212688078671148      5.579159959517738     0.2998465030248885
                  13818     -14.09789371490479     -2.993117809295654      1.274184601231872      1.207885933645831       19.3049844972125      1.537207721426733
                  13819      8.975173950195312      4.537787437438965      1.272383376739906      1.205191033206485      3.779847823614789    -0.0971200650954898
                  13820      5.698394298553467   0.007210612297058105      1.269350330836168      1.206627831672656      5.013622200984656     0.1841596999994872
                  13821      1.885540246963501     -1.664654016494751      1.270110761833329      1.205084135692562     0.3695551591648061     -2.424135491902152
                  13822     0.3753163814544678     -14.15831661224365       1.26833182827617      1.205817407362145     0.1406973429113754     -3.390617720576695
                  13823    -0.4635553359985352     -10.07217311859131      1.265566205474205      1.205965260554324      2.798937504340556    -0.4022939299767758
                  13824     -13.74181842803955      4.201731204986572      1.270315316718811      1.204389832022356     0.1126309743718449     -3.612734012195976
                  13825     -19.14569664001465      6.470059871673584      1.273723667990594      1.202825732212502    0.02384913773617014     -5.163722737995924
                  13826     -12.42886543273926      3.011373519897461      1.275343539673488      1.201233002054325     0.3178409034532355     -2.573973928903628
                  13827     -5.191919326782227      3.294143915176392      1.274936404012935      1.199791771131447     0.2178822052065659      -2.95309010956706
                  13828     -3.410172939300537      3.859929323196411      1.276546302159773      1.199308744677872     0.2287610145260066     -2.903507570638863
                  13829      5.564764022827148    -0.5848153829574585      1.274044962842872      1.195890301893464      6.180487472260623      0.388151206957315
                  13830      8.046478271484375       4.68614673614502      1.274408542001812      1.193642478039174      4.576465456686655    0.08608496610880723
                  13831     -10.63429927825928     -10.22380447387695      1.273933658805314      1.193386023886966      1.182588252463286     -1.267724101876349
                  13832      1.012874484062195      2.834873199462891      1.271875752166785      1.191923401004902      1.415097928601227     -1.091073897185786
                  13833      6.160730361938477      1.698180675506592       1.26939158693189      1.188764243683383      5.769681339414024     0.3097351689171925
                  13834     0.6909782886505127      11.88707733154297      1.268144133040906      1.189855776742015     0.5018991534280888     -2.132303166235208
                  13835     -5.976619243621826      -6.24812126159668      1.266769913881707      1.188253819940892      3.198617413629633    -0.2826599249162643
                  13836      6.097239971160889      5.747730731964111      1.266930752236134      1.185872861987268      3.338273176731905    -0.2418037189793915
                  13837     -3.621024608612061      9.729342460632324      1.265589380337992       1.18701040865812     0.1422385608298452     -3.397607533802424
                  13838      1.224371314048767      9.461807250976562      1.263612731297969      1.189021966217237      1.064167462017153     -1.385034995056848
                  13839     -1.994358658790588     -8.761808395385742      1.261929939372646       1.18795124678261      4.972288587509364     0.1544189234785956
                  13840      3.204543113708496     -7.521375179290771      1.260042423188403      1.186862529712852      1.594809072887691    -0.9851210092358677
                  13841      3.810170888900757     -10.78448963165283      1.258561502158455      1.185829203312839      1.382792145343709     -1.129817287971655
                  13842     -18.23576927185059      2.236704349517822      1.259342983002945      1.185294754343474     0.4348753637021117     -2.286447904857197
                  13843     -3.526788234710693     0.7418128252029419      1.259061875771293      1.183959618358436     0.3296455732703399     -2.564839611796369
                  13844     -4.396802425384521      5.547793865203857      1.257667336702318       1.18301514289246     0.1783537745592364     -3.180994853308487
                  13845     -2.070688962936401     0.5108407139778137      1.256307512334419      1.181957269030832     0.4675033597795737     -2.219333824014171
                  13846     -12.59959983825684       -2.6239914894104      1.252690972884555      1.178305962625855      16.94924891521906      1.365261598773013
                  13847     -11.99055767059326      2.016620635986328      1.252666553201552      1.177262096702322      0.711197289445325     -1.806673118895799
                  13848      11.97951984405518     -1.061943531036377       1.25018380120355        1.1737795049541      20.55741801292637      1.552407599617399
                  13849     -13.64231586456299     -8.332366943359375      1.247374941205458      1.170302092680135       12.1419461185884      1.020635569446585
                  13850      2.166656017303467     -3.679053783416748      1.247468989216649      1.168903492526011     0.5804692772999651     -2.021069310387764
                  13851      -14.7687406539917       19.6125373840332      1.247896223247118      1.173661030819404   7.31967522957682e-05     -10.99510616399415
                  13852      8.210089683532715     -5.783456802368164      1.246938667811889      1.173325692744193      3.406229300023436    -0.2481941469822444
                  13853    0.02558955550193787     -8.531606674194336       1.24611088220642      1.171192295409604      4.634558294683194    0.05725686935717233
                  13854      6.939590930938721     -3.433148860931396      1.243660291876081      1.169151968801866      3.951146883407195    -0.1059902803178805
                  13855       15.4231128692627     -8.343626976013184      1.242134594213621      1.167340618210978      2.136385270534211    -0.7236589127913395
                  13856      3.119879961013794      3.396398544311523      1.240512212635172      1.168399756809416       3.07091812814945    -0.3611976862330883
                  13857     -14.04976558685303     -4.753652572631836      1.244159863210613      1.170487408571513       39.6813212940778      2.202427604564674
                  13858     -12.83825397491455     -4.940690040588379      1.250613100368538      1.175512100459849      45.46592484929967      2.347967215080586
                  13859     -3.018610239028931      2.529413223266602      1.253450131631716       1.17440498140414     0.3241509381188442      -2.59421825831279
                  13860      2.345107078552246     -4.640769958496094      1.252282169536517      1.173116913602426     0.8518496461946555     -1.630047101807042
                  13861      9.514129638671875        1.5660080909729      1.248875801792418      1.169415419271541      12.08625508513818      1.016482913846955
                  13862     -7.350074768066406      13.06086158752441      1.248136301264744      1.169917188901187    0.00857277345596252     -6.234913247686861
                  13863      2.094960689544678     -11.24404144287109      1.246968107398905      1.169980920543686      1.189131757425949      -1.30340776251363
                  13864      7.399960517883301        2.0573570728302      1.243559370384002      1.167000382025691      8.235365262515248     0.6265184058099525
                  13865      6.007082462310791      1.490753650665283      1.240242691158747      1.166675576885774      7.671408087015942     0.5526318584187119
                  13866    0.09118759632110596      12.30169582366943      1.238827796369217      1.166532159561071     0.5865784740229972     -2.019581550993788
                  13867     -4.023319244384766      4.654209613800049      1.237546985956248      1.165508055592789      0.298198336935404      -2.69804189940059
                  13868      -6.68577241897583      11.83884811401367       1.23646661858951      1.166158419758775    0.01824759160581883     -5.492083138930048
                  13869       10.0748815536499     0.5113096237182617      1.232688169225157      1.164934847974898      21.50585951032038      1.575854162328269
                  13870     -8.238604545593262     -5.368372917175293      1.232407791194136      1.165425135149666      1.857368968358342    -0.8731170138857993
                  13871      4.544536590576172      -5.48473596572876      1.230928695180624      1.164800107088519      1.344228876659168     -1.198194785734614
                  13872     -22.62688636779785    0.07797527313232422      1.231595810690226      1.164052994526161     0.1598106378915985     -3.327880786157594
                  13873     -3.096601486206055     -5.790027141571045      1.231240565909417       1.16227698484494      4.084895188886726   -0.08863439930882282
                  13874      1.686630725860596     -11.97369194030762      1.229694304196713      1.163340939094966     0.8970190324338696     -1.604950328610725
                  13875      5.011595249176025     -12.27493381500244      1.228218238443992      1.163299299744176     0.6082335588710865     -1.994705323565912
                  13876     -2.721540689468384     -8.523561477661133      1.225241819387004      1.161565335281531      5.594992023519624     0.2204449465541149
                  13877     -15.99865913391113      3.429583072662354      1.228185690238652      1.160518920105496     0.3002191613273686     -2.703170971517792
                  13878     -11.09259033203125      7.375537872314453      1.230448900708071        1.1591726009998   0.006148886532685623     -6.590732446894543
                  13879     -3.547833442687988      18.05330657958984      1.230241229067985      1.160106259313966     0.1786243024173968     -3.221082392989858
                  13880     -4.215461254119873      7.185379505157471      1.229064329746266      1.160084822173943     0.1064729081680055     -3.739452132295293
                  13881      6.183504104614258     -8.920459747314453       1.22791984738569      1.159347406294772     0.7217013279966787     -1.827298796131876
                  13882      12.36636161804199     -2.826963901519775      1.227604854831368      1.156325879533012      10.73830831334106     0.8697964755852879
                  13883      12.17760848999023     -1.823226690292358      1.225665717265063      1.152617880493332      19.02911675789855      1.437156459133349
                  13884     -2.844610929489136     -12.71102714538574       1.22450550850501      1.151966246402615     0.5584843756769012     -2.092854998641506
                  13885      5.137014865875244     -5.725411891937256      1.223229123480854      1.151357867860974      2.019478147713231    -0.8090583996681657
                  13886      2.282111406326294       -3.8392014503479      1.222734726995357      1.149794125911269      1.033908481039423     -1.480314622490982
                  13887      8.269412994384766     0.7504711151123047      1.220325492062132      1.146096623848121      17.11576162671196      1.321145600118107
                  13888      7.576591014862061     -6.955114364624023      1.218619639952933      1.145107180602179      2.975018355039185    -0.4308664956906432
                  13889     -11.97265148162842      1.621940612792969      1.221198489184075       1.14381371859817     0.9497225742255478     -1.571718293227743
                  13890     -15.87842655181885       4.46403980255127      1.225521316935991      1.142627528525133     0.2609545502380833       -2.8610459657157
                  13891     -6.022768974304199     -1.740264415740967      1.227866458336724      1.141233903580993      1.026797679613055     -1.490500684743278
                  13892     -9.737578392028809       12.2094087600708      1.227764306658695      1.142012265502644   0.002101089896142791     -7.681646060648657
                  13893     -12.80413436889648     -5.131903648376465      1.232812892403744      1.147275978483249      50.01498813313653      2.404677884046076
                  13894     -8.337100028991699    -0.8050041198730469      1.233140922405131      1.146180925411597     0.8698641494110134     -1.647751958356505
                  13895      9.469144821166992      3.044304609298706      1.231685181534081      1.143708527054621      8.452407274857213     0.6227769397473208
                  13896      7.657850742340088     -5.964131832122803      1.233432242831007      1.141582075569402      3.991312847451473    -0.1279976982910888
                  13897      -2.05077862739563     -1.076134920120239      1.232388043694122      1.140866743201661     0.6404182704717161     -1.959225427945626
                  13898      7.435838222503662     -3.974937438964844      1.232579166752396       1.13870835698112       4.03002174320698    -0.1215584914139918
                  13899     -2.345640897750854      17.43217849731445      1.232627893521706      1.139173222847057     0.2154578332246755     -3.049872632874473
                  13900     -16.84670448303223    -0.6500382423400879      1.231903754283998      1.138341117375644      4.495908936054671   -0.01303307916479011
                  13901     -13.58785629272461     -8.807551383972168      1.232765448909157      1.136085918079072      6.953547547657091      0.421767175435853
                  13902     -6.135254383087158      12.15240478515625      1.232616822446006      1.137487669039311    0.02961847129446296     -5.035729363379068
                  13903     -15.65097808837891      4.127687931060791      1.231569394965647       1.13758994283459     0.3441279515093206     -2.583874232507807
                  13904      1.718345522880554       3.60335373878479      1.230509882363247      1.136867268038879      2.097290927374525    -0.7779821515571657
                  13905      6.257311344146729      2.755224466323853      1.228257693382157      1.135856156940077      6.862056170668907     0.4046567556836038
                  13906      12.76544570922852     -7.214732646942139      1.226496989110119      1.135475727987155      6.014309571750706     0.2710216749053053
                  13907     -4.420051097869873    -0.5712372064590454      1.226880973622713      1.134821449076103     0.6125025971871605     -2.013585336374353
                  13908        5.6108717918396      1.281145811080933      1.224603927005499      1.132155945362518      8.397641280769035     0.6003583444578264
                  13909     -4.036619663238525     -4.763413906097412      1.222722429824145      1.130783601152294      3.438652947487003    -0.2952631931770883
                  13910     -5.215892314910889      14.01486587524414       1.22232612922554      1.131841325671786    0.07211193608583079     -4.159267914482386
                  13911      11.25323104858398      2.552071809768677      1.219913916380529      1.131540462081065       8.35118188546047     0.5904295929745508
                  13912     -5.200212001800537    -0.2273557186126709      1.219402111699229      1.131589716691308     0.7235094589816463     -1.855991239922191
                  13913     -4.283148765563965      -5.90859842300415      1.217164575940632      1.131782311276065      5.208325605867304     0.1162423956632705
                  13914     -9.909786224365234     -7.962108135223389      1.215747267987743      1.131291833540243      3.553605722541139    -0.2676518171904778
                  13915    -0.7465906143188477      5.484440803527832      1.214615817370049      1.131042287543144     0.2395692733357787     -2.965678969508557
                  13916    -0.8875811100006104      11.13719844818115      1.214117935435302      1.133529584582522      0.500416097799428     -2.227294926224926
                  13917      3.058960437774658      1.632150769233704       1.21228727314449      1.132256063108593      2.937920352887922    -0.4599107100312861
                  13918      1.670387268066406     -1.909967660903931      1.210906208728121      1.131692678120114     0.4925220334981442     -2.247466332096963
                  13919      7.972742557525635    -0.5588507652282715      1.208228111960673      1.128834743335613      15.91606431245079      1.223336029384386
                  13920     -9.158668518066406      6.072039127349854      1.208027327987281      1.128177022312577    0.02969445572557469     -5.061536849393784
                  13921    -0.7702879309654236     -1.733233571052551      1.206756380706788      1.127635521419292     0.7258195325986068     -1.866728528223002
                  13922      1.780086755752563     -8.181548118591309      1.204860406260983      1.126344902812248      2.749802155265215    -0.5374632489130557
                  13923      -18.6569766998291      3.991902112960815      1.205806473755737      1.125265791897969     0.1924780520128611     -3.196938984237571
                  13924     -5.078530788421631     -8.544500350952148      1.208528504854914      1.123623196248563      3.160593349828437    -0.3976119727139518
                  13925       6.12799072265625     -8.845573425292969       1.20763703763155      1.123015273030239      1.071481357704928     -1.480608717927065
                  13926       4.09803581237793     -6.191673278808594      1.206022254244705      1.121838215470382      2.046006625504838    -0.8361476594989405
                  13927      14.45473098754883     -5.359524250030518      1.204201838228059      1.119861955572085      5.259448662046631     0.1047148803850451
                  13928       8.73917293548584     -1.562538623809814      1.202953644584154       1.11683640683198      16.93421842946697      1.270282568724645
                  13929      10.58415031433105      2.500342607498169      1.199789577924601      1.115148858408368       12.2460147344382     0.9420009271602209
                  13930     -20.52031517028809      9.631957054138184      1.199934037878814      1.114422580321069  0.0003121195649171933     -9.635854950324765
                  13931     -15.74028873443604      7.147603034973145      1.203557774284938      1.113478280350178    0.03812908693515534      -4.82834088749973
                  13932      11.90115070343018    -0.8272061347961426      1.203822561560041      1.110524177350602       26.4343125675242      1.710663262240334
                  13933     -5.018006801605225      4.998823165893555      1.202813695269004      1.112881017510847     0.2702547756308956     -2.871108149250019
                  13934     -16.23566055297852     -2.876492500305176      1.200619770269347      1.110103218491628      14.77912405629892      1.126172827526607
                  13935       10.7354564666748       1.43704891204834      1.199553727026971      1.106888352647271      20.76938436862716      1.462648663284774
                  13936    -0.8222731351852417     -10.49026775360107      1.199614465366605      1.105679084773387      2.979551714183289    -0.4801009334933294
                  13937     -5.399716377258301      1.148881077766418      1.198557165039124      1.105766813351217     0.5549736453208935     -2.161510858417411
                  13938      -2.12103009223938       6.46111011505127      1.197311812681223      1.106573537734969     0.1826303534786737     -3.273277589515009
                  13939     -4.257230758666992      18.74184036254883      1.196085225774798      1.106314986063977     0.1615284004330622     -3.397319445714915
                  13940     -2.139319658279419      1.707052111625671      1.195304606642399      1.105858452401838     0.4537633803645767     -2.365490158304584
                  13941     -4.963513851165771      19.02757263183594      1.194730456537893      1.105993764854871     0.1350156375945956     -3.578033527226006
                  13942     -6.938210010528564      1.439327001571655      1.193705365718753      1.107037261959809     0.6361833135837348     -2.027852712747368
                  13943     -6.318549156188965     -10.27432155609131      1.192480169037628      1.107734329303356      1.435419147702947     -1.214524726052308
                  13944     -2.510316371917725     -2.277338266372681      1.191201782828001      1.107656525929014      1.216617531767936      -1.38104998215502
                  13945     -21.19187355041504     0.7624044418334961      1.193795917911868      1.106516601904687     0.2610105579101064     -2.919173179085621
                  13946      6.542458534240723     -5.590706825256348      1.194939592667326      1.104762871482734      3.945019161372211    -0.2041535586388634
                  13947     -15.02192783355713      2.959661722183228      1.195496583118222      1.103916557256087     0.4789863364962886     -2.312990914529983
                  13948      1.411225914955139     -5.899819850921631      1.195832580166357      1.102648823624673      1.502226291853733     -1.170827548503454
                  13949     -1.938042879104614     -9.004016876220703      1.193628361215328       1.10108105634609      6.273180458821885     0.2552399431072531
                  13950      8.324838638305664      5.208575248718262      1.192854284612839       1.09980422088787      4.197506085525462    -0.1483619836970088
                  13951     -4.275678634643555      12.40951919555664      1.192383267391364      1.100198101238354     0.1242462286751674     -3.668379381635056
                  13952      0.447177529335022     -5.378288269042969      1.191490335303105      1.100850702199198       1.59650629516157     -1.115227891120116
                  13953     -12.97290515899658     -5.397428035736084      1.197704718671587      1.107028497067375      57.55398919274261      2.480476116412051
                  13954     -8.147846221923828      16.38345146179199      1.196824722965877      1.107289849606558    0.01375873683803426     -5.858827531872996
                  13955     0.2466440051794052      5.479374885559082      1.195665689670002      1.108934003472786     0.5111292493602074     -2.243364217258556
                  13956      8.366403579711914     0.7585363388061523      1.195300574999309      1.106094504869042      21.23584639924605      1.480589929413612
                  13957      -20.2503547668457      3.432111501693726      1.196385814269395      1.105444322869538     0.1497610200367442     -3.473495628237972
                  13958     -14.50016593933105     -2.718959331512451      1.196264885319732      1.102608854607336      23.67706111863462      1.587056138889188
                  13959       13.4951057434082     0.6993250846862793       1.19478525384296        1.1005089434219      13.29781558293208      1.007005273744815
                  13960     -6.249189853668213      17.81085777282715       1.19508379081951      1.101045801060017    0.07602215831588838     -4.156587387338988
                  13961      7.108214378356934     -7.906539440155029      1.194038014336176      1.100656110622236      2.560781814473483    -0.6407737934829507
                  13962     -11.87363719940186     -6.520926475524902      1.193651863798574      1.098662324810953      32.95939752632356      1.912053478389065
                  13963     -2.143991470336914      16.25721549987793      1.193495746963494       1.09892151622343     0.2985670968954672     -2.791878448924019
                  13964      7.912395477294922      2.749566555023193      1.190901017611447       1.09768490255208      10.61017554644418     0.7753932839649222
                  13965    -0.2990816235542297     -10.53967666625977      1.190064204073924      1.096958272837279      3.256786921288731    -0.4070442159875314
                  13966      -4.00723123550415     -7.420159339904785      1.188111449891538      1.097531462384966      5.693928517381023     0.1504952771221225
                  13967      10.89541149139404     -2.700051307678223      1.185997168708127      1.095810635186485      14.62560099378713      1.090518074573184
                  13968     -17.50017166137695      4.751652717590332      1.187172123571179      1.094925311285921     0.2536938340103667     -2.963700572608656
                  13969     -8.917951583862305      6.793770790100098      1.189980246439285      1.093985909296985    0.01781807926935248     -5.618110836658372
                  13970      4.369307994842529     -7.807662487030029      1.190196182635618      1.092739811412346      1.759706824196532     -1.026380218267724
                  13971      3.455283164978027     -6.868171215057373       1.19142869226462      1.091879783250818      2.249043173505017    -0.7807748991374392
                  13972     -8.728404998779297      12.83836078643799        1.1914792394947      1.092757194289597   0.007212776240932305     -6.522335435706265
                  13973      -3.08850359916687      7.258532524108887      1.190572039780693      1.094605107717484      0.155938205043239     -3.447801628491627
                  13974     -9.783833503723145      15.81895732879639        1.1896855304876      1.096326795806431    0.01001980007750963     -6.191871528412426
                  13975      5.089601039886475       6.29433536529541      1.188403790106908      1.096160783790576      2.394325589285697     -0.716807187833054
                  13976      5.153350830078125     -7.644961833953857      1.189367782609466      1.094963114970312      2.395181420348699    -0.7167321738986531
                  13977      2.306611776351929     -3.124368190765381      1.189113378209352      1.095282679560456     0.9152409419225257      -1.67868119005075
                  13978     -5.110630989074707      12.75130653381348      1.188668005626161      1.095830401054972    0.09474508985814006     -3.946553188328456
                  13979      -9.23165225982666     -3.784641265869141      1.187387519630437      1.095518054844426      2.279459626292368    -0.7674124182600499
                  13980     -9.788128852844238     -7.791790962219238       1.18660432170874      1.094416393592461      4.634879299779762   -0.05940659821976955
                  13981      4.857203483581543     0.4784950017929077      1.185704535155881      1.093245562831596      6.015584210224779     0.1995077451380979
                  13982      10.55482578277588      2.017276048660278      1.183080465486826      1.091707780052529      19.40453657709678      1.367038004497567
                  13983     -7.085148811340332     -4.350688457489014      1.184351525170703      1.090522398253279      1.667122642797662     -1.087382313521747
                  13984    -0.5432199239730835      6.929976940155029      1.183242179608178      1.089825720707645     0.3281593947630768     -2.714313474348689
                  13985     -9.600297927856445      18.55975723266602      1.182987801099391       1.08972269987123   0.008687864669206761     -6.346195279552886
                  13986      13.08493518829346     0.9668369293212891      1.180906419176331      1.088178749395368      16.08009053471073      1.174035896022816
                  13987     -10.71121311187744      18.05988311767578      1.180657145135823      1.087961895186394   0.007261374767107675      -6.52914251516299
                  13988    -0.3166918754577637     -8.909010887145996      1.178922006256916      1.087255766016521       5.50698833426813    0.09994151454253981
                  13989      2.214580059051514      -11.9566068649292      1.178114386506914      1.088679546146379      1.024339195038714     -1.581405284033461
                  13990    -0.1939501464366913       -4.9887375831604      1.177641251386762      1.089051074384643      1.634168385919701     -1.114379436059466
                  13991    -0.9740749597549438       9.13709545135498       1.17839314381211      1.088407078354009     0.3235070470675518     -2.734001102254048
                  13992     -15.99538516998291     -2.366719245910645      1.177914477080964      1.086048317399653      16.75320273771156      1.210546922301919
                  13993      3.019761562347412      1.987932682037354      1.178036313439875      1.084551120462783      3.471518197200556    -0.3647266023720707
                  13994     -7.789748191833496     -7.027560234069824       1.17677867695756      1.083958203467772      2.384183598039297    -0.7420768460335423
                  13995     -16.76838111877441       1.40909481048584      1.176782203582584      1.083153760110999      1.153522464530931     -1.468852745036243
                  13996     0.3617751002311707     0.1141174733638763      1.176138463266692      1.083018271390808     0.5354407096762898      -2.23701041248509
                  13997      11.94345188140869     -3.975276947021484      1.175347022589226      1.080948464828816       10.0320801190386     0.6908565563965898
                  13998     -15.80837535858154     -2.452621936798096      1.173368125241787        1.0784098400809      21.21625708849584      1.435799950048267
                  13999     -11.56127548217773      1.592680215835571      1.174683574588188      1.077438220630982     0.9956947698530874     -1.623063225806402
                  14000      6.518752098083496     -2.769372701644897      1.174734495487241      1.075891251259269       5.31687931778538    0.05074436655552674
