#! FIELDS time deep22.node-0 deep22.node-1 sigma_deep22.node-0 sigma_deep22.node-1 height
#! SET action OPES_METAD_state
#! SET biasfactor       12.02723625380408
#! SET epsilon   2.008904905162975e-06
#! SET kernel_cutoff       5.122093479753262
#! SET compression_threshold                       1
#! SET zed     0.09459961158745164
#! SET sum_weights       1817.615749370343
#! SET sum_weights2       9855.444758834279
#! SET counter  992
#! SET adaptive_counter  500000
#! SET sigma0_deep22.node-0      0.6298892705884755
#! SET av_cv_deep22.node-0       12.87766458457341
#! SET av_M2_deep22.node-0       25846177.76583034
#! SET sigma0_deep22.node-1       8.179192936987764
#! SET av_cv_deep22.node-1      0.9477877693825808
#! SET av_M2_deep22.node-1       57330383.73770055
                   1000      15.88288963371172      13.38546212346656     0.9363067836995402      1.557596968180201      569.6092577336452
                   1000      14.87332041831997      18.20588410887089     0.9758872083661873      1.387759450327089      94.71432908822378
                   1000      17.61584586324257     -12.89550178154648     0.8805545191218314      1.442674192013331      2557.754336041871
                   1000      15.18025756282434     -13.79111910315492     0.9917533072712413      1.563162905411095      110.2585596445888
                   1000     -24.70721174166609     -8.161910349541463      1.623085737426214      2.521655775416425      117.2495366843487
                   1000      -23.6932811326529      19.22069655653404      2.537239482724689      3.272426477906988    0.03221101487010443
                   1000      -24.4261511456353       13.8154059653054      1.620402737088873      2.131284024674482    0.03756910184344103
                   1000      -24.4218213363419      1.058432224116203      2.536965612055279      3.244728538786791      2.908346196578314
                   1000      -21.6100959777832     -3.744118690490723      2.688927041006581      3.407964971592083      1.728330667910003
                   1000      16.59096794705582      6.563425784463477     0.9512322062419805      1.592407510432701      262.1350112728774
                   1000      15.63409815508622      17.12049736574533      0.891175487400198      1.447054047594653      1969.149357101209
                   1000      16.98396916963003     -3.718307575131622     0.9080332669956415      1.647380897734238        198.26107287029
                   1000      17.37411934945804     -10.05025797112448     0.9153354954419344      1.505850440469987      384.8188257799972
                   1000      12.91482301845281     -13.12230444655688       0.99081116525032      1.378027811721955      3.635989298889246
                   1000      16.79894246031012    -0.3200817771034754     0.9219036176711477      1.589218022951126      167.8835540481565
                   1000      16.63844602055816      4.358834624477427     0.8884581501505694       1.52701060103615      168.4610876305719
                   1000       16.1721914600158      10.19064412566972     0.9308520140907707      1.587650564701232      319.8672069895451
                   1000      13.86474093815784     -15.45668156620062      1.034809428247086      1.436698328475389      4.953962038600197
                   1000      15.59359724715553      2.545488503394019      0.982283708188029      1.594636388502798      2.697829340310872
                   1000      17.09909218177778     -6.531012387265587     0.9001550396175669       1.49737400200813      236.2593280304809
                   1000      11.68782431773178      13.97723277777244      1.140110671044426      1.674663425324581     0.4080149127734544
                   1000      9.587252322132793     -2.329689183841845      1.030868435481726      1.462162320424466  0.0008705069514580981
                   1000      6.220441756395456      12.26057354810141     0.8632450776681018      1.606094859915977  8.672613917374993e-05
                   1000      8.826573855414701     -8.157882572868544     0.9870978259933535      1.519024333715205    0.02256714787953535
                   1000      9.269568044430443      2.875115144206809     0.8943589102346289      1.557144226443064  0.0005600948702564268
                   1000      9.917593757369987     -9.846208449813309     0.9639274306146298      1.403358121529196    0.05662942941997956
                   1000     -6.031600952148438     -12.25844764709473     0.9920742123504678      1.597505707382354  1.943684389226979e-05
                   1000      10.07477565554447      -5.14578725668008     0.8950428219653778      1.542362304611324   0.002631068141389145
                   1000       11.1502705717491     -3.680839761373191      1.036821816636958      1.427562358928753  0.0008241497416596096
                   1000      15.53080465500549     -3.882366541363809     0.9028655519308206      1.386451427897438      6.730807581857156
                   1000      15.15214425947415       -8.9853909993027     0.9082271759258975       1.53046495401747      4.824780272711479
                   1000      16.62688737162739     -13.81063040508378     0.8676648750401131      1.364047745542842      181.6950791256759
                   1000      10.74620981212592      6.833917938444022     0.9202388041746902       1.41045764692468     0.0026630145953765
                   1000      10.64512420360699      8.627570711086172     0.9261511288708829      1.470930773910906   0.004120552318671676
                   1000       8.65185497070256     -4.334574132353106     0.9584128177489868      1.513720366227523   0.001183124099920288
                   1000      7.518838882446289     -6.802325248718262     0.8381166086100865      1.464088277294601  0.0003495794782408185
                   1000       10.3383220838049     -0.137315726978287     0.8724099812629033       1.64987113597425  0.0002503182553219062
                   1000       10.0079732794508      5.450695943240382     0.9142998492767932        1.4261838741292   0.001193744779757951
                   1000      7.337673664093018      8.618064880371094      0.823689840451608      1.443645778559036  2.790843262775891e-05
                   1000       10.5935221002571     -11.57119991913351     0.8563120378405381      1.385278103810625       0.13928212916164
                   1000      10.07244927596641      1.994949969376481      0.876289654739869      1.353212482878323  0.0007189640992495309
                   1000      11.09291084865106       11.7480739927236     0.8566921033052517      1.373318643404895    0.05262185645610343
                   1000      10.91790028258534     -9.737301505861298     0.8683627954497491      1.335947472387413     0.0241952692122275
                   1000      4.359355528372712     -8.902876211240258     0.8530361789676623      1.346511545055781  0.0001030428441375549
                   1000      16.24613047901538     -11.63852016516367     0.8712527237748185      1.384394463339508      31.89127678342358
                   1000      17.03916700544449     -8.484252616329314     0.8896683492278279       1.27578207351775      103.2121737028392
                   1000      2.451720237731934      2.481566190719604     0.7733321079760159      1.391412731481618  2.862795402266993e-05
                   1000      12.90864931342841     -10.59986173118576     0.8055041060110388      1.392527210012548     0.2483110023774631
                   1000      13.55923080444336     -11.83384227752686      0.763996418784728      1.383872744792947     0.5058074679875803
                   1000      15.59542255661569     -16.12854939915105     0.8067513437460334      1.298479614415679      4.530454935534834
                   1000      15.54280109455711      8.510198643810511     0.8648293398079759      1.278220071742312      44.38284536652698
                   1000     -10.57132530212402     -12.53685283660889     0.8181307134115997      1.368081988432762   5.64974891679406e-05
                   1000     -25.19485677645104     -3.364605045102817     0.8962540397965312      1.342676793440249      3.938371761950104
                   1000     -26.03859329223633      9.712702751159668     0.9183134545479735      1.363054173626905    0.01706098242076749
                   1000     -26.01288986206055     -1.960674285888672       0.91515110681734       1.36442398697797     0.7937194775253391
                   1000      -25.1633186340332      5.525693893432617     0.8965758193734389      1.359736626899876     0.1081951897725307
                   1000      11.42513321162458     -13.20241000456689     0.8639256420270863      1.391899970567922     0.5978329554263058
                   1000      3.380718231201172     -14.38637351989746     0.9730733478732119      1.356508018799434  2.334530290310314e-05
                   1000      15.42895030975342        4.8472580909729     0.9568674624700058      1.335763200645312      2.966968114244628
                   1000      7.247807502746582     0.9563262462615967     0.9455342745912177      1.323792872390612  2.864482273798972e-05
                   1000      12.14441680908203     -8.501602172851562     0.9412286910035265      1.320916160661423    0.01117400587806547
                   1000      5.618197902182399     -13.89032348810344     0.9138026771570652      1.305820533879362  5.629924197282472e-05
                   1000      8.417671203613281     -1.807254552841187     0.9356225985819806      1.317341239988758  9.847767003700046e-05
                   1000      14.23685673671194      8.211474129355466     0.8630006981734551      1.339321033219903      2.386211537564077
                   1000      14.14555958649989     -10.62955048907336     0.8965625103889953      1.350431323058293      1.328161956374654
                   1000      15.67349906775837      15.56996945716849     0.8589993237665434      1.290019910655217      296.5276225294428
                   1000       9.63173770904541      11.29806613922119      0.894867423440409      1.295752763223023   0.003808087536629523
                   1000      11.92909444239947     -10.27533758735284     0.8722647211539011      1.370608853951311     0.1570410339926442
                   1000      14.95806312561035     -2.408792495727539       0.88368684992025      1.290773139424908     0.9652940029458734
                   1000       5.56501490066192      -9.76162976001801     0.9159363893638354      1.268275082069765  0.0001230410132007003
                   1000      12.21167049233054     -12.12218727045128     0.8485997238688138      1.320071156671516     0.4208415426572348
                   1000      8.876009771365773     0.7742004576384222     0.8042492807181303      1.348677865880676  0.0001694751947792874
                   1000      6.702145576477051      2.869940757751465     0.8219725427228097      1.253295430815248  3.231193866066635e-05
                   1000      7.893567562103271       6.01494836807251     0.8162236952929077      1.248643172821067  4.598852458063925e-05
                   1000      14.61401549842022      15.82172174408575     0.8102539048937993      1.263218841363169      64.89580063311229
                   1000      15.17968027798874      10.89828033443831     0.7989339185128997      1.216083812458943      26.94388593595912
                   1000       9.70582389831543      15.33964347839355     0.7942223447409569      1.242168162845576   0.005419991156728968
                   1000      16.68393595458391      2.039899052411763     0.8316003163721031      1.318527144202362      45.10585274970661
                   1000     -7.073517322540283     -7.879966259002686     0.7573369254686019      1.222575046179368  3.329573413655835e-05
                   1000      9.088615417480469     -6.140492916107178     0.7570623725414071      1.219195159733342   0.000958833861338543
                   1000      6.203164577484131      5.847172737121582     0.7568343611993924      1.218679322153353  3.432286649212668e-05
                   1000     0.2342815399169922     -7.080574035644531     0.7452080066227454       1.21045426675665  3.414967697111019e-05
                   1000    -0.9677410125732422     -8.900653839111328     0.7479370254314833      1.209792807902131  3.434110616861304e-05
                   1000     -8.391030311584473     -6.073848724365234     0.7457557290968114      1.208825180284093  3.483417657475865e-05
                   1000     -24.04820251464844      6.723687171936035      0.791310956687559      1.204303284112733     0.0385545916080041
                   1000     -22.71634864807129      15.46996688842773     0.7967024060367668      1.206471613266158   0.002150221722294813
                   1000     -2.167922019958496     -5.402122497558594     0.8010501074724279      1.207100337418609  3.187798693974082e-05
                   1000      11.08065700531006     -7.351760864257812     0.8309837091832452      1.204631979183121   0.001966763712371439
                   1000      -7.98563289642334      10.69859600067139     0.8271883196376921      1.196344380467559  3.112803590066024e-05
                   1000      11.85945510864258      16.50874328613281     0.8265523573786343      1.196147949741873    0.04834000734143071
                   1000      16.07893753051758     -2.594123840332031     0.8248890612942676      1.195460298207218      4.001343427580674
                   1000      16.55764198303223      8.344796180725098     0.8222495719905059      1.192710417697568      9.632085528301433
                   1000      4.489546298980713     -10.36553382873535     0.7986899644454509      1.175483516595204   4.26296583964292e-05
                   1000     -1.161481857299805      -10.4300365447998     0.7985106725880406      1.175351584782816  3.416184315304601e-05
                   1000      12.15219211578369      11.77523231506348     0.7903452228494008      1.172975244238184    0.01690871227620235
                   1000       10.2063455581665      3.625334978103638     0.7894094040043068      1.172567008648554  0.0001323451976286663
                   1000      12.15871334075928     -14.41454887390137     0.7877559682312957      1.170789087864619     0.1812071967596162
                   1000      10.87349700927734      2.759605407714844     0.7874117669672523      1.170873760984979  0.0001028354563144318
