#! FIELDS time deep17.node-0 deep17.node-1 sigma_deep17.node-0 sigma_deep17.node-1 height
#! SET action OPES_METAD_state
#! SET biasfactor       16.03631500507211
#! SET epsilon   3.735419329000485e-08
#! SET kernel_cutoff       5.848558909940468
#! SET compression_threshold                       1
#! SET zed    0.007376473960637304
#! SET sum_weights        1711.99977411648
#! SET sum_weights2       19573.56245467922
#! SET counter  992
#! SET adaptive_counter  500000
#! SET sigma0_deep17.node-0      0.0419425218951189
#! SET av_cv_deep17.node-0     -0.3410295061078165
#! SET av_M2_deep17.node-0       83629.51786803722
#! SET sigma0_deep17.node-1     0.05016100990526698
#! SET av_cv_deep17.node-1     -0.0361274766836947
#! SET av_M2_deep17.node-1       86005.33744670497
                  19000     0.8519580382704064     0.2277123946045821    0.05465813426059987    0.05690178220885781      58.56944671993632
                  19000     0.4346466287609536   -0.06212311001547567    0.05711757508652082    0.05286647074916879   0.001988404444491772
                  19000     0.7953417913704384     0.1366837151709333    0.05509661690294915    0.05511920672282256      7.352753634162602
                  19000     0.8570037851115706     0.3323519398047297      0.049378870797028    0.04876107008114432      1.425459874041301
                  19000       0.76800537109375     0.3039280772209167    0.04518617077153549    0.04755928842062321    0.04899348043479502
                  19000     0.4623049814101148    -0.1614581505961358    0.04824812881316445    0.05014079132725659  0.0002084962860922297
                  19000     0.2390574452577899   -0.09500303021672922    0.05527739871686575    0.05690120619379116  0.0001095029187844718
                  19000     0.3076429178913802    -0.1439919098882868    0.04777776851165712    0.04787079059230877  0.0001652996113712289
                  19000     0.2454022444438609     0.1004419544314901    0.05100937917053459    0.05128648997978161  2.884525740842675e-06
                  19000     0.6881697905595967    -0.1037207387585586    0.05333217743278334    0.05457278049009282   0.001844830300016022
                  19000    -0.5699561396550998    -0.2174829327495903    0.05639059941899398     0.0590589593475342      10.40599886461783
                  19000    -0.5967102394834735     0.2804659474785733    0.05425427791817775    0.05557331301792524      20.80016333658169
                  19000    -0.5833138703355787     0.8860583198587456    0.05354733385139122    0.05749134316481113       273.714835182051
                  19000    -0.5309764631011471     0.6444402907572251    0.05564887694285007    0.05526639146686983      28.35250972954578
                  19000    -0.5768460221831928    -0.8233023241909688     0.0524439998772615    0.05846297315419003     0.4143176976424229
                  19000    -0.5790173494184186   0.005642216981629028    0.05121941034948588    0.05231202240524759      380.2419673287383
                  19000    -0.6041318864319511     0.1252366646165534    0.05528294399489266    0.05242785006244471      45.24769485565214
                  19000    -0.5460490788861284    -0.4479902344195952    0.05137459470345868    0.05352983032809586      4.947016832155155
                  19000    -0.5796619180467848     0.3843698250068202     0.0532191890808376    0.05501299497906396      26.39174046065105
                  19000     -0.642751853817068     0.5723006239148428    0.05503295172330585     0.0527411132522712        19.363133571386
                  19000   -0.07110782099723711     0.2889679347610862    0.04996319450743443    0.05775213142954787  2.833823616504142e-05
                  19000   -0.04732070724518786     0.5664056543430944    0.05490162895658925    0.05157617645397346  1.309019467147185e-05
                  19000    -0.1752897237588424    -0.2286110134334349    0.05333627437256334    0.05493850802421837   0.002107529664662987
                  19000    0.04008722652740564    -0.4317370564833583    0.05395209037212639    0.05494392999518988  0.0001084915071142204
                  19000    -0.2593979845020724    -0.3659353075846359    0.04883627458962159    0.04972536919414963    0.01149828416969662
                  19000     -0.206315754915868    -0.5589050432793983     0.0536163468051335    0.05624668415674332  0.0001939758114983634
                  19000    -0.4477172022572057    -0.3705095812580173    0.05026840455338238     0.0517947956412434     0.6155333725980214
                  19000    -0.5821599282508075    -0.5434235458580208    0.06005223027742893    0.05547909532722425     0.6284947632956771
                  19000    0.07533244739047296    -0.3243001702240154    0.05112333183689569    0.05542976164130872  8.208314664650273e-05
                  19000       0.39900438166191     0.1469193093027664    0.04862959107502736     0.0470910239017317  0.0001204102772924264
                  19000     0.1126158014804857     0.4014384201304049    0.05755483465404921    0.05235773864588502  1.855182902713614e-05
                  19000     0.4619737983036521     0.3451570894739985    0.08142992219516013     0.0742697372721027  2.314367318320992e-07
                  19000     0.1450476799049636     0.3016148230241042    0.05954811523393207    0.05380533517279038  5.031669707853572e-06
                  19000    -0.1178597828675753    -0.3467670400717818    0.05548452188480249    0.05975447744213511   0.001160027614140168
                  19000    0.04643129882474231    -0.1204906971639085    0.05254540933874745    0.05451057031247355  5.435299310731663e-06
                  19000    -0.2622937156919735    -0.4508591255314387    0.06007159008243116     0.0538885479052966   0.004064663565377541
                  19000    -0.6250893128348561     -0.444816680146409    0.05479803744084703    0.05650802231998081     0.2883821501699613
                  19000     0.2034331569443527    -0.3715401439009164    0.06464828990227724    0.06140147763792399  5.714366065918263e-06
                  19000    -0.3226553489313874    -0.2735921601953448     0.0563148656580191     0.0561601295344385    0.04000047645318471
                  19000     -0.505846693776403    -0.5788091443872173    0.05663613388696431    0.05658245868816855     0.4803590368632018
                  19000    -0.5899045211849888     0.7985449108163644     0.0549714525840217    0.05519196477678341      144.0247480362826
                  19000    -0.3159316788309084     0.2616822939400395    0.06081924305463437    0.05571718609196088     0.0252240975774219
                  19000     0.1142002178647294    -0.6203533760341753    0.05355947385659963    0.05125280085372223  5.735255385421675e-07
                  19000   0.003024543454502354     0.3712238410371378    0.04896031489673736    0.05341651499458158  7.573877309111053e-06
                  19000    0.09510606187527496     0.1339390099527862    0.05695638283971421    0.05762967270693586  4.803324937477833e-07
                  19000     0.3060380539126501     0.3271179370205841    0.05813275476124485     0.0575206257739433  6.961880400225624e-06
                  19000     0.3219295735113943     0.4221036157725755    0.06085891394015291    0.05761609812992232  7.758761064095872e-07
                  19000    -0.5825939253399141     0.5076030269509204     0.0539137471787299    0.05486661064412588      46.52701234974321
                  19000    -0.4924267175620295     0.3857937534333908    0.05009224556903275    0.04879915332520401        13.648559858379
                  19000    -0.5317224918186806     -0.317766982026362    0.05549261739168306    0.05584103113069466      15.92206331652299
                  19000    -0.5830713872888463      -0.12222805096247    0.05760435963238036    0.05279020386432222      14.28895787813653
                  19000    -0.4856808052331016    -0.9503556149513773     0.0511640960125136    0.04721363608545141   0.003491401649075484
                  19000    -0.6497548222541809    -0.2320463955402374    0.07075102786554043    0.06972123722395804      0.184651023875411
                  19000    -0.6564827369135769    -0.3760298972069295    0.05384290070127824    0.05822195637945021     0.3836227529755726
                  19000     -0.320882312419681    -0.1231265911909222    0.05654387317355145    0.04893542627707843   0.008916688198750734
                  19000      0.523949921131134      -0.36476731300354    0.06948497670836737    0.06780561385774155  5.492528986319923e-08
                  19000     0.2021731107168771    -0.2136261769326715    0.05083863142565576    0.05276687022272646  0.0001653511116707113
                  19000      0.280472796096098    -0.2915727722765262    0.04866418207105029    0.05090904522957994  2.060887257537582e-05
                  19000     0.5532237000962028     0.1551622972864307    0.06051708589254661    0.06186464868402278   0.007401356011547656
                  19000     0.7021773537114611      0.596939974917029     0.0684511009112708    0.05998352190766714   4.06832451613868e-05
                  19000      0.456975132226944    -0.2742766141891479    0.06977981524510232    0.06373237991009326  1.307606512521546e-06
                  19000     0.1386727067133226    -0.4869716848309184    0.05005711983777565     0.0539308848054286  7.916130024733666e-06
                  19000   -0.04163339978598716    -0.6401079139960927    0.05099445506120934    0.05035936977907046  9.458324679271631e-06
                  19000     0.5285083651542664     0.2335550785064697    0.06836660480173713    0.06122726240430484   0.001062560139163121
                  19000    -0.3927045884444393     0.3948963131893306    0.05365672219970325    0.05270360810030854     0.5250480263338251
                  19000    -0.5261019235867712    0.09556006662392817    0.04993402645379783    0.05676670056859787      75.04674390446492
                  19000    -0.5280279044312154     0.4506735252016418     0.0550653229928876    0.06096618399523646      21.85485958918621
                  19000    -0.5748102285408583     0.2119361488106169    0.05517562033140492     0.0531947304733428      40.07199729377714
                  19000    -0.5822287343891466    -0.7194975496406215    0.05062855621246794    0.05156698057855968     0.1987742270908722
                  19000    -0.8939804548220484   -0.05893661850225272    0.05709855077916776    0.05496909985312786  0.0005698320932410785
                  19000    -0.5130253663853289     -0.727035518172413    0.05251491806041684    0.05111512966111169     0.1184648926574925
                  19000    -0.0318565159695092     0.1440420322164393      0.053902915371714    0.05686178719980639  1.942909029553163e-05
                  19000     -0.677932835605655      0.348229870397847    0.05105084557794567    0.05067589380041686      1.593113878075363
                  19000      0.525707568470841      0.531420909053867    0.05887646382058286    0.05258740922226176  2.462221674941853e-06
                  19000    -0.3177117211628172     0.6395918531037763    0.05957623316957396    0.05700619579998487    0.01271756791507075
                  19000     -1.073226401345949     0.1236588793884663    0.05139964749677588    0.05073008855259165  2.792042831918543e-06
                  19000    -0.9158275723457336     0.1625241041183472    0.05970159652049358    0.05764019148333499  0.0001524984721397702
                  19000     0.7740975024372012     0.2125411218187996    0.05110127743061896    0.05360464257330304      4.632459988413868
                  19000    -0.0460282849545781      0.708460491733319    0.05447709115466937    0.05650537654215358  3.404498790213789e-06
                  19000     0.0276903085726305     0.4785682172935436    0.05805763748829471    0.05252464379634077  3.560806914659179e-06
                  19000    -0.6874389591552189     0.4707384550981705    0.05564850667723518    0.05542311903660443       2.58336497772866
                  19000    -0.6309084793743533    -0.6422016016393463    0.05049470645848542    0.04934755125413129     0.1736271334657079
                  19000    -0.5234047116222059    -0.6605076173756098    0.05752420120201091    0.05113083884278951     0.2436093285436105
                  19000    -0.7747409343719482    -0.2403144389390945    0.05439550603869781    0.05623662132202664     0.0269372387219024
                  19000     -0.987981379032135    -0.2493090480566025    0.05250047427996436    0.05510937581274643  7.372833558335959e-06
                  19000    -0.1691537142310076    -0.4626095467665108    0.05459058477668042     0.0515838992076465   0.001909831952808545
                  19000     0.2778637442666368    -0.2034287735397584    0.05280173673446067    0.05228598196395293  0.0001997992692058278
                  19000     0.9271184802055359     0.3210967481136322    0.05405723341024669    0.05477397615481092     0.4172465033672815
                  19000      0.630197746471588   0.003973508797444471     0.0499633607328502    0.04982499343286842    0.01045865521675191
                  19000   -0.03188141534415203    -0.3100370590737202    0.04992264756081434    0.05236765462384158  8.697227176677439e-05
                  19000     0.1576089440489452     0.1235908909229565    0.04689092734357652    0.04905365110010088  9.691698660286828e-07
                  19000     0.2849430817114901    0.05349846119605706    0.05183711743766093    0.05059644141164947  1.957580148091606e-05
                  19000     0.5952101589962662   -0.05762972997048108    0.05234216283066761    0.05534797759297873  0.0004589240804395726
                  19000     0.6876130700111389     0.2200936824083328    0.05403159210288275    0.05345078030348611     0.2528338359638737
                  19000     0.5320054297827679     -0.236900685761625    0.05549123668966106     0.0548123814283583  4.692567804876911e-05
                  19000     0.3422733436291927    -0.2592776487762342    0.05133110369017314    0.04910963479237434  4.425761944675763e-05
                  19000     0.5201064522415625   -0.05140829839144831    0.05175036897888278    0.05843914009552455   0.002792482657347788
                  19000     0.4017282564300425      0.496233146458378    0.05452032507473338    0.05558471130847624  5.309030490696494e-07
                  19000     0.2617827951908112     0.5143277645111084    0.05413251275900682    0.05290048941868987  1.496127519379357e-07
                  19000    0.06724466967942572      0.280907731857995    0.05299811126808208    0.05652142724471942  5.729229038306594e-06
                  19000     0.1140306778069819    -0.3749337288260698     0.0473985587590375    0.04918477822444546  2.879659775517654e-05
                  19000    0.06314631991690972    -0.2470547662726774    0.05154746093804312    0.05155774392114364  0.0001326988483925738
                  19000    -0.1605855493128145    -0.7005260007677132    0.05057577560380633    0.05356748100179114   3.48360203037363e-06
                  19000   -0.02938586220863724     -0.550910931144368    0.04994375970272591     0.0494822301089468  3.588438004823509e-05
                  19000    -0.1585734031707072     0.1361886979308031     0.0487693930769428    0.05180371823571872  0.0004830142729343613
                  19000     0.1214257702231407     0.5090287327766418    0.05299125579013863     0.0522407791007904  4.665545678198448e-07
                  19000    -0.4167387365606768     0.1842230542248083    0.04883368030268608    0.05216176289421749      1.345953887118207
                  19000     -0.177427934066842   -0.09854901776015909    0.05009395817407662    0.05326521263414977  0.0007290980798593835
                  19000    -0.6532704645787627     0.6574556832827388    0.05525630668161712     0.0507831615022876      10.23566803782867
                  19000    0.07292926584487611    -0.5561311284436739    0.04870226517358561    0.05064222369463373  5.123334040647776e-06
                  19000     0.2295818119376348     0.5618236928299001    0.05133622434800598    0.05137569739605265  4.533341725850329e-07
                  19000    -0.2821177248283715     0.1296690338368378    0.04752634581433916    0.04720874841774039    0.02306491558517364
                  19000    -0.1520051405204214     0.4622322465985242    0.05411397695177577    0.05334300482453032  0.0002490293364832784
                  19000    -0.2693254383853158    -0.5419496339671731    0.04866014778523747    0.05152446347191821  0.0008688359279381288
                  19000    -0.1478184695543483    -0.0232793399783924    0.05059542553363057    0.05183318874418902   0.000147898261089354
                  19000    -0.9349999808931194    0.09496059368676278    0.05064811571139986    0.04852318072991454   0.000239054919612798
                  19000     0.1912903211739637     0.1730778927086014    0.04797874844509465     0.0506342186840375  2.699052450593261e-06
                  19000     0.8465964198112488     0.5319235324859619    0.05196388065600287    0.05201210091184231  0.0004606560185318266
                  19000   -0.08587715029716492     0.5138418078422546    0.05205897452899289     0.0516729392811553  3.488542496170159e-05
                  19000     0.6751531645741442    0.02858806609310469    0.04928827396162428    0.04902734854933569    0.05907752945874976
                  19000     0.4793926777486512     0.4312434300133265    0.05327555841874061    0.05210419873973732  1.396615864247322e-05
                  19000   -0.02150342054665089   -0.01066442206501961    0.05181874398994108     0.0512673940094874  3.255759191828402e-06
                  19000     0.6129732778075371    -0.2514558763783692    0.05578967987953344    0.05106829911614828  3.322547424854507e-05
                  19000   0.001003278594829226     0.2970829172402045    0.05025073148936187    0.05014806910570477  8.819712836754925e-06
                  19000      0.134844845553057     0.1828643023902674    0.04953150842318616    0.04965199167749555  2.229800909050167e-06
                  19000     0.1224585355991451    -0.2907434271798249    0.04941745968976063    0.05085879304981193   9.01771205868624e-05
                  19000     0.1099352896116081   -0.02359068073363086    0.05140665977784803    0.05063805651488423  2.899297407317372e-06
                  19000     0.3093254097023992     0.2091878896988605    0.05068668726388358    0.05252272847428146  1.299057401965617e-05
                  19000      0.616477349442083     0.5182164345111898    0.04906384946628915    0.05674290996639537  4.568950717351689e-05
                  19000    -0.1992649883031845  -0.001827374217100441    0.05127222926456639    0.05056549477396033  9.685392838447582e-05
                  19000   -0.01464811526238918     0.2241766899824142    0.05126199342191656    0.05053422911680402  3.098261168451773e-06
                  19000      -0.47287318110466     0.5193614363670349    0.05113390190106046    0.05032534627665416      1.754314667617082
                  19000    -0.0680977737636087     -0.513571076643382     0.0494068685210207    0.04909492888395455  0.0001792615704497315
                  19000    -0.4705099308001936     -0.427940420154294    0.05144378189537113    0.05201539682948761     0.8917558105998373
                  19000   -0.03481082453382747    -0.3710867986790484    0.04961654388892424    0.04887576642439989  0.0005088463629008525
                  19000    -0.3186108600840621    -0.3736303577349906     0.0527509659886412     0.0507921468799724    0.01743812829771969
                  19000    -0.7131674294015896    -0.8013005512534191    0.04804473453972226    0.04796982161287242   0.003302520049057841
                  19000    -0.7957940697669983    0.06572666764259338    0.05101203120816781    0.05067823044225558     0.0339163189041589
                  19000    -0.8898611068725586     0.4670341908931732    0.05113888504956533    0.05068359954253414   0.001335997399876565
                  19000     -0.295834011966314    -0.8387212029994527    0.05104289342687889    0.04848708056028214  1.127123269933284e-05
                  19000    -0.6967810988426208     0.7696470618247986    0.05099369636049111    0.05103584720603375      3.454600736950248
                  19000    -0.9651384949684143      0.694614052772522    0.05095464994026839    0.05126187742411383  7.996860402709662e-06
                  19000    -0.1062194147563207    -0.5616133608842396    0.04725907106945042    0.05091746876811599  0.0001088869049470931
                  19000    -0.5846001527133509     0.7292971356964942     0.0524671701305869    0.05102952090730248       37.3819357472087
                  19000     -1.045244455337524     -0.186565488576889    0.05013083837820946    0.04999322787033169  1.671980729892671e-06
                  19000    -0.2749763131141663      0.204107329249382      0.050131061074527     0.0499575458360903   0.003779658518758923
                  19000    -0.6403476841927707    -0.9164726649344643    0.05033083627591184    0.04878484778705109    0.01316400189617152
                  19000    -0.2256657344147928    -0.7599313848054373    0.04916506175414644    0.04868299105787798  1.387206795563786e-06
                  19000     -0.995885611134615     0.3262112305271963    0.04788826541743262    0.04732360755749648  1.909617850706533e-05
                  19000    -0.2820531747365064   -0.04998575628909861    0.04964282488678228      0.049055560567462  0.0007096783863985495
                  19000     0.3307898640632629   0.006320001557469368    0.04914758664594801    0.05028289330266943   4.80721292294503e-05
                  19000     0.3969623962911796    -0.1850055421411354    0.04750990596005315    0.05008007715315811  6.736029738617125e-05
                  19000     0.7230748534202576     0.1132786795496941    0.04922888863177046    0.05005905717223014     0.4193304000978199
                  19000      0.485572835244397    0.04100593715446767     0.0487828392413153    0.05244022099667097   0.001964554454758088
                  19000     0.5303453207015991      0.465919554233551    0.04903727900766772    0.04930634941986643   6.35278486708294e-06
                  19000     0.3299163579940796     0.5635621547698975    0.04902439456021786    0.04927644483405762  2.246170729477414e-07
                  19000    -0.2017852962017059    0.09409879893064499    0.04904583994487843    0.04926395005663481  0.0002945268701488431
                  19000    -0.1807103823327447     0.2360180467364661    0.04838592413216693    0.04921622924284731  0.0009127289327014183
                  19000    -0.6478724793338037     0.8205669519736004    0.04765074524250053    0.05109631648085176      19.18163857199999
                  19000    -0.5306845782500339     0.2911072321259704    0.05054726527178594    0.05200008187952476      26.72675132563349
                  19000     -0.318051009696099     0.3699898793787297    0.04756309006295974    0.04675370844550288    0.05762840368118254
                  19000     0.6126005053520203     0.6137129664421082    0.04897947176870431    0.04860600815855771  7.324271672823252e-06
                  19000    -0.1853609821908453     -0.350597364638268    0.04981012078224434    0.04765040055532292   0.001449376196645281
                  19000    -0.2712953984737396     0.4520592987537384    0.04934930098188708    0.04848583308377218   0.004941489201347253
                  19000    -0.9737824990516171   -0.09078459977171283    0.04995810099558168    0.04966933622552384  7.326995667431528e-05
                  19000     0.3515377761089184   -0.06797166370425599    0.05015313163820803     0.0500972865767107  0.0002556833327344947
                  19000     0.5696415901184082    -0.1862610578536987    0.04953377338873528    0.04817758619533045  4.129802420054223e-05
                  19000   -0.08092918790056758    -0.2669276817131783    0.04894526042738943    0.05135578637841171  0.0004537025579982495
                  19000    -0.5250887558214319     0.8990634648371771    0.04762922595063374     0.0502349609479615      20.33501184329779
                  19000     -0.835953414440155     0.2683627307415009    0.04856884952754879    0.04774926265789675   0.002659473231398775
                  19000     -0.798461377620697     0.7316884398460388    0.04816652051334393    0.04754953271453511    0.09815762724785891
                  19000    -0.9308925867080688    -0.2486781477928162    0.04805807754066194     0.0475144474641688  0.0001122750007061352
                  19000     0.5820077648340127    0.06585671712238389    0.04880622319085421    0.04847161262816358   0.006948138375978411
                  19000    -0.4267270863056183     0.4290545284748077    0.04823397123668845    0.04743325513541027      0.822719969931625
                  19000    -0.8895534873008728     0.2371916025876999    0.04799738917274658    0.04736720531258015  0.0003064632235590245
                  19000     -1.007890820503235     0.4436779022216797     0.0480224297237401    0.04733395531963423  2.102013113342273e-05
                  19000    -0.8756155987242125     0.3006454395641641     0.0482084121227363     0.0474453823941795   0.001512603406856485
                  19000     -1.053899884223938      0.189449667930603    0.04801709834226901    0.04726484284923189  3.925601488381828e-06
                  19000     0.7856733798980713    -0.2570862770080566    0.04856082337558354    0.04713814102794122  2.132606268837786e-06
                  19000     0.2701121866703033     0.6283549070358276    0.04861515274881507    0.04710327293802805  1.689209075075032e-07
                  19000      0.615087804132751    -0.3125230608550933    0.04708753974496381     0.0475656572386921  1.194953928447776e-05
                  19000    -0.6203373042890965   -0.04060044054125086    0.04643827555485788    0.04654367050980297      25.31688063476975
                  19000    -0.7828783988952637    -0.6241776347160339    0.04852771849770913    0.04656261371018748  0.0004092807610914014
                  19000    -0.2358606270398859    -0.3018071263694553    0.04784073451218008    0.04591417686695215   0.004468881480470682
                  19000    -0.6945757269859314     0.1674839556217194    0.04762998200924065    0.04645815698786136      1.179438090550844
                  19000    -0.4340764829172852    -0.2086278109941717    0.04887590458166907    0.04611730402266604      0.359626447503164
                  19000     0.4029680490493774     0.7058274745941162    0.04753820929034127     0.0464659256790248    1.0468171011706e-07
                  19000   -0.01067775022238493     0.7710852026939392    0.04752559325647149    0.04651642080749917  5.333918958320299e-07
                  19000    -0.3735754489898682   -0.02441201917827129    0.04735256992846316    0.04647059712878486    0.01641198202010739
                  19000    -0.3778931956420863    -0.6734000635779066    0.04572767372644902    0.04642682617568172    0.00671024600805298
                  19000     0.4874033112790281     0.7807768205214295    0.04928994416711664    0.04810161313355508  2.392154017683784e-07
                  19000    -0.2294305239862522      0.584803644328364    0.04602793114121502    0.04820133909720909  0.0009002500476862427
                  19000    -0.3801760375499725      0.752061665058136    0.04735973385781045    0.04647990501003538    0.02048974795849825
                  19000    -0.9845459461212158    0.04846720770001411    0.04739889519515941    0.04643238066983645  3.620338183730776e-05
                  19000    -0.2362155790484146     0.6648595941335159    0.04921891176739089    0.04632816698463124   0.001030886186687192
                  19000    -0.2174306878281238    -0.8463419553530568    0.04676062188403697    0.04736768818136098  1.572447973667695e-06
                  19000    -0.6179917454719543    -0.9622452259063721    0.04717393657260523    0.04694762743004968   0.003709236441055726
                  19000      -0.80304354429245    -0.6947899460792542     0.0471521288355977    0.04698295052643049  6.156980085830443e-05
                  19000    -0.7275490760803223    -0.8780040740966797    0.04713745525441068    0.04699928952605847  0.0009809599635846084
                  19000    -0.9176949858665466     0.4211752414703369    0.04713143450571129    0.04702621727507444  0.0002272552041171425
                  19000    -0.8526432514190674     0.1734914630651474    0.04703295046331889    0.04709493547621799   0.001798994204426535
                  19000    -0.6829519271850586    -0.1015188321471214    0.04602788193757505    0.04673058733827006      1.135541898528862
                  19000    -0.6810539364814758    -0.6774658560752869    0.04587049589689532     0.0466968397543288    0.00986664824425384
                  19000    -0.2601388675476374     0.0334613672516494    0.04579078007212174    0.04758733200822364   0.001527323385069023
                  19000    -0.5042237155715611    -0.2011428803690516    0.04596384842301489    0.04944192838827235      2.455430202654046
                  19000    -0.5178545117378235    -0.7847684025764465    0.04532237333443992    0.04650527555856319    0.02753510082180639
                  19000    -0.3381263059996413     0.5153810911762998    0.04604413190626859    0.04735337657515001      0.033476580897838
                  19000    -0.4282469153404236    -0.1200035512447357    0.04487880126964291    0.04626224603859024     0.1085136321657145
                  19000   -0.02993538603186607     0.4719763696193695    0.04481229708092119    0.04643582433921355  7.890910092173558e-06
                  19000     0.1464948952198029   -0.06312546879053116    0.04509617225170657    0.04641991690475767  4.315602562146032e-06
                  19000    -0.5666388847286575    -0.3840141122383957    0.04557198307416723    0.04628330532981406      2.090006788875634
                  19000    -0.3659295550590298    -0.4155364824237852     0.0452684256199411    0.04954862446874521     0.0894536041159071
                  19000   -0.06550171226263046    -0.1151057034730911     0.0451536868142568    0.04635264772701422  1.254815176897612e-05
                  19000     0.9051590021405582    -0.1763333418267973    0.04531191084144108    0.04526810175754151  7.866164859222537e-06
                  19000     0.5881941914558411    -0.1162566691637039    0.04524127250882907    0.04630350260047878  0.0002493614293645072
                  19000    -0.4470303654670715    -0.6899375915527344    0.04525604962993646    0.04628529585452544    0.01877904662394904
                  19000     0.7604134082794189       0.37038853764534      0.044920881313879    0.04637766603802899     0.1033852923147513
                  19000     0.0762651190161705    0.02787089161574841    0.04501059742214525    0.04638361781675604  7.295147293758479e-07
                  19000      0.828481912612915    -0.1764172911643982    0.04513089686576614    0.04635643901055252  5.610368548767796e-06
                  19000      0.654407799243927     0.4397116899490356    0.04522454203003667    0.04630834456418501  0.0004376794191800768
                  19000    -0.1395817713373542     0.2082199508688085    0.04648704342912969    0.04530979952320212  0.0002792405670786442
                  19000    -0.6265392511249583     0.4196145325677469    0.04863381403852862    0.04714217912602015      7.088242515193289
                  19000    -0.7207226753234863     0.6832956075668335    0.04512268484084149    0.04606888715583042     0.7415701911049469
                  19000     -1.184932470321655    -0.1622542589902878    0.04510998318532871     0.0460451967452824  1.194715259597887e-07
                  19000    -0.4693471992047629   -0.02017949458312661    0.04647897330625506    0.04545522546825263      4.757572415568989
                  19000    -0.7907141447067261     0.4505222141742706    0.04495804457231713    0.04606551896114328    0.06132241388185931
                  19000     0.5320543646812439     0.4085393846035004    0.04486883728711968    0.04598973830341081  1.107260376479603e-05
                  19000     0.7707915902137756     0.5236682295799255    0.04507156638842559     0.0458646038470186  0.0001364401707227939
                  19000     0.7407560348510742     0.4299134910106659    0.04508325181292418    0.04573365728823273   0.009087828295800317
                  19000     0.6658080475352028     -0.170394615064076    0.04792093232997841    0.04833565982284428  0.0004227015115840613
                  19000     0.8345200045610585   -0.06399851739416065    0.04538532337346576    0.04628935544114703   0.002649018745492364
                  19000    -0.6661704586780268     -0.542684094732146    0.04643311243624052    0.04675011828827889    0.08575008647524307
                  19000     -0.324314683675766     0.1565831899642944     0.0452284516198779    0.04556404563442241    0.02115353092297569
                  19000    -0.4982067346572876     0.5854442715644836    0.04528620961896739    0.04545960291056336      1.444777525027773
                  19000    -0.6982809832585101     0.5452950329807745    0.04757879669793915    0.04654852180933661      2.266647501856136
                  19000     0.5690678358078003    -0.2932030260562897    0.04503412268901747      0.045216721766397  1.052391978838909e-05
                  19000     0.3762622177600861    0.07608051598072052    0.04512200314835596     0.0452101701624906  5.122290075028341e-05
                  19000     0.7647256255149841    -0.1119214743375778    0.04518821141566949     0.0452006035183064  0.0002124178652188705
                  19000    -0.4381676614284515    -0.7769285440444946    0.04535439974639258    0.04512057643057646   0.007003524056985793
                  19000     -0.331534743309021    -0.6919666528701782    0.04539953920610462    0.04513695588443162  0.0006816712962569183
                  19000     0.5754138827323914  -0.001049607642926276    0.04540201415016745    0.04511153802864946   0.002423974867841699
                  19000     0.1773478835821152    -0.6392484307289124    0.04538572189463027    0.04510130939245475  2.412879856800917e-07
                  19000    -0.4173678873121422    -0.2776789527956833    0.04505697873996579    0.04972764603463363     0.7117594546233537
                  19000     -0.382418304681778     -0.212219774723053    0.04529827805883435     0.0451104150520898    0.04206509145362666
                  19000     -0.469896699901491    -0.2882860993033205      0.045329092554806    0.04506460157668699      1.494967844040856
                  19000    -0.7577955722808838    -0.7302581071853638     0.0451911867403345    0.04499151258677314  0.0006170373380036395
                  19000    0.09166382253170013       0.35488361120224    0.04516592944037041    0.04495096881108215  3.172896687060538e-06
                  19000     0.2927249073982239    -0.5581755042076111    0.04507655386857422    0.04480077001835561  1.262840329543687e-07
                  19000     0.4856500177385041    -0.1149071731873867    0.04714323893792611    0.04622863667538224  0.0006555956690954588
                  19000    -0.7741943001747131     0.7836585640907288    0.04501890981001265    0.04480041282871444     0.2330696944899866
                  19000    -0.7501291632652283      0.488539844751358    0.04500036737089994    0.04485381703526307     0.3242089187742134
                  19000     0.1399670988321304     0.0229060985147953    0.04452750292823709    0.04465204130734641  1.430361071221869e-06
                  19000    -0.1304271817207336     -0.918868362903595    0.04448988951382456    0.04469410647316827  1.279163407863543e-07
                  19000     -0.398579865694046    -0.8772223591804504    0.04439172213306009    0.04489034704689407  0.0002808350460609485
                  19000    -0.2807929217815399    -0.7317990660667419    0.04437141685630363    0.04489997799349775  0.0001054243076865282
                  19000     -1.066947817802429     0.0130883501842618      0.044357751551102    0.04489610554755408  2.772004850542961e-06
                  19000   -0.08434005524588413      0.396046041452345    0.04456013458774805    0.04827937232491428  2.701313955941458e-05
                  19000    -0.9187939763069153     0.3500508368015289    0.04435347075535619    0.04508034592168337  0.0001755470601026303
                  19000    -0.3054393827915192     -0.205517590045929     0.0442809727835384    0.04506611323280186   0.005074098428843485
                  19000     0.4541147947311401    -0.3613338470458984     0.0445810369051091    0.04500473972435923  7.447770878722176e-07
                  19000    -0.3911186456680298     0.5702247023582458    0.04460489561080226    0.04497383817555049     0.1240368418435243
                  19000    -0.6245378851890564      0.470411092042923    0.04455602361405082    0.04504620841546352       3.86132716941694
                  19000    -0.5781363248825073    0.06115420162677765    0.04452278479636936    0.04502234092759739      20.39768790930989
                  19000      0.313809335231781     -0.429994523525238    0.04451417414526696    0.04503936536936479  4.081685131533209e-07
                  19000    -0.2304210811853409     -0.504953920841217    0.04450439241313849     0.0450509903096251   0.000549593741064805
                  19000    -0.5092769265174866     -0.106400690972805    0.04442283371078957    0.04499481930703746      1.896996618353746
                  19000    -0.1792811304330826    -0.2951748371124268     0.0443310816400156    0.04494656032893939  0.0009537970804230774
