#! FIELDS time tica_cv1 tica_cv2 sigma_tica_cv1 sigma_tica_cv2 height
#! SET action OPES_METAD_state
#! SET biasfactor       10.02269687817007
#! SET epsilon   1.461403067209347e-05
#! SET kernel_cutoff       4.718798255018261
#! SET compression_threshold                       1
#! SET zed     0.09694029626806154
#! SET sum_weights       7949.235983066066
#! SET sum_weights2       40581.37630056882
#! SET counter  4992
#! SET adaptive_counter  2500000
#! SET sigma0_tica_cv1     0.00206206210228145
#! SET av_cv_tica_cv1     0.01710608526976331
#! SET av_M2_tica_cv1       103.5000686250755
#! SET sigma0_tica_cv2    0.001458162011764061
#! SET av_cv_tica_cv2   0.0008609327881869582
#! SET av_M2_tica_cv2       12.00695055903102
                   5000    0.01754429056332407   0.003991213520750755  0.0008719444413006161  0.0002971174726730395      4385.996515010069
                   5000    0.01731899956083592   0.001742781474688096  0.0007883172795882935  0.0002919908219160024      1438.556197380283
                   5000    0.01669268484581908 -0.0003279042087599027  0.0007782824240142094  0.0002894890545934097      6161.873636729176
                   5000    0.01341549101656115 -0.0007329096548788186  0.0007720858058060853  0.0002755330322146256      2042.860263219008
                   5000    0.02471120303674396 -0.0005676483961249375  0.0007145671158503261  0.0002751917185992852      1.086806878514849
                   5000     0.0187455797588692   0.001535743784909461  0.0008118579218573888  0.0002939604728002787      1365.073576438543
                   5000    0.01912527721054377   0.005757876142510442  0.0007615323916876915  0.0002617504795237034      28.58648034096175
                   5000    0.01124887823822577    0.00437409952506102  0.0007879031452429668  0.0002762695100746444      252.2655961358449
                   5000    0.01071883411776166   0.003541188108046283  0.0008489972105441956   0.000272570816243346      34.70290801800931
                   5000    0.01417981080323697   0.004000590600645829  0.0008071448045107387  0.0002982685317143126      2572.997764778079
                   5000    0.01828957223219136 -0.0008276117990431847  0.0007996452582779069  0.0002708079009997012      4245.774770189343
                   5000    0.01560558701801347 -0.0007829778246548066  0.0008034636306267841  0.0002760249843159852      10765.31584895853
                   5000    0.02670344458800876   0.004141849252515589  0.0007856529662436087  0.0002805938399153134     0.2671856924108423
                   5000    0.02174316965318917   0.003307802979540885  0.0008376519996030248  0.0002780779076678936      878.3088464240793
                   5000    0.02133059057903233   0.004531375713654761  0.0007333961991197062  0.0002607253433745073      304.2130512382436
                   5000    0.02019368252779558   0.003446488752191358  0.0007988573770684941  0.0002634746547342448      2565.673625110886
                   5000    0.01620913572017653   0.001479811894054225  0.0008406114644436337  0.0002776805423714919      587.2198769388314
                   5000    0.02542307127654717   0.002408361196086979  0.0007690992334974071  0.0002748357528475972      1.476375512434008
                   5000    0.01158052112916429   0.000654250406002343  0.0008168177178993752  0.0002917468639956092      28.16661633323496
                   5000    0.01400062978121534   0.002744120179739633  0.0007575052743564105   0.000286011739794573      254.5907015237758
                   5000    0.01900943837805084   0.004236753610865649  0.0007592207871717561  0.0002654347438987412      2155.361305057406
                   5000    0.02027119102724389   0.001546863404966483  0.0007984975597466848  0.0002739813843143605      499.0464784356082
                   5000    0.01949928300679723   0.000618047160645038  0.0008200145970125635  0.0002703143868545808      489.1314658016487
                   5000   0.005717769407715707   0.002145031891890939  0.0007510995909623326  0.0003584947179216361   0.001587360386507831
                   5000     0.0146490341913012  0.0003913759747823825  0.0008325041902012687  0.0002728762006996226      646.3467362633082
                   5000    0.02385501660827232   0.002250808481219173  0.0008082757505964711  0.0002661653885843979      31.39630506466207
                   5000    0.01741171579975002    0.00499194911344847  0.0007977126835459588  0.0002512174496464769      767.2219118708452
                   5000    0.02233344881871731    0.00267627234636029  0.0007793426484855267  0.0002885416404769409      285.6172378563933
                   5000    0.01276431308036687   0.003312901605127995  0.0007882269710690227  0.0002772619986546654      403.4522568775781
                   5000    0.01908709942494572   0.002994230517990811  0.0009145240775615346  0.0002539497140990701      2308.931746090639
                   5000     0.0153238250063737   0.004322102256410505  0.0008055472554043836  0.0002769979750255798      2339.361070235953
                   5000    0.01368132054981614   0.004928231266430594  0.0007576586142608404  0.0002788606563862336      332.2175299049042
                   5000    0.02137019268959475 -0.0006331548455613141  0.0007719422142045466  0.0002514672722662509      336.7765725084977
                   5000    0.01829553333114746  5.485727585557458e-05  0.0007882621387579493  0.0002613653742442649       1392.61101623127
                   5000    0.01427440732771991 -0.0009967815263414738  0.0007797903120718801  0.0002574209841668889      3877.159476174772
                   5000    0.01511240367119621 -0.0004318843906356701  0.0008438567237253939  0.0002634987333726944      4205.554962632504
                   5000   -0.00442511616894823  0.0002426489538165311  0.0008435657275614898  0.0002729888350837936      1488.807745513101
                   5000  -0.004304051443440934 -0.0002204767124593412  0.0007988232923686678  0.0002684474525835549      1840.462034050835
                   5000  -0.003463050369882684 -0.0002395007262685034  0.0007152658558092664  0.0002321514438417939      709.6504277657548
                   5000  -0.001287446333738045 -0.0001449056081545745  0.0008116636913085696  0.0002307370003500555      4.569201020274355
                   5000  -0.002408035918777687   0.001703261493760817  0.0007324643329420018  0.0002627248199050429      1.100736655293879
                   5000  -0.003345252043350046   0.002950665865611141  0.0008307506476744512  0.0002745192027324435       0.23762514782585
                   5000  -0.003614125082400043   0.001609406221095711  0.0008188740241113902  0.0002567270485010922      5.341621783264673
                   5000  -0.004241551345286057   0.001303087640272444  0.0008433212836407221  0.0002701110514410641      13.57512303335784
                   5000   0.007790916134335919  0.0007269771897434608  0.0007747540649193185  0.0002456865624409012     0.1634347445747124
                   5000     0.0100975697979024  0.0009327655136412117  0.0007685795828831989  0.0002362510335710063      5.814540440763164
                   5000    0.01524881453106083   0.003616866690548197  0.0008421622590971071  0.0002653247171657925      2269.627629409282
                   5000    0.02280704095657457   0.005231782318681918  0.0007818364484915644  0.0002550992809124304      17.59924390896144
                   5000    0.02218718550440126   0.003743597647307407  0.0007936718972836682  0.0002779498516474993      264.1004614692144
                   5000    0.01744465791985416   0.003076110419295358  0.0008284963771698723  0.0002720639117117806      2085.181455816645
                   5000    0.01575051204287078   0.006479775807432004  0.0007455114798954706  0.0002487162689390941     0.9425484626818258
                   5000    0.01804340273564711   0.007823478695064541  0.0008701539314228669   0.000290560427615075   0.004253252451996932
                   5000    0.02033656826602697   0.002104313258329621  0.0008029564776271029  0.0002721489454057561      715.8126407458349
                   5000    0.01915362822018369   -0.00118020244439907  0.0007775667549348204  0.0002525848957781374      1857.514754583901
                   5000   0.009358961638601873 -0.0005850551262855676  0.0007619028403995577  0.0002685606295474062       4.61174028803452
                   5000  -0.003562023312896334   0.002423172480304439  0.0009281093006583376   0.000291921563512067     0.7620895114982507
                   5000  -0.001264897655304833   0.001217588537351014  0.0007324330809988682  0.0002568904546702226     0.8027804562393227
                   5000  -0.003854737672745398   0.003345561169884293  0.0009048882465280604  0.0002751922060408912     0.1076554703679988
                   5000  -0.003442082573834126    0.00099592465032288  0.0008236769312267674   0.000252342274469923      31.81881860774319
                   5000  -0.004260681902764792   0.004320107674823865  0.0008618881382063323  0.0002648290134429904    0.02905039946839676
                   5000  -0.002605086401113186 -0.0006814185774631591  0.0008113231250711561  0.0002689961029876575        29.826617296498
                   5000  0.0001143189851518462   0.001875256110426348  0.0007288465489669337  0.0002472466216683134    0.02288812429811764
                   5000    0.01897037944588757 -0.0003346498552545881  0.0008257074726374168  0.0002642063632461223      2623.943126468341
                   5000    0.02300840547769205   0.001108166385801038  0.0008113726551723278  0.0002559124721070695      26.58992825792123
                   5000    0.02074831205690944    0.00594425447781523  0.0007872180172020201  0.0002824923138085928      4.983879967866704
                   5000    0.01306383529550798   0.001527586644713879  0.0008512027166885447  0.0002810540437918029       70.4662096582211
                   5000    0.01750428282757359  -0.001196247669260956  0.0007644268005239357  0.0002491867504252858      2381.234620513113
                   5000    0.01683924680570126 -0.0007720144156998132  0.0007523881348263173  0.0002685491587286231      6979.449103772236
                   5000     0.0162977034985969  -0.001938319215779961  0.0008038296585802708  0.0002444546322915462       18.1186594565893
                   5000     0.0110572298500428  -0.001481198818434598  0.0007866181027164127  0.0002389970167426159      14.39075949615631
                   5000    0.02480872146852412   0.003422435456338828  0.0007297419447966316  0.0002610958096839582      26.95659979433363
                   5000    0.01608952452782508   0.002984259324243847  0.0007819631534305277  0.0002691359133542997      1373.257748739195
                   5000    0.02210227575974667   0.005757027220200099  0.0007135607312066657  0.0002676829280511649      6.515591678825502
                   5000    0.01701818111859819   0.006290339855702446  0.0007480193507121628  0.0002476376150843242      4.358813042812775
                   5000    0.01159810641629866   0.006857447077199208  0.0007258477925157041  0.0002324538824712606   0.006486780122529352
                   5000   0.002853271010213979  0.0008907436411892299  0.0008236203951196456  0.0002929389169432281   0.006471391763042318
                   5000  -0.004179854728764313   0.004927733701073191  0.0007920031306450726  0.0002495724369943653   0.009225919148412576
                   5000  -0.004427114147255508  0.0008778145678206049  0.0008073991123898513  0.0002700199635293744      63.28097688664401
                   5000  -0.004883216381493167   0.002879114631660296  0.0008338903321327344  0.0002639807728048144    0.08012293318551444
                   5000    0.01967021922059157   0.004579194424112767  0.0007683628224799804  0.0002507863578152282      657.8885439287752
                   5000    0.01263975307405169   0.004569100965599593  0.0008430543648538339  0.0002617965592339193      297.6180819042344
                   5000    0.01946540914557865   0.006421902366394424  0.0008048814375824044  0.0002663266140599683        2.2969377058761
                   5000    0.01469584750082955   0.005523779940498508  0.0007855424966941931  0.0002405964512054637        60.809771340871
                   5000    0.02376696881282489   0.005692450684600893  0.0007376404249616494  0.0002461429449745354      2.812491123376454
                   5000    0.01472129958444434   0.002209681538976108  0.0008073678959211643   0.000255238864287954      376.3081787723453
                   5000    0.01221823105820681   0.004988249348616873  0.0008197532339840138  0.0002595474836945883      73.01815641108188
                   5000    0.01630267308768721    0.00536470391541197  0.0008378017710475421  0.0002527309536752076       193.044023721058
                   5000     0.0211174003100982   0.001189187536422388  0.0007229429321576123   0.000249047302314294      144.8094365462421
                   5000    0.01215381109226869  -0.000136580545915128  0.0008368715646054404  0.0002606267170078772      228.8636134968668
                   5000    0.02459665368413865  -0.001028909791758799  0.0007793911357442521  0.0002728969666314595      1.320115764279564
                   5000     0.0215950780792296   0.002150748182967655  0.0008186258839155131  0.0002639955937517064      513.6314116168667
                   5000    0.02058186142943752 -0.0002661215971698339  0.0007778248120871607  0.0002503713131445448      424.4981782610466
                   5000    0.01704521674200611   0.007506899163137962  0.0007945207470175296  0.0002419312174005924    0.01874627324896707
                   5000    0.01632334465158601   0.002156384351135528  0.0007876504154833075  0.0002451401031790512      557.5974738745915
                   5000    0.02261075460378057    0.00479430025581387  0.0006768570078131246  0.0002317882462663392      12.66382614114308
                   5000    0.01644389027789471   0.003518708957865981  0.0007562555970437225  0.0002613032772026709      2351.747294461649
                   5000    0.02220485124379501   0.001512115625658588  0.0007573509525133486  0.0002485151539176509      149.3470698904788
                   5000    0.02687099004486812   0.004753867769037877  0.0007987044950645034  0.0002483404815010487    0.06244972174158444
                   5000    0.01481965839555716   0.001070815987526075  0.0007616740951813226   0.000290607655095302      481.0132502547413
                   5000    0.01922594208363168   0.002505651067512179  0.0007486132266376727  0.0002609660567832058      1347.407502808451
                   5000    0.01535033336178428  -0.001168604891746558  0.0007800141339487637  0.0002613215049871242      2733.772081914355
                   5000    0.01561896841568274  0.0007028604210061577  0.0007599905265365527  0.0002566375902476235      338.9924035249351
                   5000    0.01333705299107547   0.000905794376950822  0.0007639443417877788  0.0002620663906083679      94.00978340857172
                   5000     0.0169596931991574  0.0002268527780010247  0.0007995231063788535   0.000265150646328652      1397.242427950849
                   5000    0.02410232449774795  0.0005875164504857005  0.0007790747499331133  0.0002533926938393595       3.16085772035425
                   5000 -0.0002592091037774176   0.002926748541429691   0.001040630416372831  0.0003040974841225578   0.001204330620409868
                   5000    0.01758176307519724   0.005862314670461336  0.0008312293750034018  0.0002693099113326441      29.60400027032005
                   5000    0.00901654987925693   0.005394911353469773   0.000802234148364277  0.0002675200964176895     0.3389333966674848
                   5000   0.004334165002404877   0.001361932571405004  0.0009532482813466798  0.0002533272612250792   0.004023234044963901
                   5000    0.02090950505425914   0.005244958945648137  0.0007356122857882879  0.0002463413766036037      57.72913768733581
                   5000    0.02069560164885584   0.007923480965997919   0.000846308527516099  0.0002574374310853869   0.007759281997971405
                   5000    0.01823496726672261   0.006625306717782864  0.0007298142145921259  0.0002684026836944473     0.9941001250331554
                   5000   0.009240305991687578   0.006549695116988146  0.0007485469265535203  0.0002291098873267259    0.00518904768915855
                   5000    0.02741356001263661 -0.0005483055295460448  0.0008007776687434381  0.0002593144577797195   0.003193697503156774
                   5000     0.0116517481496684   0.005626814313080876  0.0007634208888165319   0.000254378156687957      5.172842453618876
                   5000   0.006727007008307273   0.001206255963007329  0.0009014138374777756   0.000285172172935146   0.005508821104386412
                   5000   0.007440150918865725   0.002295355325983427  0.0008119436621051597  0.0002545873933393461   0.007349588838040435
                   5000    0.01657378723873055   0.004667649319055862  0.0007709579125051462  0.0002595791204504252      1090.315642976608
                   5000    0.02660546554036166   0.003439102452777863  0.0007722923215237814  0.0002435251885670749     0.8967327431869332
                   5000    0.01085548347709792    0.00491419201896095   0.000761716745477675  0.0002436714220371315        25.008821940824
                   5000    0.01789204330726637   0.001010288547266825  0.0007650162846604163  0.0002495257316110952      594.4030117752765
                   5000    0.01294552022446958  -0.001206871699687011  0.0007886717747284827  0.0002630599597873287      802.5280042208008
                   5000    0.01989010374634738 -0.0005866386170843235  0.0007102514985352389  0.0002519814910357352      894.6293888714406
                   5000    0.01487547382693885   0.003091396540364963  0.0007398707335969021  0.0002733321129955709      766.4371116552848
                   5000    0.02760793351056808   0.003834937744392188   0.000755698428545709  0.0002383475553596255    0.04361572479335628
                   5000   0.009585017776386571   0.004255513955476804  0.0007291796462167671   0.000252182912876308      18.36140792792638
                   5000    0.01486233886496144   0.004813836595891951  0.0007004048311616124  0.0002586272479754192      747.0860512828607
                   5000    0.02224924232597548   0.007707734262154508  0.0007579974954600633   0.000236850222728722    0.01063136325020061
                   5000    0.01888506412412278   0.003367026711421687  0.0008035936246460915  0.0002559928337632877      1562.748543883687
                   5000    0.02687892479045899    0.00237688754814962  0.0008300375218910174  0.0002772670082436782     0.2323161248325422
                   5000   0.009997325368400813   0.006421648661149644  0.0007128387895884271  0.0002298055398917104    0.01683639597179135
                   5000    0.01702010678503064   0.002517799107729246  0.0007391753681836449  0.0002578268615573459      1219.511094478339
                   5000     0.0223330688055161   0.004225294015387717  0.0007953202370153641  0.0002491313118583341      208.9363432701602
                   5000     0.0243038599329079   0.004499742729215001  0.0007499166928825953  0.0002539871115185223      10.59642636055012
                   5000    0.02562439463492822  0.0006467879060965662  0.0007299656856872458  0.0002485389659412203     0.2427645217009417
                   5000    0.01773606611354303   0.004419300445801893  0.0007001655705905217  0.0002501972204542405      1421.101736965523
                   5000    0.02826543051595085   0.005520538149579736  0.0008148743748368101  0.0002893263758323045   0.001777491154916718
                   5000     0.0205285452371097  -0.001669289265406882  0.0007965407715342611  0.0002442979578572073       15.8411915912987
                   5000    0.01276307671608266   0.004139388395474367   0.000746640402190647  0.0002496122346894366       761.436784937124
                   5000    0.02135815419280932   0.002781780801845432  0.0007451013346625898  0.0002501331526889972      490.8620184064482
                   5000    0.02686462380568753    0.00158597441851391  0.0007792767432174271  0.0002622219559163785    0.03502566075738478
                   5000   0.005534834036977577  0.0008520240119234127  0.0007577588352506571   0.000250640827940017    0.00282010924633531
                   5000    0.02380812080335639 -0.0006859138535778081  0.0007495327826269329  0.0002442759500699083      5.362074882762887
                   5000    0.01962000552338595  0.0001773087658939732  0.0007591720016583243  0.0002347433782289226      473.1653188226668
                   5000    0.01035886199790188   0.002532614249965832  0.0007745316980937592  0.0002715621495965563      1.356087156287721
                   5000    0.01354854312026488   0.007367214277236325  0.0007438898119987559  0.0002471080697846387   0.002370128189229172
                   5000   0.001718717242190411   0.001659648088942226  0.0007645630528489981  0.0002547371992420321   0.006767263858422257
                   5000    0.01169532761987544   0.002911326113089168  0.0007412902835717197  0.0002688823127725433      10.39975793683083
                   5000    0.02201874174401217  0.0006248085969460032  0.0008041273170004378  0.0002595153290337064      18.56220402100133
                   5000    0.02080419647892743   0.003863882059142191  0.0007593269675271591  0.0002508139058019619      1167.917824005785
                   5000    0.02045092542557635 -0.0009877313722226663  0.0007827773076916606  0.0002382905604152221      559.0232789617397
                   5000   0.007712654650273201   0.004982177491892181  0.0007203601842871837  0.0002568129133862918     0.2411926980605687
                   5000    0.01891658790569775   0.004940270464194442   0.000763881589995609  0.0002608130487138253      322.2071749705682
                   5000    0.01249041655646988  -0.000652870060182118  0.0007266187203584162  0.0002548878676372744       1301.67948619089
                   5000    0.02614141360361046 -0.0006194705245176225  0.0007076648579522501  0.0002400176569072275    0.06140522455327995
                   5000    0.02225944992339272  -0.001271566608512231  0.0006997000456380731  0.0002461475803181993       23.8070092993721
                   5000   0.007812217372302519   0.001500898114567882  0.0007890969550836368  0.0002630291572300117    0.07479063963209724
                   5000    0.01995278284556794   0.004030730917843439  0.0007526666880012296  0.0002634959802179124      1136.545899563766
                   5000    0.02078037346375551   0.006453194250171036  0.0007661431376380795  0.0002448764922289747      1.293228066218447
                   5000    0.01169046981189131  0.0001907995752488516  0.0007557206216281241  0.0002677601884277107       70.0407873314702
                   5000    0.02254022622090183   0.007286023584019894  0.0007330681387584733  0.0002284709245179505    0.01135762679723332
                   5000    0.00843729922052589  0.0003910551172059101  0.0007508720697851702  0.0002485369389782721     0.3920651171547287
                   5000    0.02327951845319168  -0.001854878935155605   0.000715885621086283  0.0002327432685137919     0.2250149251072086
                   5000    0.01556377731485506  0.0001560231439856027  0.0007642562728025608  0.0002589290534996595      540.4841635111538
                   5000   0.008828355202930432   0.002871953838606698  0.0007082531296043275  0.0002468230072677282     0.1459426796270532
                   5000    0.01216210732448981   0.002150122155145472  0.0007261970398750858  0.0002607526772002302       9.67378320247993
                   5000    0.01150734264770762   0.003881607669996148  0.0007016926432082772  0.0002523889912372929      111.2189963825693
                   5000    0.02024239302102129    0.00093729132469535  0.0007863160166090088  0.0002590625698080691      119.1868536979601
                   5000    0.02230642095854271  0.0002901045538160596  0.0007520268376298822  0.0002523119924857666      13.69165489796857
                   5000    0.01925206824120429   0.001113623830544799  0.0008518584077278365  0.0002499413106940132      535.1793252919514
                   5000  -0.003615736281879607   0.003706189284875536  0.0007366796209490519  0.0002451855172762778    0.04927195626277529
                   5000  -0.004695767380265625   0.001909388504300294  0.0007398315771927431  0.0002547402158463676      1.185469023621038
                   5000    0.01478684238801712   0.001649453454041651  0.0007829532870355028  0.0002428774357248548      322.2052423830918
                   5000   0.009475973004604241   0.001395528281800919  0.0008316105738596716  0.0002545396983307245      0.230956267523127
                   5000    0.02253620981695037   0.006432836984845585  0.0007721985343690916  0.0002393700241578013     0.3550840984144857
                   5000    0.02082254561094032   0.004889788040225539  0.0007270748106129054  0.0002406115729963676      253.1313681226653
                   5000    0.01896655904234903   0.003833210230437592  0.0007870986583823817  0.0002575519691345835      3141.468227416215
                   5000    0.01603791034607506   0.003924844024800147  0.0007870440351164437   0.000240230950089174      2495.184395188269
                   5000    0.01112998852356726   0.001869573532161627  0.0007095894666627363  0.0002568387412195342      6.121366159101322
                   5000    0.02424227247689174   0.006634749541694062  0.0007837255375659751  0.0002588274102682525     0.0539256603758652
                   5000    0.01286501607968526  0.0005292010881259488  0.0007318051313655947  0.0002475426525862045      105.0704164357525
                   5000    0.01092114009953092   0.005862602430273288  0.0007443223367116272  0.0002661036484371184     0.7293568174013674
                   5000   0.006078173057430906   0.004296153183271216  0.0006842519496832024  0.0002522236876525383    0.04696606618008907
                   5000    0.02194127390715405 -0.0009983240079492937  0.0007289374374946533  0.0002448031146798697       70.0188491478023
                   5000    0.01816296406715499  0.0005322681250374275  0.0007159542980272578  0.0002698450419672435      713.0080202310595
                   5000   0.006676870239352007   0.003851219568229555  0.0007007917522950454   0.000237511435410232     0.0694806392322368
                   5000    0.02358559498987923   0.002933516921560687  0.0007441845475975784  0.0002414740205968406      51.27129068208895
                   5000    0.01373185934506667  0.0001238346269709668  0.0007535246283642382  0.0002348950721534303      211.0659642889397
                   5000    0.00756433119165691   0.005447305631791442  0.0007252928974585672  0.0002416189260454892    0.06985815255774558
                   5000    0.00772025378037092   0.002714334800425413  0.0007082856751256732  0.0002301563154830772    0.03249892088862642
                   5000    0.02136418822192673   0.007286433158835983  0.0007366164407831222  0.0002660568618209371    0.04563706837210371
                   5000    0.01277934065067013    0.00525047159870915  0.0006794309483997347  0.0002427895945274867      63.15656095635561
                   5000   0.009680232843774285   0.003306050019333148  0.0007255932128619635  0.0002515860790921351      4.830316384904104
                   5000   0.007877863660390207   0.003580470495762586  0.0008231159873760782  0.0002498409566225936     0.3742744656874714
                   5000  0.0009287727999135222   0.001393748514430359  0.0007930831759220214  0.0002727955366011275    0.01622454357284212
                   5000  -0.002130225971109542   0.002983510893708489  0.0007331260229952284    0.00025071072574296    0.05820211774743148
                   5000  -0.003671465700694438   0.002123976082308551  0.0008175535000569671    0.00024423478661659      0.206718934298314
                   5000  -0.002579550889330131   0.004950954210395819  0.0007393322356620008   0.000238436330484422   0.002225236781509993
                   5000   0.006919524364931201 -1.605659888325431e-05   0.000703590390911434  0.0002644604723296332    0.02776927116013442
                   5000   0.005986966333406128   0.005200615674542749   0.000745762834851096   0.000273892965198991    0.01304238613648802
                   5000    0.02354691004418742  0.0001271716929329871   0.000758708486144473  0.0002366312533114121      5.091330342282204
                   5000   0.009403256209336205   0.001852813050744752  0.0007390706405119474  0.0002559037419979995     0.2765207970339181
                   5000   0.008368661487059335 -0.0002869161609052911  0.0006918032476508894  0.0002361792936312374     0.4662386881731482
                   5000    0.01167613083921189 -0.0009142373450768633  0.0007128415211636936  0.0002580455397396169      415.7721338499794
                   5000    0.02236067913655378 -0.0003908019746660767  0.0006966467061908631  0.0002476427897112456      59.93430064306307
                   5000   0.008940001211098066   1.90390972454805e-05  0.0007775448705896963  0.0002310411938841359     0.8971815182358105
                   5000   0.009998098573209966 -0.0009299604355970204  0.0007398871288918535  0.0002770313414850077      5.828391864733234
                   5000    0.02278015244938765   0.006860451722360167  0.0007677559305343509  0.0002669681596891374    0.07236793547521922
                   5000    0.01817394045759013   0.002319488861207908  0.0007502966947656299  0.0002534767078257229      613.4107984980541
                   5000    0.01551537233327935   0.007550157941228464  0.0006919516795259065  0.0002597488312558055    0.01170110093214304
                   5000    0.01398937052642331 -0.0004303611327946016  0.0006927296866691004  0.0002469124540364911      1722.654298496413
                   5000    0.01238953514940732   0.003802653482335094  0.0006990958733965842  0.0002313143475070339      121.4348295674718
                   5000   0.009702288214082378   0.004658032378975783  0.0006783515314399281  0.0002457837081192416      7.649012534748904
                   5000    0.02511551600816284   0.004544450388790013  0.0006650356512833873  0.0002624511546172522      1.718928790165501
                   5000    0.01788165897251872   0.003519729847821049  0.0007391012626857727  0.0002413783318565774      1806.964582387887
                   5000    0.02170617096255928    0.00187906470280177  0.0007211947074218978  0.0002504085129576682      117.7512815680275
                   5000    0.01777887792741178   0.002747698683434155   0.000739967488163297  0.0002365398880441815      1852.729872500555
                   5000    0.02358937795559386   0.003766620164819719  0.0007376415669411253  0.0002536738992527515      115.3813237178664
                   5000     0.0109780734730254 -0.0001349172458646231  0.0006952705525137203  0.0002322767843803301      21.75345149683545
                   5000     0.0193868632171676 -0.0008025420548223189  0.0007295811072368957  0.0002521933831848799      1458.654264860656
                   5000    0.02313854021689845  -0.001340967009282738  0.0006751817898118985  0.0002340624242647575      3.197816651317464
                   5000    0.02446672483260294   0.005049942058997323  0.0007192162140858825   0.000276720595601847       2.49780347396362
                   5000     0.0219624185885526   0.005088101542866656  0.0007072287268542186  0.0002610573533745077      31.88087893057609
                   5000    0.01520536254423029   0.002659319438109611  0.0007819451890365094  0.0002689469092935068      375.9791097579914
                   5000    0.02610604065996533   0.002062965295186279   0.000692200177088856  0.0002324767054491332     0.2898765671637173
                   5000    0.01401304149481504   0.007169365789972891   0.000687320679191979   0.000227558519157714    0.00610716567988235
                   5000    0.02604596443426994  -0.002009910502525042  0.0007557422252083707  0.0002627770114971312   0.001098797258980853
                   5000    0.02585239338001186 -0.0009143373557436555  0.0006845686153675829  0.0002199934889550598    0.09893698524414911
                   5000     0.0165161280699793   0.007964964444846944  0.0007538866566480548  0.0002284656149084287   0.002502314248936668
                   5000    0.01931464004720268   0.005397023195465831  0.0007211507504713737  0.0002367677145005046      38.34093209905893
                   5000    0.01935364239211804   0.007488696853401347  0.0006850822450556889   0.000236399037565999    0.04208669030900198
                   5000    0.01199906792226563   0.006333342830211852  0.0007282821405377711  0.0002408072800704906     0.2268672644922983
                   5000    0.01644774322596132  -0.001407540161044162  0.0007011929057013474  0.0002385653835261988      854.5127842969184
                   5000    0.01051800719061463  -0.001718909163553918  0.0007122545520891289  0.0002338001347020924     0.9179155344867738
                   5000    0.01647467037768666   0.005753838282104124  0.0007478252073780269  0.0002311020135466484      25.05018775009534
                   5000    0.02509087582124093   0.001959960363603945  0.0007529777519707549  0.0002539161160175479      4.614286683869003
                   5000 -0.0006607465705065908   0.004758459505378576  0.0007449183642709822  0.0002464975798493477   0.002669208553353486
                   5000   0.005259216820203178  0.0001095615232690743  0.0007770774764968986  0.0002473189116576929   0.006888810396122688
                   5000   0.008009033152991209   0.003118545673208962  0.0007664316728106427  0.0002460120599175944     0.1061196893154859
                   5000    0.01864358388454446   0.007192323559247088  0.0007529843664612233  0.0002485501749337755     0.1619184882137406
                   5000    0.01610767005319622   0.007174366091025788  0.0007009240210754475  0.0002333126431103354    0.02554356487760004
                   5000    0.02351764293574641     0.0040808457898672  0.0007283815741838563  0.0002435325000750876      45.54700633278931
                   5000    0.01176346762239415   0.002540125756476254   0.000740756894910454  0.0002407532869460636      8.840271442710772
                   5000    0.02409428899726791   0.001388021741100759  0.0007053859818200351  0.0002369821534557846      6.392428722820594
                   5000    0.01069444156823434   0.005379558594712367  0.0007466075479377532  0.0002356137583853217      1.886891716916098
                   5000    0.01301087194740907  -0.001801269262275169  0.0006579765738117309  0.0002223469944655144      13.58817959124755
                   5000   0.007561345904352513    0.00429858746927141  0.0007161852252360233  0.0002544146406237175     0.9665884736855949
                   5000    0.01001646332633018   0.001188406527501122  0.0006982264601213493  0.0002426878269611503     0.4673953498794396
                   5000   0.008527470087642991   0.001825206972190479  0.0006721437732852677  0.0002343186024362452     0.1089833352534627
                   5000    0.01015682509225855   0.002058168114870432   0.000683121186412124  0.0002205521477172228     0.5399794545786905
                   5000   0.008811924241959668   0.003962898022870756  0.0006879247366999133   0.000261048531798912      3.884567552531814
                   5000    0.02052424336228187   0.004332656301902965  0.0006918997974182482  0.0002411490246747008      765.4125395277747
                   5000    0.02503189131533967   0.003876896395004678  0.0007290784497235213  0.0002509970570660746      7.299723610463882
                   5000    0.02710730541150489  -0.001204187363357672  0.0006987673979202647  0.0002618347315891408   0.005042401024927329
                   5000    0.01393070973701681  -0.001435515872850956  0.0007751638050360713  0.0002310106339678077      270.6432147504322
                   5000  0.0008117837312698841  0.0007863034632138461  0.0007415458185662693  0.0002540369309297093    0.02661583320889028
                   5000    0.01488645788427109 -9.886482841509113e-05  0.0007370417904357095  0.0002350089139223463      1279.425327131662
                   5000    0.02282266484547556 -0.0009290293446912259  0.0007063330196811573  0.0002515139517677085      11.71869645263419
                   5000  -0.003430372697456454  0.0005265761440713653  0.0007743358901472292  0.0002421914456013026      179.8700706809856
                   5000    0.00238806185772868   0.002443440953262257   0.000731016201915021  0.0002597923381117337   0.001876107449278589
                   5000    0.02069536713800689  0.0005819728593551142  0.0007446169684888711  0.0002532844994504717      105.4172607408229
                   5000    0.02477194713563013   0.002634188485785678  0.0007092335896575582  0.0002504722834645645       9.49631829282275
                   5000    0.01712141909730047   0.001248230634467585  0.0007990421487069652  0.0002467775124885835      474.7318103531145
                   5000    0.01472636671875812   0.006361995372097592  0.0006981127949751077  0.0002222306646518948     0.5127956430473213
                   5000    0.01312404326908803   0.006587279814929148  0.0007006505776792783  0.0002437699373091936     0.1065471102744199
                   5000    0.01278102635337022   0.002892202354534076  0.0006807300906574639  0.0002480849401440672      67.17586033976396
                   5000  -0.001753844675343485  0.0002471884323118489  0.0007341440989300093   0.000243106461955209      15.89090975509364
                   5000    0.01841919845448074  -0.001503716624527884  0.0008058938563995882  0.0002364034355027644      428.4252990369257
                   5000   0.007870342286190667   0.001081882933474232  0.0007238352222272865  0.0002621163388471308    0.06758525341017094
                   5000   0.003465017073960519  0.0004721901542759215  0.0007051006940966549  0.0002445925990746425   0.006892075427380059
                   5000  -0.003370862004921875  0.0001039949215688834  0.0006935638168230914   0.000229436247127843      347.7902982786695
                   5000   0.006734533421722443  0.0006457561264351554  0.0007167349934787185  0.0002353999232714903    0.03194486414224826
                   5000     0.0161250540412589   0.001853881960611368   0.000771170711691457  0.0002369537474176103      182.9220471915419
                   5000    0.01374495943446959    0.00351477053150982  0.0007355693598698954  0.0002444799777879111      743.1315301982637
                   5000    0.01971157200115498   0.006088619781220381  0.0007078617638548673  0.0002492006883868917      2.603689400780123
                   5000    0.01684809239281913   0.006763750147032958  0.0006976789968482594  0.0002511007891224397     0.1499443620037165
                   5000    0.02017322987282918   0.002685059055342106  0.0007721912866357374  0.0002393403067783431       705.848655969433
                   5000    0.01360240919365818   0.005755723998178326  0.0007738498662114596  0.0002371966168312635       8.96277890770291
                   5000    0.01140425437572757   0.001342634720381677  0.0007438397024048362  0.0002571415288879681      5.610463104105848
                   5000    0.02089435539263067   0.003098009923603884  0.0006713629485858279  0.0002309139025009257       524.551453604014
                   5000   -0.00449069363478405  -0.001739818198858431  0.0007320649371577746  0.0002512898140782556   0.005170816147774557
                   5000    0.01576308751342344   0.004947916774885404  0.0007476525995066503  0.0002434797256497618      410.7365700101489
                   5000    0.01399935580243756   0.006094519917790293  0.0007072653567808924  0.0002440746730494535     0.8962106756930905
                   5000  -0.001923050009433451   0.003762490423123127  0.0007379125508582467   0.000250578873039803    0.00145806834439069
                   5000    0.02939034240046137   0.002754474901317198  0.0007396067601835614  0.0002504352845869861   0.001112405844729951
                   5000    0.02077596292608877  -0.001292198800261364  0.0007125866092528263  0.0002410911472071977      99.66059508445458
                   5000   0.000892025820899107  0.0002780055322649786   0.000764969718114317  0.0002462201439884115     0.1191013240283889
                   5000  -0.001175450811211268  0.0008149492147376212  0.0006923723729884702  0.0002331510702307847     0.8739381981580336
                   5000    0.00186069366434752 -0.0001214589255715961  0.0007146494712938736  0.0002436228605312215    0.01132817612704734
                   5000    0.02794127849432545    0.00171861064416049  0.0007433995619370834  0.0002493751784665282   0.003337978035624373
                   5000   0.001833359567040023 -0.0005762189323601565  0.0007411368542062626  0.0002489386573040851   0.003868898675422565
                   5000  -0.004522422097172892   0.003799452000549567  0.0007047043377289883  0.0002539404796856978    0.02839005206026202
                   5000    0.02518423654716454 -0.0002025430851160374  0.0006671273004068694  0.0002273717017525911     0.2508419471787359
                   5000    0.01759429209450927    0.00544466435892554  0.0007168589948471835  0.0002400113153505288      94.97328408815402
                   5000    0.02413048075024076   0.000981393435332951  0.0006958246034136178  0.0002254246776705208      2.021766151749611
                   5000    0.01651203019595086  -0.001064367730660342  0.0007096698594342494  0.0002329417370625537      3126.220481829467
                   5000    0.01019724555396354  0.0004758597789371498  0.0006912209143087134  0.0002220349757470309        4.1500760630443
                   5000    0.01046584577336466 -0.0004508944858426207  0.0006944465803027561  0.0002385870973139269      23.79119495885111
                   5000    0.01681107284995162  0.0007202626208067918  0.0007128590071884257  0.0002575439093838592      863.5848602907156
                   5000      0.026220100234268    0.00174898309231363  0.0006606341978182088  0.0002217212741115295     0.2546943533796556
                   5000     0.0184428042696388   0.005503108095591926  0.0006535569835866857  0.0002408642493334961      33.75656590189234
                   5000    0.01578945588385152   0.001072298042194553  0.0007155006751227564  0.0002362125764676317      205.2283480021722
                   5000     0.0176635335192545 -0.0004900315514893267  0.0007193219546608776  0.0002449227527033181      2878.526740023267
                   5000  -0.005103792111398789   0.003444263205975457  0.0007319449419731072  0.0002472215396886371    0.00420976847315395
                   5000    0.01851480572367948   0.006223033933427732  0.0006783130335459714    0.00024181523608658      4.032439505587734
                   5000    0.01571974149153504  -0.001516825926659261  0.0006906380182757577  0.0002357598391192951      286.9713538953373
                   5000    0.02011477399076827   0.005760351789117386  0.0006781834003929546  0.0002385890039565904       7.80891844133136
                   5000   0.005231264033671019   0.005871422065060353  0.0007249289010571416  0.0002464334587691484  0.0007750427792193272
                   5000    0.02658971884784098   0.006193867027614956  0.0006497675747381076  0.0002210761286323435   0.002845619662925419
                   5000     0.0278874003160614   0.004417129083816758  0.0006741859299267031  0.0002287417908587077    0.01416685715725614
                   5000    0.02308760964141284   0.006199592934007207  0.0007120561661193122  0.0002280986111269756     0.1263062318979526
                   5000   0.000455145072458988 -0.0003372748686375761  0.0007245751676663239  0.0002463794612697913    0.03397431609523008
                   5000  0.0003731654749630459   0.004013984280591932  0.0007297344523900907  0.0002453435192829177  0.0007496894210573643
                   5000    0.02278613912295395   0.001815256252189143  0.0006751599558323421  0.0002384135823875173        78.343072271648
                   5000   0.009372658957485557   0.005761006583132748  0.0006921941378168305  0.0002313625850188059     0.2231903476580916
                   5000    0.01052393210687934   0.004029378365493992  0.0006911989256857828  0.0002461830177636538      54.73487083920932
                   5000   0.008687703905786949   0.005094873496288735  0.0006790558325407741  0.0002305566529600623     0.1868188739287642
                   5000    0.02617150003916342    0.00376794195458768  0.0006582580715629547  0.0002406607631577081      1.261723807784705
                   5000    0.01408807056314156   0.004543662940252232  0.0007067472891066546  0.0002326532337422188      838.0529161836905
                   5000    0.02563791154938773   0.005102563567742022  0.0007521759612159519  0.0002483001336573142     0.3382409663759766
                   5000    0.01339286511058346   0.002077780984096042  0.0007118280735908231  0.0002315838626982588      49.72607342568486
                   5000   0.008876687866606163 -0.0009791753247604333  0.0007281586479379086  0.0002361191313678982     0.4433551146661819
                   5000    0.01244370039733709   0.001193590339552626  0.0007313940089618233  0.0002351645799152256      17.89354932341132
                   5000    0.02421842073856146   0.007407133666822766  0.0007140141113135736  0.0002402249122196511  0.0009629772633378861
                   5000    0.02333240554843243    0.00446552865183244   0.000670165412320847  0.0002413481299991944      21.44403903861595
                   5000    0.02546152196217727   0.005969268040167973  0.0006820271522674274   0.000237918799454833    0.06026229101218843
                   5000    0.02057852088008873   0.006804718242893813  0.0007112608733543525  0.0002232735870546129     0.4692499394811375
                   5000   0.005671193642965909   0.001791598246896433  0.0007055061610635338  0.0002384120920716629   0.001045387942570425
                   5000  0.0001554988494133612  0.0008456689443360408  0.0006660034715569795  0.0002427897526519649     0.0664675403758558
                   5000    0.01451979497810234   0.005212403437481793  0.0007198803067769331  0.0002302013979275141      141.5206320768206
                   5000    0.02625887186333271   0.002669501667396999  0.0007192024019030534   0.000247295985634135     0.3168730337154123
                   5000    0.02487791902710186   0.002983243056968592   0.000736742251637569  0.0002345037609968136      10.18331130839396
                   5000    0.01661868927532407   0.004202898000237061  0.0006678923422446311   0.000250649736982322      945.0273181464389
                   5000   0.002261261262689298   0.002117421821231332  0.0007223211049141271   0.000241490777792556   0.002217476843710522
                   5000  -0.001091434394634984   0.002208003928932531  0.0007302203591541116   0.000241891126412287    0.04097844547093613
                   5000     0.0255789976412673   0.005636374411378649   0.000710002888637981  0.0002395875566948666    0.06191455980738902
                   5000    0.02038800945179502    0.00748650986294852   0.000669117965034394  0.0002218732184812547    0.02263451784047064
                   5000     0.0277409427531532   0.005880935637501644   0.000708792511220141  0.0002356413171736622   0.001003955542812871
                   5000   0.007825232974812787 -0.0008915856466750925  0.0007087670644896867  0.0002356293452519941    0.05391909184083058
                   5000  -0.002559498072079145   0.001388230525540144  0.0006999717722391899  0.0002392903827791173      1.536009797040591
                   5000  -0.002594680625768531   0.000710817114218874   0.000730156459865975  0.0002376940482220863      12.62349374899421
                   5000  -0.002166320431976652    0.00620667872824862  0.0007112002489789725  0.0002355709138955136  0.0007965115834711289
                   5000  -0.002774762588793382  -0.001382094038271117  0.0007113173833032978  0.0002355673177045193    0.09836655056747888
                   5000   0.002868936706684587 -6.617339122071966e-05  0.0006815892630599375  0.0002265322957011858   0.007119842517480895
                   5000    0.01893416022945664   0.006781675125352236  0.0007302210757676144  0.0002398316663797019     0.1447843441075691
                   5000     0.0188413642061047   0.001994391636613166  0.0007835620250036437  0.0002382173132111953      688.9040777406683
                   5000    0.02088093580545718   0.005555017101025012  0.0007049243766313609  0.0002282023015541569      11.68857303232067
                   5000   0.008493518452096553   0.004671362507018904   0.000692487086302989  0.0002286064652175004     0.6485517403962262
                   5000    0.01981490451253857   0.007193294552295294  0.0007120095089038054  0.0002284403819153488    0.04897419443777944
                   5000    0.02161437240726572   0.006901163223536948  0.0007204185391586905  0.0002338974546784403     0.1512576543152628
                   5000   -0.00131157408658317   0.002768854967110772  0.0006936366623576432  0.0002293055093811873    0.01775356518262625
                   5000  -0.003510064677472262  -0.001173430826552766  0.0007072048174498112  0.0002331860925747325     0.6259426920491177
                   5000    0.01947216898571668  -0.001640762868979401  0.0006750557398233385  0.0002227594337829028      41.49621580235006
                   5000     0.0252982197520426   0.004193685259599437  0.0006792969140951374  0.0002284530951792123     0.9606856841501625
                   5000 -0.0002465978764481116   0.002524277592023052  0.0007094442797039632  0.0002325187827841545   0.002133798360742024
                   5000  -0.003868212017755763 -0.0007525487189919005  0.0006784658331873463  0.0002221779110238533       33.1250487045245
                   5000    0.01451700952516804   0.005864745463339311  0.0006696030168755621  0.0002218963279180001      2.290805395107048
                   5000    0.02692517918558881  0.0001837405935345531   0.000662221510881247   0.000230840701529281   0.009235500750613053
                   5000    0.01034781400572505   0.005669507803802511  0.0006863247829793845  0.0002280451312361982     0.3031327678389924
                   5000    0.01530462799344661   0.006145451574730518  0.0007154919238280008   0.000222236680097618      1.562717189822005
                   5000   0.009601788492047509   0.006103178220683577  0.0006474262120554664  0.0002174326567819364    0.03559612750147584
                   5000 -0.0009365389757989446   0.001732213264335509  0.0006783966623861038  0.0002181979084907374      0.108094840448667
                   5000    0.02631148397357306   0.001220957880998242  0.0006651502061789595   0.000232599269686661    0.04522151030230218
                   5000    0.02585553771269702   0.001478438093827677  0.0006959350841719394  0.0002250088573309552     0.1198521740735122
                   5000    0.02520410709545238   0.001137012777767491   0.000684687395181248  0.0002290357720681513    0.09824312312130307
                   5000   0.007721176391076846  0.0002347176454686034  0.0006899578444855726  0.0002292711650484354    0.08978091968298996
                   5000     0.0261080615832445  -0.000112078912486061  0.0006483637018812462  0.0002294705600537388     0.0420487843428471
                   5000    0.02121035257681003  1.713475916439226e-05  0.0006945099384204562  0.0002259372969977341      91.75580533494661
                   5000   0.005216589493717446   0.004851117205883906  0.0006636384283633029  0.0002303637237132151   0.002947271281327876
                   5000    0.01732968501738295   0.002136920824633098  0.0006830548412434079   0.000237299899709525      386.4677220621604
                   5000    0.02621571407134318  0.0004313352927049792  0.0006771617385566181  0.0002281700434505451   0.009429105387448572
                   5000   0.009642233742670413  -0.001338026465667311  0.0006515605181999016   0.000233609022779949      2.025353561327223
                   5000    0.02711099610753608   0.002806246362711931   0.000668900988476071  0.0002488746912614663     0.1129049873663664
                   5000    0.00379820143957444   0.001796098606378044  0.0006741580386075966  0.0002277940485338105   0.001035479230876726
                   5000    0.02350113842800313   0.005050199147654946  0.0006942015270778781  0.0002285326981753735      4.620097177712398
                   5000    0.02326540152454458   0.002693035424503447  0.0006640101728107015  0.0002247590468452238      26.90832280522546
                   5000    0.02740907765700942   0.006151351048432635  0.0006747665470620886   0.000227431772754684   0.002362787460771271
                   5000    0.01986955670578447   0.004971683676538828   0.000674517654375789  0.0002436245873019994       123.214105740261
                   5000    0.01875030732125622   0.004594918780359686  0.0007012506021695209  0.0002279356055869174      418.3466178754855
                   5000    0.01442497754858793   0.007864382725971706   0.000674114028759744  0.0002204840818330137   0.002368308171175273
                   5000    0.01117537428336532  -0.001160606854786005  0.0006592028498433556  0.0002203465429121399       41.5461839951322
                   5000    0.02677734531275554  -0.001629729918075203  0.0006355316498189216  0.0002234972998542938   0.003426933684053426
                   5000    0.02333402925843037   0.001565025567178541  0.0006577288640794746  0.0002259171334804628      3.081445223782671
                   5000   0.007099094801641294   0.004775044927753068  0.0006564819767404731  0.0002256394769307412     0.0225358337234665
                   5000    0.01423503170207763  -0.001968508961937868  0.0006486360339869003  0.0002322925751993598      4.231786495518124
                   5000    0.02000664573167869   0.008352915026474086  0.0006574296746931728  0.0002254963354874425   0.001034594035256764
                   5000    0.02270213919458583   0.003115628195408649  0.0006468182245808723  0.0002312366047870289      91.62554143788638
                   5000    0.01718077709966154   0.007136798518219491  0.0006555593909594311  0.0002250651476044799    0.01137981136160307
                   5000    0.02371419030356397  -0.000334077200187017  0.0006668840274745508  0.0002274714386244208       3.00524691443314
                   5000   0.005773259897574946   0.003963510295161862  0.0006497314978690266   0.000218633555226758    0.01040014517829921
                   5000   0.007691286997968482  -0.001408825495757953  0.0006552261907787492  0.0002251002444086822   0.006618834439153952
                   5000   0.008925856612837894   0.003152178835611688  0.0006341092585261036  0.0002222750945703599     0.4203955401228381
                   5000    0.02451970862924034   0.001738102900641121  0.0006403457576568964  0.0002179456548949485      1.332009390603748
                   5000   0.003624549487924783   0.002033275995283339  0.0006513623703184782  0.0002244999444978358   0.001097986555534899
                   5000    0.02785274016141132   0.003113409439815719  0.0007122619831109381  0.0002154588809503087     0.0504803100992707
                   5000    0.01256868632660348   0.007828745530019393  0.0006508368610035521   0.000224457923847285  0.0009379062843205916
                   5000   0.008777246199397338   0.002529559744110239  0.0006636997834577287  0.0002380061075314071     0.1265130992795659
                   5000    0.02783046320796897   0.002885803382203502   0.000650177115795748  0.0002242941966299055   0.007471350021045551
                   5000  -0.001819534868691943   0.004226262394335545  0.0006557287625894203  0.0002305627567893297    0.00231997137659659
                   5000   0.009230447581769302  0.0003945813513904608  0.0006432080326032671  0.0002330215910195991      0.442924586921842
                   5000    0.01531519908182627   0.006794876915643726  0.0006820237600870225  0.0002159865255420571    0.05646664863489192
                   5000    0.02675974362142481   0.005205074363146171  0.0006845643738340263  0.0002315842562944993    0.03023737437958283
                   5000    0.02304641416802339   0.000671197579389865  0.0006757337850278447  0.0002303197240118272      8.192393255278924
                   5000    0.01197839377758922    0.00164395778719039   0.000674526779160649  0.0002333763444313167      9.191830977723235
                   5000    0.01370430715605659  0.0006700820542161399  0.0006308315900364513  0.0002147190693647624      29.07461868291857
                   5000    0.01138243878985124   0.003327840884484511  0.0006410694241365663   0.000216862167341658      25.01912660138365
                   5000    0.01347772589994482   0.005404090491862762  0.0006459494140595936  0.0002228361257126596      4.990829580943373
                   5000    0.02739024493299578   0.001082125638257731  0.0006447540322406064  0.0002226853610140206   0.002753165904245064
                   5000   0.007601383675753208   0.003983899591656521  0.0006897179802460016   0.000218302926806203     0.1643521651514438
                   5000    0.02168682673936533  0.0008720151129144002  0.0006761296443204081  0.0002194226427853841      52.97996791048515
                   5000  -0.004934210118599063   0.002499814883126084  0.0006648125663592936  0.0002177802556266565    0.06051467208800627
                   5000    0.02584411069953947  -0.001724491031765504  0.0006524592689169428  0.0002217642927933888   0.002812216516050735
                   5000    0.01140002686244622 -0.0004732203196030894  0.0006414826261180647   0.000230910229622137      80.50255689626378
                   5000    0.01107109885685426   0.002269251976062721  0.0006697415483569406  0.0002218534887336423      1.327057903368136
                   5000    0.02337729609430067   0.007077582419960155  0.0006500818768626447  0.0002215610199440178   0.005702627693322051
                   5000 -0.0006552401260987448   0.001463425069650011  0.0006916386344128212  0.0002191589294419014      0.083060415022468
                   5000  -0.004547953546508865   0.004665550128794534  0.0006447609798343097  0.0002173250853140025   0.004793798081402737
                   5000 -0.0001351265679667261 -0.0005654265221401763  0.0006511507451557435  0.0002208973621661386     0.0458395133964806
                   5000    0.01034446479143416    0.00298310025076659  0.0006960897280164341  0.0002317772170113428      3.179428484101186
                   5000    0.02835286588623617   0.004208453001187242  0.0006520519314135259    0.00022052392295028   0.005462988611183493
                   5000    0.02156598847060428   0.003993539666740374   0.000677557461713815   0.000224248998551006      178.4503062987882
                   5000    0.02276411152588493   0.005656212249274569  0.0006664845075286466  0.0002204386167634848      1.575757698140507
                   5000    0.02113541724876448   0.002425857311575059  0.0006580004267477445  0.0002248100130775027      116.2695249289676
                   5000   0.004487745813488668   0.000715229081191725  0.0006553011653094599  0.0002202795754642319   0.002922832090288828
                   5000  0.0005018120983523774   0.002690072384847049  0.0006491733043573122    0.00022015434434522   0.001353636292063507
                   5000  -0.003175400443263379   0.004479850704526053  0.0007089928562557425  0.0002338964245641131    0.01528641490099012
                   5000   0.006920880713841309  -0.001530713843995531  0.0006514010101029764  0.0002201074844181461   0.001470906300803708
                   5000  -0.005219848838415534  3.688227946161876e-05  0.0006671657658591163  0.0002204610348277059      150.7167915189396
                   5000     0.0129269342364312  0.0001991453901890804  0.0006942674279825352  0.0002389498623597759      68.68881651669327
                   5000    0.01481266646820763    0.00716279760883288  0.0006349768065174489  0.0002306135322693508    0.01271543535105342
                   5000    0.02362111019169766   0.003315716903077241   0.000670981921563056  0.0002356778647602612      45.52916766265291
                   5000   0.006938411907063179   0.002027097501170467  0.0006514969683719954   0.000219663742886363   0.002521941727337467
                   5000    0.02239280184632582   0.004535479026073715  0.0006220877420200399   0.000227904103380957      35.80115020164477
                   5000    0.01356025892592069   0.001184480215325369  0.0006595087745317777  0.0002225275868072588      24.91677087448969
                   5000    0.02560975999109395   0.007748979069138032  0.0006455833189776115  0.0002185774827287293  0.0009521723263113909
                   5000     0.0227309535788559   0.002323033667061614    0.00064067934183973  0.0002313348023640526      62.66543231231336
                   5000    0.01332052274938186   0.002349986011503449  0.0006495861437978806  0.0002219181652885643      13.00774525373225
                   5000    0.01597129410252203   0.002501919703236294  0.0006731981424708087  0.0002239739872696159      366.7652106850883
                   5000   0.006549240770933523 -0.0006947096321713661  0.0006390031445146911  0.0002166761305594133   0.003832094308325925
                   5000   0.001874056651558141   0.001103700145039969  0.0006665836741026342  0.0002414408588336806    0.00749287593453671
                   5000  4.789374088402017e-05  0.0003729099675457935  0.0006576237048774015  0.0002239421371843649     0.1666402596432094
                   5000    0.02261990952028448   0.003537268835699419  0.0006426416842809695  0.0002163958748007886      16.54933232939615
                   5000    0.01312692804604337   0.006175562169567776  0.0006515226517327582  0.0002174457945361861     0.4693657635557035
                   5000    0.02521831110027482  -0.001239039030658847  0.0006419280256417033  0.0002164446625398979    0.06742212552512902
                   5000  -0.004587680196407932   0.002259772676430238  0.0006536237266990525  0.0002164616053515685     0.1312835373754679
                   5000   0.003738098502872085 -0.0001310532611723647  0.0006521036089013923  0.0002268118462655963   0.002721656226463772
                   5000 -0.0008741650697583423   0.003301674194788168  0.0006503159178691805  0.0002240309417899803   0.005226064127954944
                   5000  -0.001301497840019098  -0.001515353643947661  0.0006439656803188837  0.0002163573732085582   0.006471022412069291
                   5000  -0.002660466388509937 -0.0001131975919805408  0.0006640875388303401  0.0002346078567098916      96.91167013524171
                   5000    0.02785947063442855   0.004971389708186138  0.0006449223857426022  0.0002161592190640296   0.003893496535343847
                   5000   0.004618839736102453   0.001026052897390565  0.0006463920609155035  0.0002163599432133271   0.001344622183942343
                   5000  0.0006344220518393541    0.00233386200005764  0.0007083848402327645  0.0002136860661621981   0.003563391064497885
                   5000   0.009844205362962368  -0.000288647990543048   0.000648007765436658  0.0002159515880646909      1.206937942787437
                   5000     0.0157535573627725   0.003365081368780165  0.0006315068856821366   0.000215313405731265       355.911960221976
                   5000    0.01072318390141136   0.007043443566538147  0.0006442213299938836  0.0002154604320756451   0.001261705722543519
                   5000    0.01224030064442963   0.006084616339726016  0.0006382420566393075  0.0002215873775772723     0.2442870962245163
                   5000    0.02329714777293819   0.007419191904542975  0.0006427692117612494  0.0002152388434442947   0.002147873099654677
                   5000   0.008968759356598676  0.0009700584878642853  0.0006361054534564158    0.00023196842087546     0.3925347300748754
                   5000  -0.004608284244714473  0.0005920542157571787  0.0006710375099083611  0.0002147837418472026      48.90093211683559
                   5000  -0.005493053875039572   0.000383506291242198  0.0006589120276766714  0.0002231743431182053      63.55779109058805
                   5000  -0.004916470844918739 -0.0005138610432167065  0.0006433838368354837  0.0002138774346205815      28.36351909973873
                   5000    0.02004216835827925   0.005257594723401405  0.0006339399193999708  0.0002096073670339022      14.92577425833534
                   5000    0.01082035171499536 -0.0007002478246917455   0.000658001179998004  0.0002095118984167087      41.68312265012609
                   5000    0.02210204045928309   0.006126563863863786  0.0006624804399979121  0.0002140287772401555      1.123352061370339
                   5000    0.01720152126952397  -0.001575473757177087  0.0006704983112083233  0.0002110960892772998      92.59679074177805
                   5000   0.007873525698535971   0.006339919285413977  0.0006421651429698021  0.0002092760276880717   0.002995424601691174
                   5000   0.008695667996361985   0.005824725990676949  0.0006354403056659719  0.0002078377838180838    0.04031600224128346
                   5000    0.02350714629214205   0.006407056366612667  0.0006709517043124834  0.0002248404471122619     0.1230607819592726
                   5000   0.007611161368337423   0.001968676903195004  0.0006389681747103039  0.0002136356632658127   0.006339027840533088
                   5000    0.02845219483556361   0.002273596186876266  0.0006367755128269206   0.000213318507213744   0.004490936929292034
                   5000    0.01772470828434031  0.0007428660458422816  0.0006363809995132063  0.0002132244798569634      37.55386805008246
                   5000   0.007207977593823342 -0.0006241102792045151  0.0006344781777682373  0.0002128359190242877    0.01451990901577712
                   5000    0.02625887884014093   0.005848064133752972  0.0006344152658324987  0.0002128389172428397   0.006825731003702931
                   5000    0.01392484891478293   0.006927828572100666  0.0006343042533837605  0.0002128613448086198   0.005331539126872862
                   5000    0.02426234551568083 -0.0001712980622407458  0.0006334056109220916  0.0002126534694911293     0.2651646058903062
                   5000    0.02489818539594416  -0.001436244866117129  0.0006332592521296621   0.000212647536522142      0.049159232610188
                   5000    0.01017488857846465   0.003769314452650839  0.0006331416291963681  0.0002126462265245886      2.859303181532669
                   5000    0.01166725597815379   0.005280044481562958  0.0006320924651311096   0.000212232652875889      2.480356167744145
                   5000    0.01166922316271429  0.0009875728895770049  0.0006589999909590593  0.0002084050799012103      7.813700728427563
                   5000    0.01220839184793844   -0.00140875717286527  0.0006236227003133464  0.0002088975516760175        35.515192760839
                   5000   0.009656648386377344    0.00689956992807775   0.000627470533349479  0.0002121873627545412   0.001262228974586882
                   5000    0.02770619746395315  0.0002452733344881444  0.0006274539348978429  0.0002121828817619423   0.001470066414608434
                   5000   -0.00247763987720621   0.004019121836916727  0.0006280529972324556  0.0002118787846913253    0.00223943931556247
                   5000    0.01443356810483353   0.001396501178146414    0.00062654953264634  0.0002137115549951174      28.44697885748618
                   5000   0.002157706822752785  0.0004585619618711142  0.0006299097785613503  0.0002116955427773609   0.003125345516998066
                   5000  -0.002248204384769499    0.00229752290564308  0.0006512955716985052  0.0002153046605578125    0.06563769693629538
                   5000   0.003594309470158086 -0.0003677047971701735  0.0006304661733426448  0.0002116372338861086   0.001381430346778352
                   5000    0.02841130447638965  -0.001031936228727927  0.0006306804075383757  0.0002116615201124675   0.001124329188217687
                   5000    0.02859114424353781   0.002653158914386083  0.0006307901909062598  0.0002116138531881012    0.00359211690272666
                   5000    0.02351080124696647   0.001902471929768171  0.0006395168590928908  0.0002201810577866952      15.48378968534664
                   5000    0.02609442548129023  0.0009306649369001746  0.0006306904764881356  0.0002115220739941025    0.02152184224449843
                   5000     0.0146393267400287 -0.0007018521443962206  0.0006188501719051107   0.000207160072044261       528.219726445293
                   5000    0.02685993167469038   0.003206574637898463  0.0006296677537204917  0.0002111881472637538    0.06453272702613462
                   5000    0.01523299828091079   -0.00274080338342713  0.0006286610028461015  0.0002111703723831554   0.006125451356323149
                   5000    0.02754654021126713   0.001352585835215971  0.0006287497431949085  0.0002110746574834046   0.003639581412185949
                   5000    0.01366314758861241 -0.0001195456306970399  0.0006286555699265095  0.0002110482646668898      56.10829318289848
                   5000     0.0132670307466698 -0.0003248189070212414  0.0006514936027062224  0.0002117124150973092      143.4048509503888
                   5000  0.0002930473236502814    0.00159931029376869  0.0006297245318614747  0.0002107167612468359   0.007726008485254206
                   5000    0.02147604854232427  0.0003485814097755843  0.0006261039193411615  0.0002310198068905332      27.96775864636973
                   5000    0.01831521952974658   0.005208571768301414  0.0006275287992413498  0.0002100992134996244      14.62660710210591
                   5000    0.00909753533070181  0.0007051354101743979  0.0006354610200351116   0.000213360080606331     0.5180748880936077
                   5000      0.011908186922675   0.004098924497633978  0.0006233290453072761  0.0002145852755368971      41.64113448255395
                   5000    0.02909676713933525   0.004009482267055063  0.0006247437238426855  0.0002092967808527034   0.001999568890557862
                   5000    0.01848380339507336  -0.002058744700627274  0.0006233756277203514  0.0002092474021856674      1.758197717269497
                   5000   0.005735865359498362   0.001218027307804134  0.0006231407158710271  0.0002092617239438974   0.001828510671697825
                   5000    0.01477254151337406  0.0007450524020107817  0.0006246865987945953  0.0002090551661349609      24.32187458958751
                   5000    0.02584149667513222  -0.001414734757910855  0.0006246202286234379  0.0002089934371427763    0.01624332928367336
                   5000   0.005457127239312164    0.00322765507534061  0.0006245940999445658  0.0002089854670487654   0.001236478305103772
                   5000    0.02400136669475667   0.004835927128860894   0.000624598356361955  0.0002090467211749778     0.8287445227855387
                   5000    0.02455918838321421    0.00015537256973082  0.0006357563383578432  0.0002194136080174147     0.7480709968796582
                   5000   0.006592127734541826   0.003610148656471702  0.0006229104173288287  0.0002087613401064815      0.012867874837136
                   5000    0.02606680070920454    0.00461770611495635  0.0006219679091189294  0.0002086376090909894    0.09958663122845948
                   5000  -0.004110644478638451 -0.0004972785682749158  0.0006228114044263762  0.0002081006547343157      44.84125241352513
                   5000  -0.002777300991193352   0.003680361263570768  0.0006226202230200145  0.0002080586291555774   0.006123509456305566
                   5000    0.01091120060283097  0.0002652634361728767   0.000607858271508557  0.0002196000566942731       6.36436920947688
                   5000    0.02597737793447153    0.00426994508596118  0.0006238595223006569  0.0002080032444650511     0.1865397645433695
                   5000    0.02578761592894903    0.00313373508446464  0.0006385275934166942  0.0002174498568108007      1.502208733457286
                   5000   0.005249315631745303   0.004418859663640439  0.0006227558198975216  0.0002077118521118985   0.003148406612618607
                   5000   0.009666741398158544   0.005138801827580426  0.0006207465234277282  0.0002072920448242833     0.3119321650678904
                   5000    0.01459538451147908   0.003363735029382931  0.0006196547920344481  0.0002149942358872546      203.3552523771471
                   5000    0.02534087773204134   0.007050328499023264  0.0006172539815655524  0.0002071795937744649   0.001580026392842713
                   5000    0.02295523457394513  -5.31427971373491e-05  0.0006261574872106952  0.0002075447552914916      4.348809520527101
                   5000   0.009692312074226586  -0.001835746581677138  0.0006167148977552229  0.0002071933086733643      0.107338320015874
                   5000    0.01972862412023784 -0.0001295173931775313  0.0006158332856503692  0.0002070438970700243       52.7548565133843
                   5000  -0.005189435670940943   0.001293052638867843  0.0006158523813794786  0.0002238509783282157      1.910808407098466
                   5000   0.006610248260888571   0.002323709229365081  0.0006118211061983999  0.0002062157102520159    0.00186588628526234
                   5000    0.01542606549178961  -0.002110201988286631  0.0006116375749716683  0.0002061826129049897      1.179793287312175
                   5000    0.01372019250121035   0.001763981909305267  0.0006107983466602374  0.0002060899321858271      7.335668503468786
                   5000    0.02455405500208922  -0.001828218955094133  0.0006104636862596503   0.000206058878644019     0.0127247962844131
                   5000    0.01257442503234973   0.001768827437071514  0.0006060404089777244  0.0002111649597477847      6.048781273929244
                   5000    0.01481079035652663  -0.001612380218504388  0.0006102769214478121  0.0002075663937673915      66.35529843549034
                   5000    0.01563981520518804   0.004610203262730757  0.0006090233073100125  0.0002057950480307388      72.71704092374648
                   5000    0.01654843534039238  0.0009911185418902176  0.0006094555046700195  0.0002062733827907875      76.20793651947962
                   5000 -0.0008720066850382044  0.0002465146683127781  0.0006082564116982546  0.0002055461344107044     0.5579844694123804
                   5000  -0.001641847656650687   0.001566373485658657  0.0006088802648970441  0.0002055342500614779        0.1203337104315
                   5000    0.01569579082559283   0.005810445353798475  0.0006091848139203974  0.0002053534422127674      2.726310125424668
                   5000    0.02333848493415214    0.00474532163267273  0.0006091272796408611  0.0002053317591546211      2.066774087597627
                   5000    0.02335091265010428  0.0004362483346019428  0.0006073617287160715  0.0002049800402878179     0.8552664428590365
                   5000    0.02433832733986879  -0.001581982320181799  0.0006057144252355328  0.0002047784531182789    0.05632399332484394
                   5000  -0.002250416161391655   0.001996669103432044  0.0006055684049328561  0.0002046853218023507    0.08429227498515479
                   5000    0.01812060385387033 -0.0002314982439034796  0.0006074519047194232  0.0002044302231647229      138.6897256088896
                   5000    0.02494237618253084   0.006230517167606663  0.0006057751166257652  0.0002039746047435024    0.00906960435315938
                   5000     0.0131498603349951   0.003904648957361919  0.0006056195232434124  0.0002039210635116948      55.79866943498486
                   5000    0.01152756626481783    0.00713715913115048  0.0006049426887954469   0.000203749369065448   0.001566453849569507
                   5000    0.01083466746678994   0.003233363723915748   0.000603966492639487  0.0002037677780651235      2.476922776834654
                   5000   0.007670811028546707   0.006111007499260826   0.000603751286672155  0.0002038400960626445   0.002210673306404844
                   5000    0.01241285409660646  -0.001918129365652023  0.0006027976887264123  0.0002037878765201502      1.533495865367794
                   5000   0.006093295984122082   0.004832703370060892  0.0006023875410788641  0.0002037729426436831   0.005071330086878078
                   5000    0.02578622237180872   0.003535443405443994   0.000602287129816306   0.000203740103816684     0.6929026077556929
                   5000    0.02697306243398117   0.002064980617535663  0.0006016263833729566  0.0002037346093503679    0.04151107465821051
                   5000      0.020573271479744  9.666265639128662e-05  0.0006002175741615163  0.0002033885707416844      19.28920318797871
                   5000    0.01192871781015988   0.003204199695001788   0.000600190604561002   0.000203375601324556      10.13954492934879
                   5000  -0.003747693027397871  -0.001852704774900967  0.0006001491685667984  0.0002033976339091914   0.002542130647963734
                   5000    0.01733431235206288  -0.002157979540260139    0.00060075939364631  0.0002034422185437911     0.7859485254097431
                   5000  -0.004769073375588732   0.001535408419564882  0.0006007745279637403   0.000203466621879182     0.7217282736982544
                   5000    0.02369373373147514   0.005941825155092585  0.0006004830232734226  0.0002034930888575723     0.1566546012948001
                   5000       0.02361206470802   0.005362716031724287  0.0005994922715893663  0.0002034181629657833     0.7219570279062429
                   5000    0.02178615204834332 -0.0001226756776450607  0.0006179890566075392   0.000204666680214484      17.43221653297176
                   5000    0.01908867198531418   0.007960807523662553  0.0006626151612673119  0.0002049322426181637   0.004070157275937699
                   5000    0.01170076227696253   0.004622126704024763  0.0005976735746367384  0.0002034627102443505      13.58695000851349
                   5000    0.01286931678700948   -0.00153509590447062  0.0005972628921748377  0.0002034578454626505      20.49485596418961
                   5000    0.01945922429079561   0.001720357823203089  0.0005971921551678562  0.0002034546107098795       45.7050468425096
                   5000    0.01044734930512517  -0.001254529350973017    0.00059708112210672  0.0002034349088469976       3.00461211329409
                   5000    0.01570158452371403 -0.0001709059551469624  0.0005975246636069791  0.0002033922857379042      169.6595240056813
                   5000     0.0189063518038043  0.0004169180321369393  0.0005973555888710303   0.000203377949524357      42.27038374538737
                   5000     0.0217640764770199  -0.002719723768126454  0.0005969719878377057  0.0002033273247533285    0.00112123124184137
