#! FIELDS time tica_cv1_15 tica_cv2_15 sigma_tica_cv1_15 sigma_tica_cv2_15 height
#! SET action OPES_METAD_state
#! SET biasfactor                       4
#! SET epsilon   5.176336619919723e-10
#! SET kernel_cutoff       6.539381215389747
#! SET compression_threshold                       1
#! SET zed     0.04666525771090279
#! SET sum_weights       9587.924989360605
#! SET sum_weights2       37681.75440241258
#! SET counter  4992
#! SET adaptive_counter  2500000
#! SET sigma0_tica_cv1_15    0.000300599973987472
#! SET av_cv_tica_cv1_15    0.003904864301111419
#! SET av_M2_tica_cv1_15       3.350215103665763
#! SET sigma0_tica_cv2_15    0.002764089947225008
#! SET av_cv_tica_cv2_15  -0.0001110140178899673
#! SET av_M2_tica_cv2_15       42.81963653852293
                  85000 -0.0004557280606292301   0.000369002994685258  0.0003295008391486325   0.002031236822461143      1.608778303095488
                  85000   0.002027048221834042   0.004044840594140505  0.0001810126458752844  0.0006714729740287895      1.040686727407533
                  85000  0.0001199460849635747 -8.511052548667993e-05  0.0003093203599969564   0.001879418862659317      3.518094090564551
                  85000 -0.0002644360751623215   0.002828380134790594  0.0003088289284774634   0.002097963009138956     0.8218993763518991
                  85000   0.003707207986054785 -0.0007452601761804572  0.0002293663175771021  0.0007760915722670708      2103.616398632495
                  85000   0.005477555326753574   0.001047236259899544  0.0001927780800321453  0.0007694889183184276      378.0398552769731
                  85000   0.004082249847639019  -0.002306172057331913  0.0002254812300969378  0.0007621219624056409      2400.020499517577
                  85000   0.001665371941269062  -0.004921661523043237  0.0002098179368547859   0.000725316993436012      2.497958786218112
                  85000   0.003030788748720062  0.0002711761286464613  0.0002235424347562445  0.0007788765476087434      678.2171409694525
                  85000   0.003680713552312091   0.001288225149906783  0.0002151827768532767  0.0007970522365427095      2868.957158065582
                  85000   0.004631783454015248 -0.0004568559349799225   0.000212333773141631  0.0007531989764113412      3148.989870829703
                  85000   0.004385236510309911  -0.008726305157944144  0.0002002989472399847  0.0006662644498595469     0.7427313871763181
                  85000   0.003630723296033121    0.00695127622228888  0.0001949693635129904  0.0006892632414738634      6.855410754094429
                  85000   0.004575896018892231   0.002673298694285058  0.0002001416393228901  0.0007381070250608903      1264.916296366588
                  85000   0.004563453979450252  -0.004388941423687223  0.0001997987864140564  0.0007005778744374292      312.6434783542915
                  85000    0.00372674017480944  -0.004323848606814584  0.0002262260006081506   0.000743616837161614      735.9054905854422
                  85000   0.002670241576789485   -0.00674366787842665   0.000192583108146022  0.0007375214952178143      4.189925678609795
                  85000   0.004776204124857836  -0.004997703996860402  0.0001921663645725056  0.0007185653578012001      130.8507422407939
                  85000   0.004967738431316458 -0.0007173880662037137  0.0002131870022305855  0.0007234683798948507      1877.937108813863
                  85000   0.002138123765022055 -0.0007913353504789221  0.0002157297150256316   0.000780098501903339      73.33307222258519
                  85000    0.00427106517823768   0.004010065094795108  0.0002146690369130964  0.0007273316211647445      656.0309015255373
                  85000   0.005997650198472687   0.001886879129251994  0.0002058931974654627  0.0007069563058889084      22.67362275889789
                  85000   0.004831338768680851  0.0009245779618713814  0.0002121356052260376  0.0007437812673598298      3537.864975494866
                  85000   0.001807533205575319  -0.003899044030303619  0.0002372334621888412  0.0007342471979238015      6.181456665335562
                  85000   0.002302368928926359   0.007756750487562816  0.0001966164923744584  0.0006913546928705097    0.03177700428687017
                  85000   0.004491861739263424   0.008523187889751087  0.0002160901901536169  0.0007022215747579347      1.792342165324724
                  85000   0.004397172279151853  -0.002712312611744882  0.0001993159275613704  0.0007545402289288265      1908.762374163752
                  85000   0.002771033732013207  -0.002945778071703353  0.0002104192029313366  0.0007655299978694283      209.0036604460568
                  85000   0.002935500278914135   0.001454429058601038   0.000221190370719146  0.0007472827423453033      415.5518391512594
                  85000   0.003244353620622354   0.003537815589059483  0.0001996688341672981  0.0007315645682387215      88.57108556056608
                  85000   0.004897079812917835   0.002236333016896427  0.0002026009317245869  0.0007287427499526143      1341.323713632807
                  85000   0.005287333414776291   0.005825074789197445  0.0001963025662361191  0.0006809422830515879      35.79511179923926
                  85000   0.001981622764813786   0.002365282036149489  0.0001949540411829641  0.0007251531044926886      11.99281403163838
                  85000    0.00414944828423644  1.909170095613907e-05  0.0002067390973940837  0.0007530064486455747       2974.42458214408
                  85000   0.004242821101582615   0.002613949383853651  0.0001979277188024025   0.000720559843690141      1678.239261707602
                  85000   0.004838184315137096  -0.002717552012743894   0.000199674710351137  0.0007127009455480429      795.2468402456543
                  85000   0.004664341230310824    -0.0018030168817175  0.0001972455935493512   0.000739145376041758      2627.599413913259
                  85000   0.004927936146621487   0.005053903061682836  0.0002025796339941134  0.0007736126694629043      150.5069365214491
                  85000   0.005016439484548192   0.007557952354683338   0.000187673177872576  0.0006902620751999602       3.58357859788424
                  85000   0.002592140884959048   0.002127086819575078  0.0002182777230794459   0.000712156690810991      81.74192925335913
                  85000   0.003689515326695801   -0.00752793552642996  0.0001880998339647145   0.000715370166260848      5.921247235489865
                  85000   0.005836840804630793  0.0009412974685178414   0.000189059328369353  0.0006886240880066914      55.66780620359551
                  85000   0.005440648212161811   0.004219013677178144  0.0001986874081942519  0.0007373448204737808      64.06030381530364
                  85000   0.005231817916928052   -0.00136409703707627  0.0002083992813767792  0.0007399082371671471      852.0282985114958
                  85000   0.004348316863320195  -0.001298756143708985  0.0001957704787535972  0.0007275830301704247      3508.337891150764
                  85000  0.0007076590046878961   -0.00623814265611651  0.0003025403451443502  0.0008908750928397401     0.0068991237785343
                  85000   0.002348216844201317  -0.006163990399613994  0.0002021629013979665  0.0007204821628602469      4.001018216353214
                  85000   0.003682757852934193  -0.002048315867380445  0.0002175337858517602  0.0007149365618271025      1075.707719031194
                  85000   0.002361264987683363  0.0002290842837306257  0.0002063109825489265  0.0007194385067028318      89.48503645622294
                  85000    0.00296203739719329  -0.001284106365881469  0.0001990173991405071  0.0007368623608609133      774.0113421242218
                  85000    0.00444522162476131   0.001604664284341764   0.000208737846955616  0.0007440607917491387      2514.728808436223
                  85000   0.004205269911007718  -0.004375634795926724  0.0002134446791674346  0.0007659033966330313        663.02765117643
                  85000   0.001326485419596214  -0.001435020132026429   0.000210319538438042  0.0007763469017012279      1.407711674711553
                  85000   0.001812972125419503  0.0007688797745059125  0.0001993631191038889  0.0007793391744396998      11.58606003772485
                  85000   0.002170851181878463  -0.003642266789379124  0.0001951290844487659  0.0006931596572948122      7.877922335620473
                  85000    0.00593338381992759   0.008546729511700209  0.0002204447810578244  0.0007795388324558343    0.04702304317554951
                  85000   0.002625172391812934  -0.001751572396207118  0.0001915422720545547  0.0007135699574379732      107.7878257228681
                  85000   0.004346498690493843  -0.006481761854689837  0.0001947621419504347  0.0007102658702303961      54.67585252977627
                  85000   0.002707576233674034 -0.0005571387306203851  0.0002145181249320537  0.0007401586502459586       337.857320865874
                  85000    0.00555494092628041  -0.003767236185926017  0.0001918441461018405  0.0007179514047321403      37.97892322733436
                  85000   0.004453162153809064  -0.005458922987299917  0.0001934965170023231  0.0007226390287486731      97.27524782205577
                  85000   0.006280929341455983  -0.003960453328056255  0.0001873827982752628  0.0007690950703928861     0.1436660889179855
                  85000   0.004270432418021693   0.006092031863790437  0.0002140963236538334   0.000678263910491052      36.32141232254808
                  85000    0.00510979866666468   0.004229516330228195    0.00019471251718501    0.00072243829530294      167.0414631163754
                  85000    0.00393808849379603  -0.006752761365697743  0.0001916078590822504  0.0006970067401636494      34.61185797185969
                  85000   0.005390128899346583 -0.0005008399732721753  0.0001926360933442935  0.0007193034061527864      616.8854818786119
                  85000   0.002444852730973275   0.009347468235545652  0.0002254669240899396  0.0007227554951336882   0.001559587105748671
                  85000   0.005568796879875239   -0.00205746044713241  0.0001990612644820199   0.000655516917138656      89.34261159513031
                  85000   0.002646926110489547   -0.01815972080735161  0.0002517559635405957  0.0008552464818267218  4.187809620105748e-07
                  85000   0.004673134892175328    0.01012757090126591  0.0001907696641835747  0.0006710322907109661    0.05109293523985667
                  85000   0.002996387940748588   -0.01412847054324604  0.0001840108719193433  0.0006692327436223422  4.394878434230478e-05
                  85000   0.002688885897174878   0.006272162586951316  0.0002135750289443313  0.0006975966573649979      1.792246142056755
                  85000    0.00566555219102283   0.004398976869242558  0.0001885931769373779  0.0007294812689049063      37.43307337510699
                  85000   0.005231109669097028  -0.003758095742794808   0.000194087270510226  0.0007408648831703339      100.1219787332438
                  85000   0.004656050092101065   0.004367563571764157  0.0001981250451574109  0.0007358597086586693      283.9485118157373
                  85000   0.004165590183347188   -0.01928316019684058   0.000248929222928606  0.0008713875458778608  4.156911694192619e-07
                  85000   0.003097026718696331  -0.009382659158886912  0.0002020160094178136  0.0007556665160345003      0.026180505848324
                  85000   0.005952035235222101    0.01101195273890987  0.0002480226234701018  0.0008847095695683478   0.000669046288278687
                  85000   0.003387515885984853  -0.006944338887177546  0.0001983280391284227  0.0007396390170607475      5.917721596083718
                  85000   0.005566838520521203  -0.009808781192588665  0.0002046729225857167  0.0006529622702776213     0.0106775931710471
                  85000   0.002809102592917136  -0.009636563739787917  0.0002043321468900186  0.0006667210478630912    0.04582823157718743
                  85000   0.006536356015834191   0.008516058040367111  0.0001832416968010897  0.0006267724665607484   0.002286191493662252
                  85000   0.005729172316736168  -0.008521949503918139  0.0001718590899677929  0.0006338345236447575   0.006003354246653912
                  85000   0.003240560423659452   -0.00451935716143131  0.0002109199058553856   0.000678053417425841      110.5946460323733
                  85000   0.003730402184831765   0.004739133325300649  0.0001935854659040205  0.0007064890648514593      81.78615873809994
                  85000    0.00495440622753494  -0.004406942683562179   0.000193299457190781  0.0006809831449448308      154.2180546740546
                  85000    0.00225467344300723   0.003714397265444631  0.0001974575740041396      0.000698804370706      6.597735497632056
                  85000   0.003200498769074447  -0.005618263006795114  0.0002134630031560274  0.0006982364963888382      35.45471562752606
                  85000   0.001612898764133122   -0.00273560460705987   0.000207277350634925  0.0007576610031395976      3.279098489421986
                  85000   0.005216212938345564   0.001775948750323054   0.000203378656237825   0.000711470052850061       665.719952632367
                  85000   0.001739501625401058   -0.01588664304385318  0.0002357070294517865  0.0008552107567664943  4.476282517590508e-07
                  85000   0.004834594673331232   0.008677235525666236  0.0001891041161937297  0.0006377687644205297     0.7436015333152322
                  85000   0.005725067197058059   0.007241482021601102  0.0001829616643349109  0.0006654050685296068     0.6591578047644246
                  85000   0.003511241620731056   -0.01682451586106145  0.0002338469731979861  0.0008592280349451869  4.590187171903926e-07
                  85000   0.004086216915476838   0.001686978551671215  0.0001948995491650759  0.0007254703694618945      1653.891352030595
                  85000   0.004456038270059495   0.005465287608942842  0.0001880370214626859  0.0006823549376445164      92.52647591076312
                  85000   0.005011930706804249  -0.006161396537056182  0.0001870522472142748  0.0007165060773855568      9.146031629966885
                  85000   0.003283864884555018    0.00224374654198554  0.0001931832548100094  0.0006772185619912803      299.8841253216022
                  85000   0.002609535290842312  -0.004402290183695342  0.0002032971154795407  0.0006762734562864027      49.70960698049984
                  85000    0.00385134799937707    0.00287712659505949   0.000197611679887047  0.0007455749538191809      923.0097389886845
                  85000   0.003476987545366547   0.005911311604944831  0.0002191964690293533   0.000676843015549673      13.71649531163773
                  85000    0.00328526223707937 -0.0005141059693195211  0.0002053522120841105  0.0006819712370280722      875.0203495614181
                  85000    0.00249241194674556   0.003006630765192687  0.0001887515872478519  0.0007462799692655806      23.56383377594699
                  85000   0.001265746993918392  -0.003261596503035202  0.0001907133159668499   0.000724703202500849     0.6017686286367853
                  85000  0.0009169349052086574   -0.00820600791977481  0.0002138937928045023  0.0007283086272072609   0.003193281194315902
                  85000   0.002605620208272461    0.01136190586201976  0.0002227134021338519  0.0008100842730607766  8.488072536677653e-05
                  85000   0.002643767169285802   0.004308407493186027  0.0001907493437779448  0.0007028399084776262      9.067091700502209
                  85000    0.00536502020641889  -0.002649762747245409  0.0001871257058657867  0.0006675646369707573      112.8364840328042
                  85000   0.003042790965148518   0.004367531693987477  0.0001842391769851872  0.0007197100150696507      52.45298214189496
                  85000   0.006414777353440802 -0.0005144276311789295  0.0001883771461670584  0.0007164113340972712     0.2887505860530066
                  85000    0.00188919919425129   0.005725933266718858  0.0001781789287986109  0.0006746587195061439    0.09155686920312291
                  85000   0.003416533638794524  -0.002831198230736405  0.0001896901313016651  0.0007234633018906011      632.3785861732947
                  85000   0.002988666898703799   0.005790254012070475  0.0001919537283067373  0.0007173215746821946       2.59254927463075
                  85000   0.003082098098809203  -0.002621090620905916  0.0001893660666581148  0.0007055623577950036      260.5406562905063
                  85000   0.005925640264783959 -0.0006947466551150999  0.0001926617979995896  0.0007030910470285736      32.96799378809678
                  85000   0.001219639205396159   -0.01169144880243091  0.0002192554009899391  0.0007853805282956391  7.708410761882236e-07
                  85000     0.0032645558742394    0.00974468372394836  0.0001711613475110723  0.0006607941731145968   0.008441455590772131
                  85000   0.002849133999953673  -0.005128964147610344  0.0002090315605197971  0.0006626223666149282      17.59093246865124
                  85000   0.002915789185895506   -0.01108561289755934  0.0001875021202799491  0.0006770090002896161     0.0163081214226968
                  85000    0.00432803929285773   0.007008452926317505  0.0001903937455479428  0.0007161496680987207      11.41201490874827
                  85000   0.005147066915586377    0.00301131938368939  0.0001839364994654014  0.0007020107930174171      460.6234774719987
                  85000   0.005624845670676253  -0.001061272623083241  0.0001827653382257065  0.0006421892065348691      95.83290716327838
                  85000   0.006229975351540805   0.005227231028932364  0.0001943416649444242  0.0007094968170775642     0.6402682238487234
                  85000   0.003755212312899675  -0.005653458868489638  0.0002103154955865623  0.0007606421684413192      84.37892550768353
                  85000   0.001468412394965669  -0.007343084664095401  0.0001931840006988335  0.0007065898993389649    0.01849715803329306
                  85000   0.003340396075933769  -0.001904666667825379  0.0001939719485763684  0.0007029033018867315      970.1620138296699
                  85000  0.0009908894434216961  -0.001487049408299665  0.0001807732595549971   0.000681005456087787     0.1898991606770749
                  85000   0.006605700946750242  -0.003231280963500424  0.0001816902295777169  0.0006321653492903727    0.03890055806832337
                  85000   0.003653019050419052   0.009052234323989326  0.0001996837656170121  0.0007003973588084236     0.1302162471549422
                  85000   0.005355501609169392  -0.007885263242422651  0.0002084627111505934  0.0007815637224796737    0.09158648586156271
                  85000   0.002937498617323787   0.008359842919513916    0.00018859490507739  0.0006329627482851204    0.04808759185559584
                  85000   0.004174017719177806   0.004940068952049989  0.0001828518441972412  0.0006706263641392558      98.65024943812924
                  85000    0.00482631192947851   0.003371645785763315  0.0001845905830929945  0.0007101742981402504      760.4026929147805
                  85000   0.003887065286079505   0.005706118439803488  0.0001846159853383868  0.0007083033758341661      34.75647978461073
                  85000    0.00522007656889975  0.0004109636020902666  0.0001882922762701341  0.0007264197430190152      788.8177007799968
                  85000   0.006067440227760404   0.006912127099605297  0.0001928605890631193  0.0007367248324251285    0.09042910472612997
                  85000   0.005285777974406181  -0.006041374069977259  0.0001742118631685344  0.0006951584893061605       2.97245029029308
                  85000   0.005897122754355545  -0.002505440658333119  0.0001918444366415593  0.0006888934152671981      18.17666437116974
                  85000   0.003358700333771145   0.004652506119518681  0.0001946676278866247   0.000745773116452074      38.20600221361678
                  85000   0.001799226355615407 -0.0005593167239282334  0.0001928411605289467   0.000657690874000958      14.02547640394903
                  85000    0.00556705910730212   0.002136654980622963  0.0001898619424142449  0.0006975502582298723      202.7540154567429
                  85000    0.00316881722508371   -0.01216694641820345    0.00021049358436911  0.0007680077291315603  0.0006814975068855048
                  85000   0.004715880802354491  -0.006162097727182785  0.0001848546934338891  0.0007079216281660866      29.38172713576081
                  85000   0.005386550677902589   0.008701889940998039  0.0001851893901699544  0.0006771469118709467     0.3200932795059662
                  85000   0.004162165738761557  -0.005552250471998069  0.0001852529486041512  0.0007023016820801241      135.2662884774776
                  85000   0.001367590361964805  -0.008444357504121203  0.0002080387916604676  0.0007595117917486065    0.00187274102087366
                  85000   0.004463662246513483  0.0004864485893177482   0.000186220665137985  0.0006881874366665638        2806.0711523245
                  85000   0.001536382974603678  0.0001162471947923133  0.0001946771263251724  0.0006240516299954455      5.311659924068252
                  85000    0.00416575457645723   -0.01215177913279106  0.0001777594070600573  0.0006568591531935224   0.002699028464038493
                  85000   0.001777721692254466   0.007469241459789121  0.0001895109220781995  0.0007176231117160418   0.006980606134739085
                  85000   0.003831540402486555  -0.009270824037693954  0.0001795555412175012  0.0007030550524442505     0.2307855640613151
                  85000   0.002186236863916242  -0.009528712465817935  0.0001973478899395164  0.0007884138307593422   0.002640206090937011
                  85000   0.005347793750098384    0.01104381120889929  0.0002050341018165624  0.0007467809121238073  0.0008596542153500728
                  85000   0.003533070984439023   0.002673439714618481  0.0001879753894181733  0.0006851131370570447      487.9401475872874
                  85000   0.006030575337777438   0.007762720419198285  0.0001930608482000989  0.0006867870556772828     0.1543472430323518
                  85000   0.001999373865345733   0.006650055043833751  0.0001768706000655645  0.0006710741402641538    0.07135933333687336
                  85000    0.00358763057285513   0.009871082246597924  0.0002000798438838423  0.0006993479534968925    0.03505228352532437
                  85000   0.003398309014654914  -0.009643569602896329  0.0001773314087344982  0.0006589669990157197     0.3128681361554611
                  85000   0.003302100677242081    0.00690255721307759  0.0002113822868051092  0.0006831597094765211      2.519764510550348
                  85000   0.004884240627849886  -0.007090266009505924  0.0001912195050496069   0.000662272678423753      2.682878608934198
                  85000   0.005768268693796004     -0.012085731541335  0.0001995224281734888  0.0007372829013667127  3.694970497362991e-05
                  85000   0.004178877645986958  -0.009425731913200307  0.0001752859007788015  0.0006638384549063915     0.3125075285610538
                  85000   0.006044619003961259   0.005651900266031794  0.0001676679431522705  0.0006298476500626684      1.300821177761147
                  85000    0.00393143908588249  -0.003334347883573716  0.0001964473582783939  0.0006765285806120351      1187.173976057823
                  85000   0.005295372247456949  -0.004798377644790679  0.0001970428817332636  0.0006958237184132573      28.40139970253253
                  85000   0.003849369667201584  0.0002234534977856823  0.0001973727417463732  0.0007073187595811126      1563.239838031049
                  85000   0.001869142273261252  -0.007246387759080263  0.0001895488093581587  0.0007267419445403167     0.2692059567462268
                  85000   0.003298057341738036   0.001152923245571247  0.0001849981696036746  0.0006915533206877815      522.2102608244603
                  85000   0.004094086058855913   0.007957725165282955  0.0001773802511235912  0.0006575240033057111      1.311675392172412
                  85000   0.003081361001565866  -0.007701666349413135  0.0001775277557956651  0.0006652615157550088       1.37291804868178
                  85000   0.004682391181503515   0.006123011353137209  0.0001869897285823327  0.0007070815358932872      84.47502636758915
                  85000   0.002111244515523741  -0.005039924596340926  0.0001832902840947814  0.0006986346442642462      2.383127672311002
                  85000   0.002347844927450749   0.005791115521169867  0.0001901330303154183  0.0007222674111744304     0.5122562880816064
                  85000   0.003469862854706032  -0.008559984496135301  0.0001800674418994736  0.0006592691968847884      1.018011670807817
                  85000   0.004776882840769881  -0.009894772216010664  0.0001845632652582925  0.0006231386201712491    0.06939224405016589
                  85000   0.003599961908131045    0.01220160174079103  0.0001956786312902164  0.0007251030142900556  0.0005151817516079193
                  85000   0.005048175230033784   0.006098418530236177  0.0001820326455951848   0.000671833843845493      15.32528832945655
                  85000   0.006988127434884411 -4.637921484737369e-05  0.0001937827167100508  0.0007255107998615778   0.002185662660841597
                  85000   0.002326463546154606  -0.007032398055661138  0.0001877213784663244  0.0007137991943564671      1.364285519743883
                  85000   0.005319823590296353   0.007734640283835485  0.0001799486855083498  0.0006612354570375351      1.256939520116753
                  85000   0.006205763182634546    0.01404720454208777  0.0001928725888279264  0.0007216408480831123  6.532863465599387e-06
                  85000   0.003638608161814419   0.003540075684889682  0.0001845236455607469  0.0006793174078870009      175.2720118865337
                  85000   0.005468697373914757   0.003315633032859526  0.0001846505156317174  0.0006653147296850879      117.0457414754487
                  85000   0.004697354097317752  -0.003407327603465472  0.0001885267224965254  0.0006689143804802539      506.5923178797154
                  85000    0.00511961243289044  -0.002849148350424542    0.00018461970774607  0.0006498008118530223      216.0070943458982
                  85000   0.001941887457377411  -0.002851302492879383    0.00018460438419901  0.0006758730073808552      4.917994209472333
                  85000  0.0009800928097622008   -0.02377231470935581  0.0001914404498262471  0.0007139163607499627  6.597462836894902e-07
                  85000   0.006449133778718621   0.005723398398375726  0.0001792822936353003  0.0006882913507065878     0.2169830388319038
                  85000   0.002121928309847305   0.001125636238518666  0.0001905260842746074  0.0007223845181258377      14.03156427917966
                  85000    0.00248813962544739   0.001153219319507558  0.0001868531902565692  0.0006543904183911558      71.21517633614562
                  85000   0.005308935246738385   0.004977997940811608  0.0001879833839337084  0.0006408843568174691      48.22828593469548
                  85000   0.005920182717584399  -0.007949661307471594  0.0001794241603681533  0.0006417207523403566   0.006326989247391821
                  85000   0.003216196744507665  -0.008509573842790294  0.0001830221338577731  0.0006756706293968634     0.1876305229003139
                  85000  0.0005277337377072603  -0.008023499088778675  0.0001886462441321166  0.0007091546211032782   0.001290417283332477
                  85000    0.00253426952773935   -0.01062734909896676  0.0001770422586045666  0.0006053090046025145   0.006154312479342917
                  85000   0.005076652469110333  -0.008925958861259162  0.0001804513616820065  0.0006776793728669157    0.06060353443044576
                  85000  0.0001685030243789163   -0.00995702195880886  0.0001883161261407085  0.0007062004643090372  3.245403217383221e-05
                  85000   0.002857944046584812   0.002888473772227707  0.0001842863276020212  0.0007382190319375232      73.02341435813049
                  85000    0.00225953683093816  -0.001970243484985442  0.0001941256538226418  0.0007282288908774621      48.79025203640903
                  85000   0.004687578177994149  -0.008062765906570948  0.0001792426188542903  0.0007003362679366353      1.893642965853687
                  85000   0.002933406729967267  -0.004120031725449563  0.0001780239162668342  0.0007341199567735886      54.38622741227634
                  85000  0.0007479219448648289  -0.005328207102819886  0.0001886589560051713  0.0007026467531253034   0.007630022924141495
                  85000  0.0007011306332093918  0.0001255434899967427  0.0001887590838790804  0.0007026095691229209     0.1103323362660185
                  85000   0.006238284674379004   0.001162483944826872   0.000184138273219185  0.0006480149460034468       2.75512715639981
                  85000   0.006998467826981574   0.002757200143609043  0.0001890496668956559  0.0007023730900418576   0.008372326124163816
                  85000   0.004367670952844876    0.01312952632522868    0.00018938893230951  0.0007019471668997107    7.0395737001839e-06
                  85000   0.004933989296795587  9.502704176493986e-05   0.000186338669546183  0.0006475013637691902      1199.849145172513
                  85000   0.003343964647122718    0.01434087955848948  0.0001895088403559816  0.0007016700883008477   1.13179187098183e-05
                  85000   0.001703058314125231    0.00423189567807471  0.0001778759150294437  0.0006758677207218995     0.6981581467468162
                  85000   0.004020075453805927  -0.001225399699778241  0.0001833911591990245  0.0006870100792860183      1782.613956394945
                  85000   0.001533755246131457   0.007128510731618087  0.0001758877383839192  0.0006909068443809594    0.02057286773718451
                  85000   0.006104752196704112  -0.009620087471198718  0.0001892894644619934  0.0006981565546019089  0.0003568260042464259
                  85000  0.0004047285156548779   -0.01091882110029204  0.0001893633715651281  0.0006976585313985891  2.066968402161987e-05
                  85000   0.004011846803770164   0.006826106840696682  0.0001917207647559949  0.0006601753270213546        7.1099597285202
                  85000   0.003493173180133767  0.0003616546223887702  0.0001825336678987627  0.0006668747856968602      987.6531093255248
                  85000   0.002466513095559093     0.0103036131803754  0.0001889968024166136   0.000683970550154045  0.0008498864419453408
                  85000   0.005584891640685467   0.006460351818342804  0.0001772649156741699  0.0006429501303956627      3.338056971665392
                  85000   0.002971420220008282  -0.005886344281370116  0.0001870509405964463  0.0006912690537657287      6.197722561858741
                  85000  0.0008909142556211574  -0.002864263226372463  0.0001813468188212917  0.0007143286411166978    0.08215512437551366
                  85000   0.005602541355178916  0.0002171959448160386  0.0001951184525055347  0.0006648365181175608      108.2948667232832
                  85000   0.000724731273827869  -0.004134256211707505  0.0001884009918584114  0.0006856572072891355     0.0215292702812809
                  85000   0.002580586671967585   0.005405936516624922  0.0001929481963403564  0.0006675579765356127      3.216506552159535
                  85000   0.002097260784767396   -0.02368866079314074  0.0001884382460032035  0.0006866078689810057  6.969157438895662e-07
                  85000   0.005124588258534394    0.01853804904773233  0.0001880785759278183  0.0006826757895054066  7.022700775685061e-07
                  85000   0.001423327920497025   0.001024171623862852  0.0001854373001935161  0.0006717970597436195      1.795025409560762
                  85000   0.001175684429088112  5.734701677381929e-05  0.0001885725105178545  0.0006347466900662673     0.7007788493322666
                  85000   0.001004466341129057   0.001851213676037456  0.0001983725083849567  0.0006618938826146032     0.2550556582836188
                  85000   0.006022954127327217  -0.003336517171064378  0.0001692001986825564  0.0006608221376527489     0.8340200760267216
                  85000   0.006768789144336389   0.002968637562092179   0.000183961869168069  0.0006628997892172967    0.05046458473971331
                  85000   0.001033005241291834   0.006065116327395429   0.000172566800890405  0.0006300851889991148   0.007346624334526377
                  85000  0.0009663627368497043  -0.005239141695302116  0.0001884243819826954  0.0006789153248991277   0.009939841093072013
                  85000   0.005968442752223335   0.004705475912468732  0.0001805887265355966  0.0006454884657408799      8.407278146804325
                  85000   0.004487746105232278   -0.01077622735604263  0.0001766425242860233  0.0006191036635456187    0.01678107844424192
                  85000   0.006214093053300613   0.004001154005107571  0.0001875737794559643  0.0006771187675802431     0.1732861077592687
                  85000  0.0007992157036349211 -0.0004807329190009188  0.0001902459306515966  0.0006551502740950575     0.1667377495503508
                  85000   0.005178406025187445  -0.007077852315155557  0.0001764276121984412  0.0006497186503141345      1.006709938163903
                  85000   0.004976259999779725  -0.001771784827994835  0.0001824902643805861  0.0006700199667722597      900.2928487339738
                  85000   0.003937079013427306   0.004030161679004803  0.0001896549253348446  0.0006478062194641937      153.9955747486611
                  85000   0.006062615249494726  0.0004530766251459619  0.0001813330059756983  0.0006264255338699786      6.238571540252438
                  85000   0.001396477142196737  -0.005233516735489673  0.0001803909588785207  0.0006424027665296283     0.1993288142700099
                  85000   0.004620566105212895  -0.009221379097361201  0.0001841617128027971  0.0006172499539812408     0.2699280225956766
                  85000   0.006289890954340418  -0.004864698675803134  0.0001736723276192341  0.0006279017696831259    0.04652580076735653
                  85000   0.001855322761283245   0.003335273115064004  0.0001739544425845874  0.0006235001879813509     0.9490163807293073
                  85000   0.001698715790678585  -0.006300418397185194   0.000192305673643243  0.0006478770100592679     0.2787446381836107
                  85000   0.006571783850031316   0.002268622501064623  0.0001802715586455186   0.000643870040462509     0.2438952081587736
                  85000   0.005602387138529299  -0.005868900242370232   0.000188273502675854   0.000685545323381814      2.550104873343709
                  85000   0.002967786692441849   -0.01190328348181813  0.0001818741945543077  0.0006583301879663102   0.002349302171487955
                  85000   0.002883146797985248  -0.008458533199222552  0.0001722246794040578  0.0006640216333756583     0.2820170433690818
                  85000   0.006756930270280854  -0.008425243906978321  0.0001812962874172572  0.0006561253620504889  4.197278373283732e-06
                  85000   0.001961847295946863   -0.01059654028115036  0.0001814640287460132  0.0006554374906311928  0.0005603680645302413
                  85000   0.002135240682801797  -0.007312593915565959  0.0001690999377865019  0.0006098736363854108      0.230802230526014
                  85000   0.003855203972299943   -0.01102974003532722  0.0001794570253898292  0.0006882970511685854   0.009795438022949382
                  85000   0.002848099416535563   0.006862286840432463  0.0001814994153818974  0.0006108788529181052     0.3673786792550398
                  85000   0.003634704000244795  -0.006549282056144879  0.0001707935648327973  0.0006557880618014184      23.12276343152895
                  85000   0.004203031201229997  0.0009832550559313276  0.0001834531789515809  0.0006414263223012699      1115.367474290397
                  85000  0.0008542963357173292    -0.0144219196318432  0.0001811878847808423  0.0006535421753499368   7.64605318983993e-07
                  85000   0.004121750549054989     0.0127296371676402  0.0001810477555351617   0.000653983738469739  3.241541885011129e-05
                  85000   0.002580926049744251  -0.008025066922299998  0.0001800779529651748  0.0006655247741909723     0.2343299208184395
                  85000   0.002280677214404381   0.002723984861820105  0.0001842364193176749  0.0006308323094022084      20.79152121105312
                  85000   0.002368901635160837  -0.005120474351250325  0.0001815303838817074  0.0006971175997096328      6.817708785790492
                  85000    0.00516889290388959    0.01163384284924028  0.0001660261753797179  0.0006084372940101908   0.002148251160402034
                  85000   0.003370625818013527   -0.01059777280150889   0.000178897824012326  0.0006544278082010699     0.0317702954301867
                  85000   0.005577997864245904  -0.004967763281948348  0.0001925257385547593  0.0006239166704248286      6.527801201807447
                  85000   0.003189867970256159   -0.00360955647478626  0.0001817547930344477  0.0006444442611804733      96.69300131766406
                  85000   0.001051378502993387  -0.004325047546936705  0.0001808441016512959   0.000635573403823954     0.1496961653699001
                  85000   0.001954213764935375  -0.004581720556716447  0.0001716992921890381  0.0006221688532021167      3.584006304625484
                  85000   0.001860813219305018  -0.009704107833343297  0.0001725194121230317  0.0005982142749473578   0.009221605894195475
                  85000   0.003682467681848676  -0.003056377457262032  0.0001838331903258461  0.0006574362222317872      554.9095502888903
                  85000   0.006437154260769496   0.003046581640996032  0.0001778685133266754  0.0006425265133273005     0.1345792001982804
                  85000   0.004195614016650026  -0.008042355269000826  0.0001697085180267967  0.0006491303224610421      1.951733430784608
                  85000   0.003911384980716657   0.008050683737909311  0.0001687181344026006   0.000684091646088111      1.309522695999504
                  85000   0.001058325604933613   0.005246210132050982  0.0001772679782829764  0.0006435798192343163  0.0009282488355743539
                  85000   0.005941742034554972  -0.006800859981088588   0.000179786897344826  0.0006318912243747813    0.03534018575948761
                  85000   0.001444997101009952   -0.00943958179980631  0.0001701914996836342  0.0006219553077374827   0.001882705995331601
                  85000   0.005076627051732571   0.009694449034251491  0.0001770594506505729  0.0006434574557136579    0.01486473873848679
                  85000   0.005105702928123592    0.01056136210447865  0.0001770623702429014  0.0006439081949326024   0.005397922891712808
                  85000   0.004504031706364453  -0.009858465277162285  0.0001691023832626319  0.0006522792854209373    0.05797016424262849
                  85000   0.002412036859073573  -0.003654306796433875   0.000174632175755072  0.0006397718827578646      21.85493920906667
                  85000   0.001529483316378342   0.003494132107971662  0.0001716543133196419  0.0006404324738192631     0.2558789878202016
                  85000   0.001308493367497427   0.003453800273529175  0.0001717071575150347  0.0006199832517587855    0.09975065681340917
                  85000   0.006765501182663908   0.006547365877294307  0.0001761623299065817  0.0006431915302813665   0.005346709153194023
                  85000   0.005691987930093999    0.01328100203069596  0.0001765293931519679  0.0006424631343482202  3.457342143912022e-05
                  85000   0.001059888124670497   0.004145679087783846  0.0001741190461767612  0.0006726960924568603    0.02816786116573668
                  85000   0.002962951809895511  -0.007044528262304017  0.0001783077586033456  0.0006378701478118893       3.17755621587401
                  85000   0.003477765372303096    0.01160001806779371   0.000176116570985931   0.000640697006049773  0.0008726791775730752
                  85000    0.00530034385274893   0.006879704137264674  0.0001821318014947355  0.0006266238652815128      3.466378980767439
                  85000   0.003506259432518571  -0.005075015618676049  0.0001758611155723681  0.0006424282152698596      63.97656780422859
                  85000   0.002794393517781966   -0.01414334218038215  0.0001749341331702329  0.0006390369743950022  5.696044143161091e-05
                  85000   0.004506599498017356   0.003495788303195287  0.0001745118330679551  0.0006304921586753268      251.0564787506333
                  85000   0.006712603830964034  -0.006801982660263922   0.000174129845315456   0.000637310642854762  6.526317157632402e-05
                  85000   0.001949263538384676    0.01123072016090327  0.0001733534266573496  0.0006336375226229824   4.07894498771382e-05
                  85000   0.004224044010939286  -0.007060434539792416  0.0001718916070486028  0.0007016179245122613      10.18634807462061
                  85000   0.001616781306103737   0.005441275499000544  0.0001730155490966371   0.000632784034667142    0.02062981839638841
                  85000   0.005855321928088668    0.00930005099740939  0.0001730644904215145  0.0006331486369735065     0.0134990191603676
                  85000    0.00307635327164173   -0.02755273415065324  0.0001730591116313214  0.0006354498629687371  8.199403009405562e-07
                  85000   0.005662762566563166  -0.002982807439977875  0.0001784901392900304  0.0006220678794214423      21.70695031164514
                  85000   0.001624993865608952   0.002876715780136603  0.0001720667366423926   0.000625813863168835      0.405376734261371
                  85000   0.001355472303296069   0.008822165084278114  0.0001729099737404979   0.000635764808796081  0.0002849693152861656
                  85000   0.004223944953740484   0.008680448376429371  0.0001669499070445517   0.000597684781589396      0.371246752144039
                  85000   0.002268329016478132   -0.01193187056246172  0.0001725029730797974  0.0006359253531647504  0.0002892597828028707
                  85000   0.004652038383800431   -0.01147928401202135  0.0001723570999287567  0.0006362755958566271    0.00167737269215682
                  85000   0.003633461573038923    0.01346745439950824  0.0001721668724569568  0.0006365273371903207   0.000141749503478861
                  85000   0.001436458808036396   0.002584182407235672  0.0001845405155509064   0.000593552912437569      1.029758525670255
                  85000   0.001714145183120356    0.00662795600370027  0.0001703309340181732  0.0005994617664041335    0.02147619585498484
                  85000   0.004053259732544032  -0.007578184881784535  0.0001720221109859794   0.000654323093132968      1.659776418756913
                  85000     0.0028530044178282    0.01067321640660751  0.0001703249516017509  0.0006326468337634921  0.0002837351261313799
                  85000   0.001704687539367494   0.001986208959237369  0.0001796713096757325  0.0006460152171857081      4.719682188451249
                  85000   0.002229824429414916    0.01225194210955663  0.0001673352954457079  0.0006300872375511439   9.40260043403316e-05
                  85000   0.005850996474051885    0.00571016346235967  0.0001672153953087144  0.0006738101480892437      1.755022459920724
                  85000   0.005858224076325459  -0.005821413276407627  0.0001748456033807861  0.0006085847110950176     0.2620504071811318
                  85000   0.003051902393802064    0.01368305953986118  0.0001698249840969899  0.0006287318960786155   1.20268220889608e-05
                  85000   0.001919370584068134   -0.00163858106720321  0.0001838623257555399  0.0006409399852852291      10.58979023491222
                  85000   0.002350873553010451   0.004728607619148177   0.000175538928296155  0.0006183662756466734      1.558114085896758
                  85000   0.005952955453960513   0.003993926796519503  0.0001682631836235786  0.0006684950957870263      3.693926750658274
                  85000   0.001151248997457585 -0.0008543450603103257  0.0001678259059849093  0.0006010185943259848     0.4618643884756863
                  85000   0.001343851232203787   0.005025838689848094  0.0001705369371899089  0.0006379874189747519    0.04278204724381935
                  85000   0.005750196688608764    0.00325443972498954  0.0001692844935580464  0.0006263015220494984      2.413769360681084
                  85000   0.000800706897637822    0.00287508315893222  0.0001644554770677886  0.0006237109189057558    0.07556191794060095
                  85000   0.005036575557537898  -0.008157166730756669  0.0001688716080277608   0.000624950906720442       0.14144787238426
                  85000   0.005410288361606027    0.00956519788898311  0.0001681397580880348  0.0006212191194218271     0.0158604505281624
                  85000   0.003492891129513642  -0.003819742253427008  0.0001766467177867373  0.0006499344036245199      214.7012297748431
                  85000   0.005123377602577375   0.008630049547404513  0.0001664559703603885  0.0006090187873018836      0.207706705858594
                  85000   0.004651433132233308   0.001779086044592612  0.0001704030291785649  0.0006543503043272508      652.5122665733571
                  85000   0.007360790183078215  -0.001864723022103584  0.0001678776699820146  0.0006198988156927318  2.999902361682644e-05
                  85000   0.005123280766527424   -0.01036681814702911  0.0001679042669271983  0.0006193594691533421   0.004520921524122481
                  85000   0.005891430789821157     0.0187586236042592  0.0001677366140418761  0.0006173567853179068  8.714684051233407e-07
                  85000    0.00054812550234649   0.004084903545101149  0.0001672434171021383  0.0006153641726926521    0.02417985403305528
                  85000   0.003436369260852425  -0.006158200147543033  0.0001717730110874438  0.0006019570985757233      8.063210104084916
                  85000   0.004297846808033329   -0.01418896762591915  0.0001666306071756124  0.0006132455204781245  2.992311443689061e-05
                  85000    0.00448595573396569   0.009800152470781445  0.0001701794042247666  0.0005982656039809793     0.1028577079996387
                  85000   0.005156648194882772   -0.00541785695666361  0.0001735866914501374  0.0006147850177846014      14.22264389590146
                  85000   0.001924520107633261     0.0105143786531826  0.0001665354178599872  0.0006123976561245068  8.862931264439692e-05
                  85000   0.001027073350682873   -0.01033421483496232  0.0001665212711172351  0.0006117271364986846  7.216478271384322e-05
                  85000   0.006334561138783789    0.02095321318255141  0.0001665400866579683  0.0006121687552157549  8.846471527310378e-07
                  85000   0.002925311159094115   0.009930743631517327   0.000166208149123295  0.0006116621338724273   0.001005059519864675
                  85000   0.004599816644943404  -0.007037669890190223  0.0001662592791610538  0.0006117497168806387      1.539595404450433
                  85000    0.00239134378613967   -0.00128668221765552  0.0001647171695981035  0.0006511984513566212      19.09032885610574
                  85000   0.003070404326410123   0.007450338789383991  0.0001659661115556382   0.000610133898451789     0.1449651902189329
                  85000   0.006791847887404086  -0.002378133813027723  0.0001658781017404089  0.0006091005490241961   0.002301228467527945
                  85000   0.002490875705559118  -0.009914439855227575  0.0001763778679681777  0.0005992664428766556    0.01972363174214974
                  85000   0.002250951511395434   0.001909718002954824  0.0001777707725167606  0.0006346441040046125      6.074526571236519
                  85000   0.004308925205912087   -0.01016071881046591  0.0001770369556310744  0.0005851832529087906    0.06544719393163706
                  85000   0.003563855235788057    0.01525727111557257   0.000181262180707611  0.0006087784192132686  3.586083324542894e-05
                  85000   0.001894126084897549   0.004965338826850538  0.0001830976890056232  0.0006007207744243247     0.2769553104248333
                  85000   0.002523801977818677   0.008079153785532108  0.0001662700832548581  0.0006364513846280636    0.03600429814323707
                  85000    0.00346326266305559   0.007782490372668899  0.0001657027624394505   0.000604802307618877     0.2220143107151868
                  85000   0.001065293033497168  -0.005823801222954077  0.0001656482684363353  0.0006044036476705117    0.01088474573326257
                  85000   0.001351513844916507   0.005852245030155659  0.0001656111924211436  0.0006034558380957179   0.006630640856665352
                  85000   0.002777643336350002  -0.003892513930905577  0.0001632138951230414  0.0005967285961044739      8.890789576002303
                  85000   0.005431403558101634    -0.0087691921702229  0.0001770427918170787  0.0005899987039872743    0.05252911706653778
                  85000   0.004976786406830486   -0.00357217579585694  0.0001693618210807152  0.0006180264119227016      52.04519441796474
                  85000   0.003102594613359146   0.009260283005425994  0.0001652133423332003  0.0006003719417443412   0.006966327109100608
                  85000   0.004463531754431642   -0.01181004481245649  0.0001652284314796606   0.000600395455085842   0.001694364616809945
                  85000   0.004268181990608268   0.009840314652025117   0.000172385926378396   0.000586854506448814    0.07037819952268809
                  85000    0.00538651235395072   -0.01170247167716078   0.000164214721946188  0.0005923272554332123  0.0006210320165262622
                  85000   0.002582635905894226  0.0005644755319108284  0.0001613407064447961  0.0006099510872908141      14.52631981459252
                  85000   0.006305564042934256  -0.005718164766734155  0.0001673736143921387  0.0005799207949466877    0.01963292526316844
                  85000   0.002150960794319585  -0.006548119955764812  0.0001642559861370405  0.0005978728442734728     0.2258197890733802
                  85000    0.00452814892463839   0.007199549178395862  0.0001627914174468472  0.0005846608316644622      2.462493654067472
                  85000     0.0076164080272062   0.007342171672747261   0.000163956096781029  0.0005952574509466178  1.003081158754876e-06
                  85000   0.002899093886360226   0.009261867528905711   0.000164938874759754  0.0005806492314656994    0.01554706232722654
                  85000    0.00593772766869248   -0.00507172977207131  0.0001633938548357252  0.0006136189226991722     0.4005361016606892
                  85000   0.002165761095627745  -0.002848866380465855  0.0001745259257140535   0.000580843961724681      6.206964686807249
                  85000   0.001240337587725778   -0.01383308070327745  0.0001638053207329335  0.0005935553881318456  1.190553073802561e-06
                  85000   0.002625678426517524   0.006963494092541119  0.0001638078754809456  0.0005936137030382649     0.1428191131215619
                  85000   0.007149242570489592  -0.001221855804410892  0.0001637964524095645  0.0005918804270834265  0.0003730629737082855
                  85000   0.003055729619994079   0.002305473851057416  0.0001639045293373463  0.0006262777734720158      80.24689743069209
                  85000   0.001547190244659259  -0.005855226440599002  0.0001637131420234076    0.00059105576266283     0.1172958323897789
                  85000   0.006093792522849439  -0.002125383607044323  0.0001624735691884695  0.0005812273782023578      1.464357763399127
                  85000   0.003984415241137628   0.004783476582199509  0.0001627562827362846  0.0005779369290086736      32.06383369053249
                  85000   0.006421703532046288  0.0003477881683198045  0.0001632674677531588  0.0005875711820728413     0.1739010501704996
                  85000   0.003894395635573286   0.001101363715072914  0.0001685917213684794  0.0005984012272651039      288.4263029548322
                  85000   0.002019750834332084   0.003410816896769493  0.0001629737090024955  0.0005866802117926424     0.6383081611560243
                  85000    0.00383253170057888   -0.01184980904251088  0.0001629096813242133  0.0005865867640654282   0.002158708022706092
                  85000    0.00373616508526697   -0.01525575335937386  0.0001627782434871488   0.000586216421193857  1.247061162348797e-06
                  85000    0.00425566110765908  -0.003402332403442054   0.000162503458411485  0.0005854877568919688      29.90806645855733
                  85000   0.002722933838127898   0.008804450832958615  0.0001712108931500026  0.0005819144340474336    0.01742111904469137
                  85000   0.005488420790652141   0.005489075476754176  0.0001622067346770798  0.0005843982854934381      2.328954859392675
                  85000    0.00242491839901703   0.006777303092145993   0.000161949850059957  0.0005931990332523713     0.3648910671744146
                  85000   0.002065429521724946  0.0001811660772072042  0.0001813440120372245  0.0005924917224691106      7.584087872154614
                  85000   0.003198658316751559  -0.006507608293756822  0.0001723081766494652  0.0005822249687487285      3.646546031424822
                  85000   0.005827062869157146  -0.003529293688342645  0.0001627108438365803  0.0006019746224251573      2.107022185898351
                  85000   0.002508756409553154   -0.00263474684784096  0.0001757822149316183  0.0005905846487401481      26.26553392467565
                  85000  0.0008788849345169856   0.003675662585460597  0.0001616183560274276  0.0005820784082679617    0.01204798542388983
                  85000   0.001526929306510476  -0.003737909200622973  0.0001617782551619702  0.0005809524797544166     0.3386483503545228
                  85000    0.00112810466214724   0.002700839994136089  0.0001616654066410003  0.0005804578855282129    0.04576896801798186
                  85000    0.00158134796956538 -0.0007508084106610276  0.0001647407153541362  0.0006400512516199159      1.635287215540404
                  85000   0.006347471175163235  -0.002578085231576363  0.0001621853537911574  0.0005726265335798693     0.2676413948786023
                  85000   0.004844920378730195   0.006988494159547685  0.0001629018547332592   0.000576267165205716      2.793429501561218
                  85000   0.001770455866003707  -0.008473489575394682  0.0001612012234293641  0.0005775973124890996    0.01218897661306069
                  85000   0.005275090707332133   0.003590197813087937  0.0001611132634756519  0.0005723168905299009      32.48658556853929
                  85000   0.006246580617249117   0.003321858981562088   0.000160137694988837  0.0005709469693545141     0.4248531065340689
                  85000   0.005780734943689469  -0.004161434081194424  0.0001607827635139968  0.0005953566039847391      2.116507316120629
                  85000   0.005699239548684737  -0.007844972400707967  0.0001610584649117496  0.0005766983743547351    0.01543363910302401
                  85000  0.0009555670592839527  0.0007570473240931479  0.0001675857626773314   0.000593828511945263     0.1277712491972621
                  85000    0.00125645609910981  -0.002516790747432103    0.00016220262078239  0.0005951639172415454     0.3038672203180437
                  85000   0.005816886727102935   0.002235469281997293  0.0001608381419361984  0.0006046113634432584      10.96947326189447
                  85000   0.003980306161756981  -0.004808818276470022  0.0001672882828443615  0.0005932438424970683      60.67704003285006
                  85000   0.005527314232234537   0.007458691055398154  0.0001611354927592968  0.0005755938099905984     0.2647992385528649
                  85000    0.00231983765804328  -0.004413747275081727  0.0001598808120843904   0.000606511084830199      2.982322224324432
                  85000   0.005141625061022705    0.01466863888588407  0.0001611667459099992  0.0005756514778920602  1.239603242016882e-06
                  85000   0.006142311229209457  -0.000189249995949547  0.0001659151094356129  0.0005731790630678937      1.867460953536369
                  85000   0.002141628847347813   0.005669464116583607  0.0001612726823863904  0.0005983941949761011     0.3491290895041638
                  85000   0.002169508806637653   0.004847985556601111  0.0001611387349823645  0.0005757630906377699     0.2686121952542689
                  85000    0.00211689129705585  -0.008262938598189542  0.0001611081163189541  0.0005754535739545155    0.04277549877266407
                  85000   0.004050818137484637   0.003211612215444336  0.0001604419382684817   0.000599062157407568      50.88599702036289
                  85000   0.003319827324075465   0.008778310556843312  0.0001607541513006286  0.0005735993941157364    0.03028556359074995
                  85000   0.006634883905657352    0.01032783758404592  0.0001605633011699527  0.0005722563684461899  7.014701777226751e-05
                  85000   0.002475992415092917  -0.008743929378374045  0.0001604553843475694  0.0005719751192796865    0.03510658615818765
                  85000   0.004894317602172815   0.009649073710205236  0.0001604252278459926  0.0005710742782834065    0.04334584303321996
                  85000   0.001232877615381967  -0.005524950263592394  0.0001604540021053277  0.0005710919066417548    0.05141742472245985
                  85000   0.004000466267198017   0.009484325315710987  0.0001604665301415639  0.0005708861103001588    0.04435124300617742
                  85000   0.002168779850807931   0.008314767315475287  0.0001604131264906386  0.0005706010687775297   0.006716068021777606
                  85000   0.002873904555159876   0.005060468656990114  0.0001601023959230614   0.000570125135416531      1.171024201778851
                  85000   0.003510523958597166   0.004126601939453572  0.0001637380582601521  0.0005853302188451883      20.76292285131104
                  85000   0.005949202440963097   0.002882165607615776  0.0001744261286891103  0.0005680627323716792      2.773714003965694
                  85000   0.005862975144805505   -0.00174266469579886  0.0001597145948459468  0.0005688102119467752      2.365022873557306
                  85000   0.005637080972487351    0.01138642714425629   0.000159592793325878  0.0005684897374897182   0.000501680672493211
                  85000   0.001866948546403388   0.009833102078936569  0.0001596548806923376  0.0005684632077903623  0.0001605429930448241
                  85000   0.006118941937065827   0.009424644674398857  0.0001597673892134333  0.0005680828428129665   0.007082459403360836
                  85000   0.006858103576063614  -0.002962264789134362  0.0001597502669637283  0.0005673076374821442   0.004450749453697346
                  85000   0.006923844419879106    0.01163206376094636  0.0001597327947805203  0.0005672123671404296  4.226631712895357e-06
                  85000   0.003719690402700346   -0.01356039268792942  0.0001595939113353219  0.0005671281484193418  5.760472559575023e-05
                  85000    0.00436718906658696    0.00783748020726658  0.0001594614479888289  0.0005670522145002321     0.5871036549690166
                  85000   0.003280693842215907  -0.007741669009984005   0.000158701133093411  0.0005663577156584177     0.3750963887390481
                  85000   0.004392065454272578  -0.007392039076296006  0.0001583011532221909  0.0005730843182908985      2.958003315292161
                  85000   0.004882473592470204     0.0108114159915334  0.0001586032691873981  0.0005664126443800654   0.007497906695624643
                  85000   0.006249081621220628    0.01150710670033635  0.0001585609838634075  0.0005662729701423778  0.0002238471546050638
                  85000   0.001223316515953309   0.001705456557850129   0.000158443532747606   0.000565723473031541     0.1122979383080438
                  85000   0.004528967067442572     0.0108592973123015   0.000158495028143042     0.0005657816105861    0.01055599151463867
                  85000   0.003299112766174896  0.0003683705185861825  0.0001599172621657617  0.0005647938215153286      60.09224364096107
                  85000   0.001674432426770704    0.01293961161279404  0.0001581584953903433  0.0005650539109591134  2.475912756527198e-06
                  85000   0.002570002300825938  -0.006109380489263218  0.0001581918202251743  0.0005648650961631054     0.6250292977484025
                  85000   0.005785237316212476  -0.007116225753471854  0.0001581462429514772  0.0005646349904642231    0.04854177073343645
                  85000   0.002564562900263608  -0.005201471757340391  0.0001579108554494521  0.0005641473108707452      1.615053961278038
                  85000   0.005782408204242593    0.01202461955338313  0.0001577387854700159  0.0005639949511159182   0.000322002543666305
