#! FIELDS time deep6.node-0 deep6.node-1 sigma_deep6.node-0 sigma_deep6.node-1 height
#! SET action OPES_METAD_state
#! SET biasfactor       16.03631500507211
#! SET epsilon   3.735419329000485e-08
#! SET kernel_cutoff       5.848558909940468
#! SET compression_threshold                       1
#! SET zed      0.2299708178362744
#! SET sum_weights       786.5713331674996
#! SET sum_weights2        4253.83236735327
#! SET counter  992
#! SET adaptive_counter  500000
#! SET sigma0_deep6.node-0      0.1283942617589188
#! SET av_cv_deep6.node-0     -0.5272227549911458
#! SET av_M2_deep6.node-0       33254.75362161102
#! SET sigma0_deep6.node-1      0.4082656963959854
#! SET av_cv_deep6.node-1     -0.6295190175400968
#! SET av_M2_deep6.node-1       89261.82719017442
                   8000        0.2534944909265    -0.6173076749367317    0.03865545547848839    0.06845498088398622      2061.675775421494
                   8000      0.836676018151034      0.551899243589497    0.03761232414598085    0.06305713552376112    0.02069545599134383
                   8000     0.5414143618769245     0.6308703214584647    0.03786982065679662    0.06649715175069444     0.2852110476203851
                   8000   -0.04463547385998331     0.1876589469934991    0.03676171911600712    0.07501094547728442      2346.757665492643
                   8000     0.3910928401937972     0.7435668631161907    0.03672823266149804    0.06812194515239794      2.634868298682873
                   8000     0.3014447883984657     0.7446622631803429    0.03837322845243814    0.06368532665837957      19.15557522843947
                   8000     0.1328231737146281     0.6961558524242147    0.03681260724659469    0.07663124235483842       51.0935475549047
                   8000   -0.09953497750490195     0.1262806518169347    0.03824442394714698    0.06406044190457504      2647.848031577726
                   8000     0.5025862708619805    -0.5655207067246759    0.03489367041371404    0.06430485453225605      16.75548343383692
                   8000     0.6778089890353811    -0.2468818974894244    0.04043797939849454    0.07490760468150777    0.02258557876313913
                   8000     0.7653870896562432     0.1444886222307362    0.03587036637757318    0.06196044816845481   0.002212657290141765
                   8000     0.1897924025695012   -0.05664280534360814    0.04405523591664363    0.08366506452675938      271.2116298248447
                   8000   0.002235397435996237    -0.2169934436152198    0.04045320809636818    0.08782784941371032      38.50583020616619
                   8000     0.1576129418455121    -0.3778031367622875    0.03427665193930248    0.06482687199195818      417.3505060437219
                   8000     0.2093503045319042     0.3073884392305278    0.03653300850210878     0.0638712336159085      8.504987833211009
                   8000     0.3089824048802514    0.07994609586686381    0.03637158069481655    0.06674683551315572      7.229322914589543
                   8000     0.2494292876461077     0.2546314622896949    0.03715001901703162    0.08757561800535206      6.001136761357845
                   8000     0.4454926408840315    -0.5943358898252206    0.03466468416738364    0.06358658383768924       33.2339602831642
                   8000     0.7053774698820177     0.6019674336885448     0.0346433711682984    0.07786540092764464    0.07559229607253221
                   8000     0.6858721172680239   -0.06188608855484663    0.03488439979995578    0.06596524009423139    0.02787824119091717
                   8000     0.6564542984300109     0.3290081510498698    0.03283435106765216    0.05956433243907939    0.02560282792217285
                   8000     0.1234256485588807     0.3798301843842145    0.03759271832535584    0.07616494686523675        180.67601146532
                   8000   -0.02630029120432474     0.2685881010865674    0.03476921033155104    0.06652074604106289      233.3211340321238
                   8000     0.2301351408169023    -0.2629397628853563    0.03505066749862629     0.0644676938745907      284.1679333661597
                   8000     0.2153209848960478    -0.5193311098362934    0.03377815477289588    0.06427717420046097      381.7519103367376
                   8000     0.6111945580555068    0.05908238567598895    0.03979336696937604    0.09013947764941736   0.001973424488224615
                   8000     0.7271618083603626     0.3777736660453085    0.03094843841588185    0.05366855146852512     0.0257142177305215
                   8000     0.5914744107447814     0.6428664078260284     0.0342867823116518    0.06627103803870721     0.1073117504419585
                   8000     0.5401036469308652     0.7896494810499576    0.03465068153147791    0.06601520948633163    0.06106228190166955
                   8000     0.7432277006049848     0.5334738456688424     0.0321257858664039    0.05739096685948922    0.01821315413515395
                   8000     0.2711700986341866      0.551201374546897    0.03083650220295782    0.05329917450974073      4.270229228330903
                   8000     0.2123376567374266     0.5476775866706296    0.03562418102018335    0.07205170193390714      43.08663047322354
                   8000    0.08533162714987666     0.4103852163747712    0.03158567210004576     0.0632252999421062      280.6007312177031
                   8000     0.3189186423521277    -0.2510995078626708    0.03132696225649911    0.06003450928907551      46.09991888757104
                   8000     0.2937556406884079       -0.5160269123589    0.03265710867394915    0.06028864099335209      852.8920223999301
                   8000     0.2024810209542061    -0.6564557696482186    0.03536187140832448    0.06374398392260422      545.3171790168858
                   8000     0.8327251127610513     0.4035987723660788    0.04104410962204475    0.07887545403169582   0.001385442837095228
                   8000     0.7211101369408442     0.2288411434095413    0.03682325865700201    0.07500787941661743   0.003539352678450198
                   8000     0.4735095384929831     0.6690488049621373    0.03292181652642703    0.05432121494875985     0.6763281339952527
                   8000     0.6688413043898098      -0.34118245067387    0.03374320850068211     0.0562467692257824      0.191239197356683
                   8000     0.1576665298996281     -0.230726684927482    0.03449407543300521    0.06815223061819828      347.9947398155033
                   8000     0.6073651946430145    -0.5276841797378544    0.03594820217967116    0.07327082426532812      3.924469337929749
                   8000     0.5675129183882193    -0.5552959057093406    0.03316021056939733    0.05935458096834367      16.77830738539138
                   8000     0.4789372200916228     0.9054293222168897    0.03690379315031978    0.06381945805870826     0.1223913163029136
                   8000     0.5273178509282416     0.1978932084345749    0.03388676124209285    0.06868198964747786  0.0007048203159784529
                   8000     0.6842786715894961     0.1683818288522242    0.03276924673955689    0.06656659384248252   0.009545532876052507
                   8000     0.1700308742723748     0.4632722522622685    0.03192584490795063    0.07120396086563051      91.36718684510718
                   8000     0.3362572510007981     0.6258484427277695     0.0347843514691339    0.06558263981263941      1.717236242048332
                   8000     0.1896828306133414    0.06487720966564205     0.0393395230211163    0.07209418590271967       59.4416590706493
                   8000     0.3057723294100607     0.9323652525447247    0.03195908732235982    0.06074428365207458     0.9412622500906207
                   8000     0.3360847539311465    -0.6251401313426461    0.03137211977998488    0.06040908288078778      752.6829345831586
                   8000     0.3212789297103882    -0.3950338363647461    0.03785976637907371     0.0804096417787814      12.73193614863089
                   8000    0.01316904392045558     0.2069622398931454    0.03069976709719589    0.05472023628629226      1107.216385644403
                   8000     0.2731839486909574     0.8050389024406323     0.0339969894746684    0.06130164414178035      17.68510798793933
                   8000     0.1699181069288236      0.245612559637385    0.03416674288003445    0.06406324714909216      19.47364403782524
                   8000    0.03603866529424409   -0.02295828990645797    0.03621674458572677    0.05897123529082392      121.0166688432099
                   8000     0.4881055355072021     0.0751681923866272    0.03664688669137343    0.07864044910101915  0.0008982256620367052
                   8000     0.4825727786055095   -0.07402363978186842    0.03324586362928274    0.06533398153956876    0.01065713451482891
                   8000    -0.5498965382575989    -0.3762264847755432    0.03563409366316184    0.07727684691933015  2.065809536261065e-06
                   8000    -0.7256718648186549    -0.5362252874371677    0.03451898314479544    0.05593021644017023      5.810792010559034
                   8000    -0.8972865724576949    -0.7523489491406096    0.03390261968078195    0.05950553358058454       874.302838088624
                   8000    -0.9635398107458318    -0.7108110469450505    0.03559583447884546    0.06490187061500889      0.527994772866907
                   8000    -0.7245679814216153    -0.6653835876862143    0.03451261192944691    0.06291363620044241    0.09007008568755667
                   8000    -0.6729472865385554    -0.3439642844014403    0.03110491842115358    0.06203733393398429     0.1318844907275311
                   8000    -0.8065266782503703    -0.6265796778448658    0.03123934017110551    0.05321947579256615      55.71301106748278
                   8000    -0.8339468893177198    -0.3940427369850811     0.0359277010685778    0.06578960791946165   0.003489245193725034
                   8000    -0.6033551641365176    -0.5676415348353273    0.03280155473745103    0.05904067125275853   0.007729397571483599
                   8000    -0.5186932647418537    -0.1278824028660834    0.03364140046924647    0.05631712201986892   0.002153017436346393
                   8000    -0.7850346244416232    -0.4785609048104364    0.03371393251537032    0.05838807011577406      3.853235233411988
                   8000    -0.7494681259588768    -0.2415976573084308    0.03163382048257268    0.05255769307067688   0.008147670782398144
                   8000    -0.6332266078350374    -0.7358428213245476    0.02918481049882128    0.05000006820201473    0.06306114576095687
                   8000    -0.4901417398713667    -0.5728918737048515    0.03330291939291428    0.06223684801858032  0.0004712231127667629
                   8000    -0.7424391808885251    -0.7198552751680881     0.0340288283416057    0.06173063971788123     0.1049099497146778
                   8000    -0.4855781506745047    -0.7985922554539603    0.03024672624269533    0.05504553866423793    0.01314332956353916
                   8000    -0.4315359156430653    -0.8139703149623225    0.03234816952721999    0.06255457388447869   0.005555960974907604
                   8000    -0.5804015558914004     -0.963064852103241    0.02996822359923547    0.05711030354880377   0.002255228039251485
                   8000    -0.1562658531111509    -0.6822013286261743    0.03457157469697179     0.0546269361020526  0.0001643435323668754
                   8000    -0.4789907747489379    -0.8879682038472901     0.0345303620140769    0.05755581118183988   0.007230844741762794
                   8000    -0.6540165307632948    -0.8139634656752215    0.03032250998449678     0.0522620603042673    0.02727030018656378
                   8000    -0.4636236824257036    -0.1381751446160651    0.03467690318458906    0.06307991210886392  8.251852772989982e-05
                   8000    -0.7110904728713066     -0.190400050747552     0.0325004396072944    0.05838421190702002   0.009409711931267006
                   8000    -0.5536354981522431      0.022595611677307     0.0355597676007158    0.05811142167129583  0.0007995659436621341
                   8000    -0.6307084499684947    -0.1113299195419506    0.02879640109588139    0.04747655564862268   0.003369046042499469
                   8000    -0.7761155962944031    -0.2930066585540771    0.03659365872576411    0.06709148800480184  0.0002060428202267201
                   8000    -0.3427585218675758    -0.8781015934458563    0.03259469843132645     0.0526543964588896  0.0002880475675063915
                   8000    -0.2209242076283459    -0.4300821360060992    0.02889416602500704    0.04773903449364918    0.00183647007623467
                   8000    -0.3614523114505625    -0.9990814185869217    0.03043564923252749     0.0531536431201115  8.133083122307259e-05
                   8000    -0.8750965492063636    -0.6252077555493141    0.03192901237126385    0.05063178468105001      34.33073288937054
                   8000    -0.4518763406161405    0.03991098800904797    0.03199435551807651    0.05009433608725793  0.0005356603495704245
                   8000    -0.5863209604634972    -0.2984964689208543    0.02840603593206136    0.05048203354260608    0.01715855617485173
                   8000    -0.4860586822032928   -0.05458848178386688     0.0358129390899067    0.06558749371202027  1.038448443022762e-05
                   8000    -0.3006998002529144     0.0877702534198761    0.03566656147201275    0.06528424173501936    0.01079491738136371
                   8000    -0.4367738242398583   -0.09537938123123144    0.03502958076940897    0.06341255112311574   5.31386962115832e-05
                   8000    -0.5603312849998474   -0.05201216414570808    0.03529020854311827    0.06443762280468532  3.845021583100679e-05
                   8000    -0.6071916485052123    -0.1604374632262764    0.03176709748192046    0.05604146469075354   0.009311852295121359
                   8000    -0.4293307662010193    -0.2411285042762756    0.03511509140558867    0.06410206165904526  4.454790715282861e-06
                   8000    -0.4740164988576517     -0.336006135880865    0.03065196402980039    0.05068617707194297  0.0001472194231737744
                   8000     -0.425636449410029    -0.1735357892024483     0.0291278645356534    0.04922301873675008  0.0001254004238056358
                   8000    -0.6719807386398315    -0.4274114668369293    0.03464579551247897     0.0631454866019779     0.0374330705855669
                   8000    -0.6909377238325793   -0.09188914655281265    0.03219757614740276    0.05763333176383111   0.004432245658691533
                   8000    -0.4968915581703186    -0.4701777398586273    0.03442548975883615    0.06268781348775852  5.293024382291101e-06
                   8000    -0.2793308423433503    -0.7002853548479326    0.03060784699750797    0.04717239784587852  0.0001008749685394608
                   8000    -0.5808012824779082    -0.8212476767925413    0.03287230975782832    0.05346283736927533    0.01716678633599295
                   8000    -0.4251724198617112    -0.6195037517761439    0.03014191172840337    0.05273197110350236   0.000529367367503794
                   8000    -0.4254230558872223   -0.01735222898423672    0.03422101203744551    0.06219118182118438  8.434543476305328e-05
                   8000    -0.5375338350823214     -0.268364440345731    0.03410276847495054    0.06359923763326938  0.0007764248003931508
                   8000    -0.6437458191949696    -0.9353537849534661    0.02998078901478915    0.04964386198832876   0.008134019086103363
                   8000    -0.3212966905459079    -0.6548723827742887    0.03346333166749914    0.05976291803883046  0.0004009101817761652
                   8000    -0.5807795524597168    -0.6678299903869629    0.03363087863797074    0.06085242784724575  0.0003791458164483219
                   8000    -0.2813949584960938     -1.022599458694458    0.03360420380879459    0.06078907583846556  3.361049209142838e-06
                   8000    -0.1707050502300262    -0.4307991564273834    0.03339138808316536    0.06029607625939269   0.003365331282477443
                   8000    -0.5212527994193565     -1.061841034886194    0.02868418262400171    0.04758932520982516  0.0001489460387915686
                   8000    -0.8282174591762916    -0.6847382234509899    0.03178502610721275    0.05468840673153519      84.99757320181811
                   8000    -0.9158384203910828    -0.6906834244728088    0.03292272721494009     0.0594999799855309      45.60299567598749
                   8000    -0.6369871762685796     -1.055049843633812    0.02847550082479353    0.04772046203144904  0.0002228219675962231
                   8000    -0.5563151522314235    -0.7542530025422921    0.03007028917629042    0.05117805029607569    0.01544786571912268
                   8000    -0.4806828480640425    -0.6347862696119468     0.0329652839136831    0.05271891102100164  0.0009846836945123093
                   8000    -0.3611521217635313    -0.5944370370558131    0.03214038505848427    0.05855550794993802   0.000145613063802433
                   8000    -0.1502180285063088    -0.4898816716663758    0.03386383290650425    0.05563086096151416    0.01440195418783675
                   8000    -0.6971244812011719    -0.7169792652130127    0.03245025781151581    0.05830870658164559     0.1915964247892479
                   8000    -0.6360517144203186    -0.2920079827308655    0.03231205199026516     0.0580189262318252    0.03927388136383405
                   8000    -0.7071835959491736    -0.3713900857608459     0.0302195125102435    0.05905590156535363     0.2021812446598055
                   8000    -0.6644441485404968    -0.2512283027172089    0.03202231523998107    0.05750246062612506     0.0738620297979794
                   8000    -0.3954260051250458    0.03296660631895065    0.03200099235811297     0.0574797997458659  0.0004093127976147757
                   8000    -0.3948866135441976    -0.0731166210455718    0.03104275042726143    0.05984533367820759  0.0005123303404812619
                   8000   -0.01663430548146968     0.1048318047307697    0.03390449128481779    0.05426522782859883      448.9634640439796
                   8000     0.3788081396394087    -0.6197628106557111    0.03355731195049146     0.0532706724597248      241.9437395598795
                   8000     0.1691310498251457     0.8041240299362801    0.03058767511218277    0.05459108486950127      15.28784874716361
                   8000     0.1925725431953965    -0.5927702317068039    0.03354387407447144    0.05051988543232028      518.4989291188294
                   8000     0.4600605888628345     0.3077000913678457     0.0341011513364173    0.05690609763346802   0.002943119109784629
                   8000     0.1003127346372603    -0.2476063234860475    0.03176345711437552    0.05699842062624799      109.2314620212209
                   8000     0.2580636267526155    -0.3364228965527957    0.03279280999604848    0.05535276643600808      298.1605198980492
                   8000    0.06323627083819933      0.179571187399455    0.03345906630030152    0.05428842781214838       103.281027438109
                   8000     0.4678855240345001      0.486084371805191    0.03336809044486414    0.05665984399220682    0.01211386030524834
                   8000     0.2337996069083493    -0.7019992785950385    0.03102902863399105    0.05633579435877805      514.4611798993524
                   8000     0.4126312421151284    0.03968803380774526    0.03116139614198823    0.05243502561996893     0.3102545894290788
                   8000     0.4318481049926577     0.1848795963002212    0.03238278104105552    0.05605153455884827    0.03829977160486471
                   8000     0.3858158588409424    -0.3694502115249634    0.03332415791663638    0.05674814376307459      2.786218930642261
                   8000     0.3656469966017755    0.07351107418134951    0.03035328363468012    0.05203313322239486      1.003355150673324
                   8000    0.07239833644377104     0.1140503493527254    0.03118961637218834    0.05079439057797252       149.484800224013
                   8000     0.2943551242351532    -0.7488164901733398    0.03299537394959437     0.0562016655390616      92.14695720040088
                   8000     0.7430247228518553   0.003092613386991796    0.03084510329684328    0.05395000390299076   0.009895469775486151
                   8000     0.5178597390630031    -0.1877076025717757    0.03365118580729629    0.05335200366716467   0.009984038810016554
                   8000     0.4230038771448797       0.60759544618775    0.03185878307686381    0.05754846547413791     0.7484758364272769
                   8000    0.08881453978242725     0.3017698030314339    0.03209140998050743    0.05324168673772618      216.8576540168346
                   8000    0.06249451032770177     0.5054663701054344    0.03175515850445175     0.0574440201023966      41.93613149789457
                   8000     0.1199785867796079    0.05265842819982444    0.02973475770484632    0.05579099366792493      211.0830349680021
                   8000    0.01686103033832734      0.074156999086897    0.03154539844730105    0.05276784787522414      228.9305602989994
                   8000    0.03395588090430208    -0.6247424256136344    0.02893893818695129    0.04855278273408337      0.262188001330624
                   8000    0.01959647778048284     0.3184395042239871    0.03388849947151618    0.05566335365354674       461.056704685096
                   8000     0.2653848394705363   -0.09952370306478774    0.03247803076769953    0.05293993766268777      38.29456558066393
                   8000     0.1400636961900514    -0.4879142939304753    0.03376541317067379    0.05342284456853904      177.8872032793527
                   8000     0.2527248259916928    -0.4558317625915979     0.0314791577122322    0.05261827383996203      636.3113669361874
                   8000    -0.1348016411066055     0.1846484541893005    0.03182318269408433    0.05484021457162703      138.2569526564817
                   8000      0.200893120688776     0.7536592194699342    0.03236709860203321      0.056664153464839      19.86075018807348
                   8000     0.1061489162661065   -0.08198748958944056    0.03043413107319704    0.05393805550359291      215.2860345307982
                   8000     0.4670408368110657     -0.259929895401001    0.03159439427322797    0.05455583857167198     0.0236472356708177
                   8000     0.5896305210586665     0.4274110617409841    0.03229450267076652    0.05273261315802273   0.008645117375255711
                   8000     0.9850813355394857     0.6070020718811425    0.03050891889215811    0.05135067828048255   8.69457158861271e-05
                   8000     0.7865143673441699     0.3539794439495102    0.03151655563598958     0.0543696641038702   0.003813802850910791
                   8000    0.09554834015571806 -0.0002300554540173577    0.03212479902039262    0.05728230628845639       192.237975414995
                   8000     0.5695154070854187    -0.4852053821086884    0.03187048501607845    0.05430644892633565       3.34269663759532
                   8000    0.07162436687735363    -0.5658415229011469    0.03023993715422594    0.05317319002965048      3.261011045749837
                   8000    -0.1873612701892853    -0.3322244584560394    0.03174984954793059    0.05418312579243283   0.001121830222315877
                   8000     0.3491635024547577     0.9606420993804932    0.03170817343881029    0.05421820227441579     0.1172920136903769
                   8000     0.7841724552189907     0.6072446465782034    0.03070651407264429    0.05345954223278342    0.01606867859587622
                   8000     0.7670092365789554      0.216444717174294    0.03103990994670996    0.05538138603396338    0.00310914416735118
                   8000      0.662366729122767     0.6558403841004172    0.03269772913438315    0.05232251620923387    0.03107935199779258
                   8000   -0.06091502186651911     0.6840713694682926    0.03200818748773957    0.05606661540575082     0.2909151771233492
                   8000     0.3142388396874945     0.2829127197439557    0.03093169206266488    0.05296024105773913     0.9152814649296643
                   8000    0.07667640596628189     0.7357093691825867    0.03126661881003929     0.0534609308957635      3.125298248204119
                   8000     0.2213258398147586     0.8214609263310473    0.03037892828489964     0.0576378930891905      24.63596371555431
                   8000    -0.1478697202395891    0.07963535712918067     0.0303683257293213    0.05052873691722203      438.9052729017592
                   8000    -0.2883473932743073    -0.3723427355289459    0.03116363584078261    0.05312604529271024  1.643303774834078e-05
                   8000  -0.001888655653706282   -0.09059887705778073    0.03139893490665313    0.05036135368684203      28.60831505572078
                   8000     0.3623624898538084    -0.2758924025439855    0.03099376372339082    0.05281482347712584      4.427933076234358
                   8000     0.1369380503892899   -0.01481970027089119    0.03106671856675671       0.05286159405156       39.0739609310172
                   8000     0.1928129962222505    -0.3219856532244491     0.0302381787979754    0.05136902949721805      132.4748338015403
                   8000      0.291442012640619     0.6132998696254245      0.032234031520349    0.05186253786717366      4.891615148157678
                   8000     0.1237510338840676     0.1447629789288443     0.0307201708384855    0.05395676306807316      80.42962926341387
                   8000     0.2307612096395859      0.433446187305574    0.03211129536475093    0.05239663187519007      9.076149753092315
                   8000     0.6405468565019055    -0.1898880515003502    0.03060387870518244    0.05186961128715757     0.0285025461945505
                   8000     0.2066538250638051     0.1778782740817407    0.03105444332049248    0.05207782750815797      17.97245632511025
                   8000     0.2995593217422133    -0.6457922446514992    0.03062595679997218    0.05940674613709558      1038.053132969442
                   8000     0.3830918967723846     0.9029203057289124    0.03066641971037398    0.05234469030306002     0.1110641846404356
                   8000     0.4172759354114532     0.8684831857681274    0.03064938783185309    0.05240128609447228     0.1299866644431506
                   8000     0.6076052188873291     0.4827858805656433    0.03064732025958568    0.05242534895777579   0.005904399818870467
                   8000     0.7718348415289394     0.4565149669868072    0.02978472429306065    0.05272449425725822    0.01099774931934837
                   8000     0.2333607524633408     0.9090151190757751     0.0306576166743207    0.05220989741560995       1.28872026990522
                   8000     0.1900584469860553    -0.4191360207099251    0.02978296427927105    0.05106491203589018      185.6696057203756
                   8000    -0.1363173433863971    -0.2070196397465091    0.03050795065627201    0.05186256542058813     0.2287677227859045
                   8000   -0.08172523230314255   -0.09429190307855606    0.03039439585489487    0.05169862149437014      7.178171406810241
                   8000     -0.211110262680277    -0.2635688825188098    0.02999515143303532     0.0497807864615945   0.004786653260253859
                   8000   0.006819972302764654    -0.3777974843978882    0.03046565439625307    0.05167850409869174      1.669350123853612
                   8000     0.3211600184440613   -0.04482310265302658     0.0304544355381619    0.05164569238099935      2.101170043228846
                   8000     0.1612950414419174     0.6198097467422485    0.03036095013494746    0.05163137779612753      9.161727400295497
                   8000    0.06011928981625063     0.2469108867070304    0.03035087519186805    0.05156649505750281      144.0791431501057
                   8000     0.9489392323414724      0.682489889280432    0.03034994035348894    0.05108407126401374   8.10123205209533e-05
                   8000      0.597452930759921    -0.1760241379695706    0.02935037369712762    0.04922704818828762   0.008658385295837916
                   8000     0.2379075884819031   -0.02960016392171383    0.03037747749491105    0.05138998009358723      39.86073553674265
                   8000      0.632607102394104     0.4136585593223572    0.03036399755953787    0.05130262947533015   0.003939300067387914
                   8000     0.7563579082489014    0.07970073819160461    0.03036569127813267    0.05129796822591291   0.001331780075557098
                   8000     0.6555482745170593     0.4614203572273254    0.03036355256931557    0.05127194800840072   0.006313477052968032
                   8000     0.4808162725969839     0.7488283288065866    0.02936376503409896    0.05091952073137774      0.225978264507204
                   8000     0.6929211616516113    -0.1398450136184692    0.03033054342110573    0.05120641030945566   0.006756358041718842
                   8000     0.6020270990328607    -0.1005893785634598    0.03262298656383498    0.05215948423188003   0.008182756784257568
                   8000     0.1474240571260452    -0.5905752182006836    0.03010087513714903    0.05103990278308543      49.89954577782481
                   8000    0.07805733973411218    -0.1516262018137258    0.02979687812808506    0.05046060422612982      47.18371331801764
                   8000     -0.080379918217659     0.5607543587684631    0.03009906791260569    0.05104023662728432      1.274724901744688
                   8000    -0.1070349514484406   -0.01207176223397255    0.03008955967665457    0.05095590437084259      62.04884737998122
                   8000     -0.155780553817749    -0.2658793926239014    0.03009255317095326    0.05079956179694067    0.03272717656329226
                   8000     0.4533549472707316    -0.4697610791003497    0.03192913865846043    0.05105123757328392      7.159222928501562
                   8000      0.407241553068161    -0.2072674334049225    0.03012666275423052    0.05060016429539083     0.4859958895450237
                   8000     0.4176270961761475     0.9525102972984314    0.03011248298577164    0.05063848133831172    0.04117887497791591
                   8000    -0.3736472877444619    -0.1942913457421809    0.03112368802944953    0.04983623192762836   6.03432200019452e-05
                   8000      0.675512527784882     0.4055092390359689    0.02895678675164208    0.04966604545747125    0.02653062546740297
                   8000     0.5696424676493385    -0.3061305433244616    0.03162037613338165    0.05151986083568807    0.04267571935981078
                   8000     0.0848377083448339    -0.3654791399671581    0.03278101966032985    0.05060874159512903      30.38088287622656
                   8000     0.6710466146469116    -0.4790238738059998     0.0300215442987948    0.05049586815711504      0.246354716268119
                   8000     0.2726303339004517    -0.1969071477651596    0.02985818955806318    0.05028614551403428      20.51007113368931
                   8000      0.394472062587738   -0.04259658977389336    0.02981700334286805    0.05024172810020207     0.2614080809344156
                   8000     0.1988826543092728     -0.181832492351532    0.02974809439846988    0.05009758376350575      56.26292801900912
                   8000     0.6535216569900513     0.7062431573867798    0.02974852389467432    0.05015589952249121    0.01800188275898729
                   8000     0.3392499387264252     0.8709092736244202    0.02977224696036119    0.05030228619834384      0.669872317033725
                   8000     0.2622821033000946    0.07971667498350143     0.0297076204125592    0.05027088568106933      9.345608256580814
                   8000     0.2776482999324799     -0.281913697719574    0.02967966630295201    0.05021227006867923      52.16376824787149
                   8000      0.277459979057312     0.3249915242195129    0.02966300573294258    0.05019011034418643      1.206034195553008
                   8000     0.4031842648983002    -0.1051472499966621    0.02956292412620214     0.0500348757056183     0.3334505876818846
                   8000    0.09249551594257355     0.5869362354278564    0.02936891922864921    0.04965112529920301      7.035694017463256
                   8000     0.0969398021697998     0.5111175179481506    0.02941218228119947    0.04967029524210415      22.81981559923232
                   8000   -0.02872973502480989     0.6160836484325057    0.03045468180396433    0.04924737892148769     0.6980406000267987
                   8000    -0.2077072858810425     -0.140483483672142    0.02946726267220414    0.04966241695091741    0.01435031446132682
                   8000     0.1753710508346558    -0.1457225531339645    0.02931057432169295    0.04943559238548187      68.28757075439422
                   8000     0.3102446794509888     0.1839108318090439    0.02929624528070566    0.04941188739341206      1.098831219939427
                   8000     0.2488606959873241     0.6548533296233288    0.03005592154257835    0.04966122702178248      15.10877305563386
                   8000     0.1386586427688599     0.5223575830459595    0.02919465993124826    0.04935926676133592      18.15812671237615
                   8000     0.3547352254390717     0.4800425469875336    0.02880597262868803    0.04866232242367774     0.1006399491692681
                   8000     0.5260262489318848     0.4209587275981903     0.0288588511322419    0.04867625756695975   0.002490574617594476
                   8000     0.2196350246667862    -0.4279713332653046    0.02892550680390325    0.04856428935107607      108.2310056103839
                   8000     0.7608864307403564     0.7106621265411377    0.02881391473043706    0.04845389849147829   0.003370079553993377
                   8000     0.6582542061805725      0.533494234085083    0.02868416469970995    0.04841251847391423    0.01126734752303171
                   8000     0.5713798403739929     0.4879055917263031    0.02874662191801016    0.04836870826234498    0.01447709515319792
                   8000     0.5937771797180176     0.7284764051437378    0.02876136919705887    0.04834705085690522    0.02970426109508139
                   8000     0.5825670957565308   -0.04557998850941658    0.02876029024168079    0.04833006390094415   0.001370040762804339
                   8000     0.5391201972961426     0.5333897471427917    0.02876013591019672    0.04831314353915878    0.03859621122584037
                   8000     0.8119436502456665     0.6797891855239868    0.02876723509541746    0.04829117158903626   0.002932289488236141
                   8000     0.7024955598930219     0.4558688669618901    0.03049234431227918     0.0482816706001804    0.01950022250596184
                   8000   -0.06654927879571915    0.02365830913186073    0.02875630923803188    0.04806678950067197      153.2764179349298
                   8000     0.1173562407493591    -0.4279273748397827    0.02874995494737419     0.0480436497430541      44.31134774464206
                   8000    0.02640401758253574     0.3741849660873413    0.02874515927642273     0.0479893334404003      78.15601213639752
                   8000     0.4855443239212036     0.3601465225219727    0.02866241627286034     0.0478940491503199   0.001211375582485237
                   8000     0.5940503478050232     0.5754323601722717    0.02866881173994586    0.04786753180689354    0.04760950473685463
                   8000     0.5533463358879089     0.3008608520030975    0.02867641787703811    0.04784079488790064   0.000395070012269533
                   8000     0.8621335029602051     0.6795470714569092    0.02870768675973922    0.04776939532930462   0.001220229690800874
                   8000     0.1967131495475769     0.6767743229866028    0.02870243099850009     0.0477444815940038      7.916973297211324
                   8000     0.4203209280967712    -0.5489029288291931    0.02869626939073078    0.04774563535395574      16.70326348069259
                   8000    0.05089421942830086    -0.2703419625759125    0.02868745110374342    0.04774706602060607      9.741788524013229
                   8000    -0.0591602586209774     0.7620719075202942    0.02866715329178176    0.04772603751232906    0.03743455640402862
                   8000    0.05136450029183729    -0.1984068037499142    0.02891527555534789    0.04894978434988267      34.64916307777251
                   8000     0.6668453216552734    0.02849767543375492    0.02868396812395878    0.04756308206646442   0.004274867670073151
                   8000     0.3733586966991425     0.5324803590774536    0.02867801703765496      0.047546785471643      0.191400217636321
                   8000     0.2600299119949341     0.3725969791412354    0.02867489343181267    0.04754759835806557      2.411954058969649
                   8000    0.05768594145774841    -0.4219979345798492    0.02854673741987777    0.04755941773428123      5.661157564868564
                   8000     0.2953330278396606    -0.1245398744940758    0.02851415324655938    0.04752276587013517      10.99722998660109
                   8000     0.6036874651908875     0.1660319566726685     0.0284545762235969    0.04756061595009036  0.0007733343074832612
                   8000     0.3235732913017273    -0.5488665103912354    0.02839773855580823    0.04744191772663059      232.1670939937105
                   8000     0.5121267437934875   0.002550369827076793    0.02836707123588174    0.04739604944348719   0.002224080038236099
                   8000     0.0174702275544405     0.4836780428886414    0.02843202203884707    0.04735668291629542      8.719823019710724
                   8000    -0.3295075595378876    -0.3007201552391052    0.02844270965073602    0.04733987071921663  6.904193399395908e-06
                   8000     0.2498402297496796     0.5059716701507568    0.02844320811274864    0.04732292980583894      6.738157876255341
                   8000      0.169409304857254     0.5559288859367371    0.02842444694434874     0.0473273408191715      17.92004459533541
                   8000     0.4285178482532501    0.08514628559350967    0.02836940891527717    0.04723386641405258     0.1024900443912711
                   8000     0.6438298225402832     0.8845689296722412    0.02829352170659044    0.04719793421072532  0.0001787454231976607
                   8000     0.5740909576416016     0.9261509776115417    0.02828660220828538    0.04721174533965016   0.003234384289792034
                   8000    -0.2010555863380432    0.05479048565030098    0.02834165711506184    0.04715967844308054      26.11141765863932
                   8000    -0.6354935765266418    -0.5828625559806824    0.02840439732939932    0.04717751346486625    0.05109225527184598
                   8000    -0.5283108244594183    -0.8208727674852528    0.03019995418559203    0.05061834587590959    0.02783211823655889
                   8000    -0.2688743664932166    -0.8734128067534741    0.02987365988413107    0.04647699654282311  4.010348805073767e-05
                   8000    -0.6932373642921448      -1.00981605052948    0.02881265096950089    0.04756187282904657  0.0002416990543040339
                   8000    -0.4191909432411194    -0.4073910713195801    0.02883153364090955    0.04756085996575499  8.229301620825606e-06
                   8000    -0.2887427806854248    -0.8016687035560608    0.02886003791344629    0.04755835687738354  1.124721606806595e-05
                   8000    -0.4472439885139465     -0.688959538936615    0.02884990031170356    0.04752275203081027  0.0003867862569777627
                   8000     -0.140703871846199    -0.7820788025856018    0.02882530269215268     0.0474431316191891  1.179106200813586e-05
                   8000     -0.198680967092514    -0.8224267959594727    0.02879891739771574    0.04738006764144874  6.488668662951825e-06
                   8000    -0.2037799373776405    -0.7475707012658129    0.03153938377728981    0.04682582148604707  3.089212258560812e-05
                   8000    -0.3326415406503613    -0.5512189298859635     0.0287140867435645    0.04691487374276394   0.000206016530732489
                   8000    -0.4602252542972565    -0.9983587265014648    0.02876995023664112    0.04731391379556531  0.0003086309605635088
                   8000    -0.5257799935266972    -0.7074379592723608    0.02941331961980505    0.04702951309803971   0.007296953335728336
                   8000    -0.4990771114826202    -0.9817047715187073    0.02874478950092689     0.0472480401026853  0.0006678101802490653
                   8000    -0.5097954273223877    -0.3582888245582581    0.02866802375054201    0.04708489860118668  0.0001199044032218232
                   8000    -0.6013977527618408    -0.3962023854255676    0.02865922660901398    0.04710991843137552    0.00527904277562143
                   8000    -0.6298601031303406    0.06174518913030624    0.02862409832314407    0.04707049044193946   6.10958035603016e-05
                   8000    -0.5899324417114258    -0.4769847095012665    0.02846621286902812     0.0467856486979354   0.003458745588309858
                   8000    -0.5705371499061584    -0.1285196244716644    0.02843868397048734    0.04673995839052365   0.002152292436688903
                   8000    -0.3777685761451721     -0.439864456653595    0.02842154915488217    0.04670757951343015  1.017328633545813e-05
                   8000    -0.5492097735404968    -0.9006687998771667     0.0284224228502638    0.04670261904963808   0.004268923508277666
                   8000    -0.7593414783477783    -0.8983328342437744    0.02841597670487274    0.04668264525477715   0.006481029757345741
                   8000    -0.4289369285106659    -0.7291285991668701    0.02840878725529469    0.04667413924916949  0.0008201603761816826
                   8000    -0.3419179320335388    -0.9316149950027466    0.02839547922973536    0.04664268591991541  7.031183980107991e-05
                   8000      -0.79593825340271    -0.7592582106590271    0.02838000523981441    0.04660335617043527      7.717990742054213
                   8000    -0.4547204971313477    -0.4531739950180054    0.02834787179678241    0.04653143781106268  4.000468558844043e-05
                   8000    -0.2330663949251175    -0.6823562383651733    0.02826989573598697    0.04635605435730665  3.301629963841777e-05
                   8000    -0.2022631913423538    -0.9476088285446167    0.02823649738189173    0.04627657840189569  4.899509397652535e-06
                   8000    -0.4936880171298981    -0.7137495875358582    0.02822671249705949    0.04625721072087496   0.004628673584252467
                   8000    -0.7915809003958318    -0.5660397676907684    0.02838800512478762    0.04633672016775185      12.87895829242672
                   8000    -0.6373376250267029   -0.01966108195483685    0.02813862892615205    0.04612190129185058  0.0006286949902394231
                   8000    -0.6108270287513733    -0.2222443968057632    0.02812921416140676    0.04612871189179867    0.01457420410786253
                   8000    -0.4426072239875793    -0.3606343567371368    0.02811935585421978    0.04608661787730795  5.884418340201388e-05
                   8000    -0.6402273774147034     -1.121247291564941    0.02811172125071261    0.04607233968199276  5.897659164449995e-05
                   8000    -0.7080469131469727    -0.5860801935195923    0.02807199976593518     0.0459916902383504      1.134926049227654
