#! FIELDS time deep17.node-0 deep17.node-1 sigma_deep17.node-0 sigma_deep17.node-1 height logweight
#! SET action OPES_METAD_kernels
#! SET biasfactor       12.02723625380408
#! SET epsilon   2.008904905162975e-06
#! SET kernel_cutoff       5.122093479753262
#! SET compression_threshold                       1
                   9010      5.288676738739014     -5.790215492248535      2.069125477106551      2.617089687719441  5.979173072774214e-06     -12.02723625380408
                   9011     -3.219592809677124      4.912988185882568      2.153930127143115      2.658005235076495  5.655345161346735e-06     -12.02723625380408
                   9012      9.750188827514648      8.840250015258789      2.079373243624266      2.699517914062935  5.768035091266038e-06     -12.02723625380408
                   9013     -13.12474632263184      -3.08847713470459      2.336875960090002      2.639124955314255  5.249898956868685e-06     -12.02723625380408
                   9014     -9.171122550964355      7.538646221160889      2.475817139727295      2.595235750499707    0.01632243088572697     -3.944164039176758
                   9015     -2.288366556167603     -8.829517364501953        2.4392193506945       2.56785098301944  7.716735973720217e-06     -11.62656858850026
                   9016    -0.1388061046600342      5.056666851043701      2.385541651660715      2.506081157868411   0.007596404254997947     -4.781130729883381
                   9017      9.498990058898926     -1.223797678947449      2.336636960575303      2.495500292476574  0.0001338094770454467     -8.845088565870435
                   9018      5.365035533905029     -7.560066699981689      2.276049443478923      2.436540816858574   0.002814496867767134     -5.849148100098186
                   9019     -7.130419731140137     -13.18655776977539      2.286540214338426      2.419780393777955  0.0001484143341106542     -8.793982908920903
                   9020     -10.18357276916504     -5.179328441619873      2.347439599036534      2.377517288122479    0.00108364139540573     -6.797243167351396
                   9021     -8.204658508300781      4.201998710632324      2.115480236800794      2.153012736086694       2.29886851678545      0.659370126142931
                   9022      6.602626800537109     -4.169392108917236      2.121563489446396      2.108071741526546   0.006609417893465246      -5.21052962798711
                   9023      4.467633247375488      11.95703887939453      2.094887709404565      2.110082378352956  0.0002755747423776543     -8.399621637196002
                   9024   -0.01570510864257812     -8.266698837280273       2.06425179563405      2.094252940407353   0.001700327822044279     -6.602166387171515
                   9025       4.91717004776001     -7.920887470245361      2.031204297887739       2.06311147953906    0.02912411552742925     -3.792541507592414
                   9026      1.146266460418701      7.835428714752197      1.998168415988148      2.064724480721167    0.02767973340537743     -3.859023925929794
                   9027      4.099959373474121        10.116868019104      1.968501034452414      2.034056875809739    0.04401709955210392      -3.42506938712799
                   9028      8.204527854919434     -5.960837364196777      1.963526339853196      2.010370444368955    0.07349056438650696     -2.926734150669741
                   9029       1.98713207244873     -11.45690155029297      1.942389925598072      2.009033397666035    0.02660898649111407     -3.954130346656452
                   9030     -13.31026458740234     -6.309577465057373      1.990531297686787      1.983129103686594   0.004350883832095973     -5.753495644640756
                   9031     -13.14194869995117     -5.483855724334717      2.045794787203581      1.950481123985359    0.04134327514726265     -3.491179977263929
                   9032     0.9171769618988037      5.112966060638428        2.0286041519364      1.924947787005861     0.1499265778701254      -2.22455970462413
                   9033      8.071500778198242     0.5948834419250488      2.023524214775529      1.908832034024052   0.008446066971848602     -5.111919095974692
                   9034      9.207494735717773       5.47830867767334       2.01366092108791      1.900208276564207    0.00467734834342749     -5.712302913744611
                   9035      11.09470558166504      9.122021675109863      1.997383314037396      1.894560794659501   0.005991814177883337     -5.475732932390079
                   9036     -9.376224517822266     -9.772202491760254      1.986781254899301      1.877524668652917    0.01064776700769921     -4.915131875831096
                   9037     -2.840024948120117     -7.879492282867432      1.971366126738131      1.859339018993279    0.01085659049593895     -4.913232047655369
                   9038      6.820309638977051     -3.200185298919678      1.926561976142584      1.813299045137728     0.2846412927567784     -1.694837504796349
                   9039      10.22908592224121      5.701735019683838      1.907163603337066      1.804932708037475    0.05272237721588842     -3.395771783779956
                   9040     0.4081082344055176     -7.252699851989746      1.884371105727618      1.805842587036345    0.08528891782715572     -2.926286237916346
                   9041     -2.240156412124634     -2.490656852722168      1.876759417665953      1.790531883088854     0.0168297071557746     -4.561747287861861
                   9042      4.950379371643066      3.280512571334839      1.847227839012127      1.766695935922534     0.1593971428956746      -2.34275619721297
                   9043    -0.4772787094116211      9.715898513793945      1.824696151166792      1.746537228962932     0.2294233942413484     -2.002334426767721
                   9044      8.096240997314453      4.198106288909912      1.776986904367869      1.700402664916189     0.5263213898804533     -1.225255890531934
                   9045      6.807194232940674     -1.738726854324341      1.698728283752325      1.621220596289437      1.754316612097405    -0.1140583003884753
                   9046      6.099013805389404     -6.771262168884277      1.661589349942558       1.58343540501342     0.6621157226815427     -1.134140462415679
                   9047     -6.027394771575928     -6.646998405456543      1.658635648076154      1.568993244276871    0.02867954031468746      -4.28433866722665
                   9048     -9.436593055725098      7.626655578613281      1.613372036311606      1.522018642329359      3.173880031790647     0.3641218439486359
                   9049     -2.098043203353882       5.63681173324585      1.593542619594544      1.505109270713379     0.4873376445556654      -1.53316988914659
                   9050      3.378697633743286      2.731759309768677      1.563425003816698      1.486253312974074      0.770776999087296     -1.106415764623813
                   9051     -9.189885139465332      6.014799118041992      1.687686206398744      1.568565291532078      10.10588808119378      1.597441179608925
                   9052      -11.4517993927002     -3.639208555221558      1.698966118333778      1.557960121189387     0.0461067954326175     -3.792594591595868
                   9053     -9.795146942138672     -1.235095024108887      1.712068971545269      1.544358256852378    0.04373626148170898      -3.84646362785039
                   9054      6.149611949920654     -7.470568656921387      1.687955600696395      1.515809953791447       1.21415678342025    -0.5556790670014351
                   9055     -4.412219047546387     0.5429956912994385      1.687509927800337      1.507334985886394    0.03099126118990467     -4.229649712354078
                   9056     -3.957218647003174     -7.940689086914062      1.675529930501713      1.502293764937448    0.05791184804439866     -3.614907586941556
                   9057      1.260622501373291     -10.96673774719238      1.672576145706216      1.491060421411472    0.08302624374253567     -3.263942841821673
                   9058      2.710038900375366      7.101382255554199       1.66555166490636      1.486724563947026     0.2735979602790704     -2.078560638022785
                   9059     0.8251748085021973      5.957027435302734      1.638748262469041      1.481430851245105     0.7966654275238056     -1.029576279636492
                   9060      4.263081073760986      7.961225032806396      1.636591856789364       1.48619300372358     0.4899214527675272      -1.51387334798766
                   9061     -2.592728137969971      1.643260598182678      1.624136941217984      1.487655370602053    0.08080017679692768     -3.322795169408364
                   9062     -13.20163440704346     -5.990523338317871      1.614123957898289      1.480801694269497     0.1244882209762363     -2.901365092614879
                   9063      8.694596290588379     -3.332348585128784      1.589922826303224      1.456242028546015      1.643500284876461    -0.3528239794817707
                   9064      7.603251934051514      -3.25714111328125      1.558162555098935      1.412983007209505      4.683758649791846     0.6441143638053832
                   9065      4.256792545318604    -0.8613523840904236      1.537273949416629      1.406962282093265      1.014373732444225    -0.9034818441738512
                   9066      -11.5817699432373     -6.380509853363037      1.532946100454722      1.404921838755458     0.2327332453979129     -2.379886150041167
                   9067     -10.85469436645508      0.091326504945755       1.53952344320424      1.394563038222141     0.1965746147548503     -2.551856062301419
                   9068      6.968979358673096     -5.983924865722656      1.508019415411479       1.36800932070852      4.221719611156244     0.4751994034119858
                   9069     -12.17861175537109     -3.167090177536011      1.513505826081194      1.363321604045878     0.2210122600301616     -2.474381236345725
                   9070     -10.97761344909668     -2.557747602462769      1.520953351825649      1.351284517432297      0.471429879173215      -1.72078883816064
                   9071      -6.95219612121582      0.471487283706665      1.521774334144511      1.340522605339246      0.264953397888833     -2.304461713843404
                   9072     -2.077699184417725      2.917472124099731       1.51867975102165      1.332100529069619     0.3786244114158667     -1.955809059490275
                   9073      9.805283546447754      2.662340641021729      1.525699526414946      1.323474477384576     0.4515193318632293     -1.781620530454533
                   9074     -12.18473529815674     -5.402531147003174      1.516488543998644      1.318079660349386     0.8444550081459303      -1.16568736144986
                   9075      3.940558433532715     -8.895997047424316      1.506658605476098      1.315901814831154     0.7379830986846923     -1.308614689446514
                   9076      1.347996711730957     -4.952450275421143      1.497220343455293      1.310984602791282       0.13236734986111     -3.036982432875703
                   9077     -1.662356376647949     -11.56189155578613      1.488143154433072       1.31849186987757    0.06480465151592528      -3.75155710666006
                   9078      10.17051601409912     0.7044835686683655      1.481207246397657      1.318322832816134     0.7633059969372089     -1.290075383231049
                   9079      1.329727649688721     -9.436227798461914      1.481355953287043      1.308950752206416     0.5224931553549567     -1.676156587708806
                   9080      -8.18179988861084     -10.93860054016113        1.4747578601853      1.317870130151622    0.02203057349225703     -4.840010286199955
                   9081     -4.279579639434814      8.361906051635742      1.464165498581092      1.316682312170704     0.4510841651874886     -1.828897619819343
                   9082      -4.65788459777832     -9.387432098388672      1.462593908945084      1.315311771462695     0.1168636656225321      -3.18165894874055
                   9083     -5.878942966461182      7.176557540893555      1.438032664378791      1.297195222167003      4.420250922619033     0.4204799413085283
                   9084      4.107626914978027      8.693202972412109      1.429189562052011      1.295059575449485      1.154341190633706    -0.9300028838270554
                   9085      -4.04740047454834      3.263181209564209      1.420999933728047      1.289338266395623     0.7864470086558281      -1.32393692689103
                   9086      7.568838119506836      10.33603954315186      1.418729762492361      1.288348645008954     0.1338476910106488     -3.097126453177864
                   9087     -6.960536956787109     -3.780200958251953       1.41750750679391      1.284683257290186    0.06622187177707138     -3.804529142672477
                   9088      1.868948459625244      9.425578117370605      1.417966898854453      1.271369010236774      1.304480610326734    -0.8340735826344198
                   9089     -2.084878444671631     -10.45217037200928      1.410849692727863      1.271489690927246     0.2613878010724071     -2.446565716092703
                   9090      1.195958614349365      1.274653077125549      1.402332371832022       1.27638694289446     0.5810017389343125     -1.650028222535417
                   9091     -4.774010181427002     -5.664209842681885      1.401446625337119      1.270995597501579     0.1166287664649756      -3.26065069891361
                   9092    -0.8296960592269897      -3.88888955116272      1.396050393737549      1.274360518088312     0.1316379343639494     -3.140805355313538
                   9093     -9.395074844360352      7.475314140319824       1.41837655927091      1.293409375424793      15.94306553839163      1.686621670911574
                   9094      6.249584197998047     -3.560982942581177      1.398931277079001      1.273829306012475      8.495966783990122      1.028130782492088
                   9095      7.150859832763672      3.192164659500122      1.394802234546953      1.274310838221454     0.8507184122317526     -1.275712853734889
                   9096     -10.03062915802002    -0.4028976857662201       1.39645929750786      1.268507876807997     0.5570616745834058     -1.702494958769618
                   9097      4.966288089752197      2.356814861297607      1.394351389713544      1.262173727704663      1.345912809988031    -0.8268596886310986
                   9098      7.639144897460938      6.485982418060303      1.394135643540118       1.26199690100117     0.4317044963027634     -1.964240949207065
                   9099     -8.987775802612305      6.810453414916992      1.432265674775927      1.299292063347987      24.76125512907334      2.141160356792104
                   9100      5.749940395355225      5.385264873504639      1.428975394696974      1.293348934192929     0.9453913025234333     -1.131160662216753
                   9101     -10.12392330169678     -4.946366310119629      1.427258778344129      1.287824108072201     0.7565981112572808     -1.359410249901778
                   9102      3.786719799041748     -10.93379402160645      1.422469816413711      1.290735175725702     0.4284030067342365     -1.929281203539832
                   9103      0.674180269241333     -5.966381072998047      1.417885251518896      1.292048673232864     0.2669583068157314     -2.404464116955666
                   9104      2.536683320999146     -1.336527347564697       1.40934336052088      1.285506564166526      0.989162064908218     -1.105817254584468
                   9105     -1.183994770050049      9.055519104003906      1.409164471955693      1.280389123260776     0.5854088877234478     -1.634480642017405
                   9106      3.223872184753418     -9.312121391296387      1.401022106655855      1.274442743617503       1.35035405029992    -0.8091190262176864
                   9107      1.297539234161377     -6.562356948852539      1.398332770435435      1.270468501484258     0.6677480590262206     -1.518374863215296
                   9108    0.09871053695678711     -6.106586456298828      1.391127340288204      1.265814230411738      1.055522848282648     -1.069330644348914
                   9109      2.814102649688721      7.232439041137695      1.385910206685731       1.25813572727459      1.844746426576346    -0.5208669230555452
                   9110      7.080187320709229      8.933529853820801      1.382278044447469      1.258036877104865     0.4934901824432238     -1.842163856536706
                   9111      7.892661094665527     -7.313614368438721      1.371584309776686       1.24606580572991      4.396868101191673     0.3276533176012258
                   9112      7.624702453613281     -6.281337261199951      1.353685613091965      1.229728212185106      10.97827792947296      1.216345812899686
                   9113      9.546669006347656      7.533051490783691      1.351898305810611      1.226937910002385     0.2982597338251132     -2.392956172958329
                   9114    -0.4019432067871094     -11.90527248382568       1.34817991495749      1.227768362566049     0.2840376860492192      -2.44389160794892
                   9115     -1.003990769386292      3.058829069137573      1.342006800822505      1.225900707454443      0.806891514729442     -1.405921008083684
                   9116     -0.195932149887085      2.495049476623535      1.334851379209044      1.223194889345646      1.405238789808662    -0.8587035071885704
                   9117      -4.36895751953125     -3.867227554321289      1.342703197344885       1.21952466149336     0.1056178635757456     -3.443978614331429
                   9118      10.28260326385498      9.859526634216309       1.34224646414259       1.21807827466682     0.1360942601574595     -3.191985345183879
                   9119       9.74177360534668      9.473129272460938      1.339516933468406      1.216242715770343      0.408080953722985     -2.097411200738912
                   9120     -1.051867008209229     -11.13053798675537      1.334798097787937      1.215981366310548      0.675019758526767     -1.597878723609279
                   9121     0.1063423156738281      3.274218082427979      1.326785134660418      1.210074538327237      2.685222579691552    -0.2279925036860432
                   9122     0.7117323875427246     -11.60130786895752      1.320688170218828      1.209916455086053     0.9375872681018759     -1.284938095265059
                   9123      6.293049812316895     -0.868465781211853      1.310440199216997      1.199256715522185      4.696629898439636     0.3097133710554314
                   9124     -5.415533065795898       7.46513032913208      1.298234623350673      1.187931642208613      6.616724901818152     0.6336226488673622
                   9125      5.527444839477539     -3.612014532089233      1.283466774511725      1.175037963228728      11.33940957981715      1.149952612808184
                   9126     -3.473095893859863      8.599175453186035      1.278496105219255      1.171773265319881      2.479611681940363    -0.3768922591884853
                   9127     -1.402982234954834      9.289440155029297      1.271577570105556      1.170641523769599      1.561975301664579    -0.8454354498926189
                   9128      2.085301160812378      6.905059814453125      1.262707787249372      1.166340198456499      2.792149939628627    -0.2752557593126796
                   9129      8.767425537109375      10.02537059783936      1.257796144351876      1.163805654581213     0.6876068482712084     -1.682678485600933
                   9130      3.065142154693604      2.345397233963013      1.253318195016204      1.159293525009993      2.143210426040394    -0.5532866258540842
                   9131     -9.243366241455078      6.048569202423096      1.279325981402144      1.177563386887653       34.5272155606481      2.262331699872362
                   9132     -9.786935806274414       4.48983097076416      1.272552227601911      1.166479263823316      20.88776930258495         1.744981425225
                   9133      9.072453498840332     -4.559061050415039      1.266780829124471      1.159246753442847      5.926958835866097     0.4745636741363436
                   9134     -10.03421497344971    -0.0278668999671936      1.265967449872017      1.157123747134023     0.6301284064210383     -1.769254560029075
                   9135    -0.9505345821380615     -4.177384853363037      1.270382806022803      1.154772186004082     0.3980347466044234     -2.227191523835004
                   9136      -5.88560962677002     -1.220279455184937      1.270626617499697       1.15350474368079     0.1078026969407314      -3.53433442280933
                   9137     -1.703639030456543     -5.458350658416748      1.271999717020633      1.150037398624793     0.6020326241393061     -1.816255846813916
                   9138     -12.40059947967529     -5.210455894470215        1.2722905946588      1.147070177868119      1.058529882529456     -1.254285953359538
                   9139    -0.3757877349853516       9.45013427734375      1.266380594638869      1.146380005337445      1.726355606942171    -0.7704122461422523
                   9140     -4.210808753967285     -5.411651611328125      1.263210100089787      1.147177922378315     0.2394446597713691     -2.747668738483429
                   9141     -5.427672386169434      8.229778289794922      1.255193384652967      1.139633884627887      6.673833586827167     0.5669942450963317
                   9142      8.771994590759277     0.9464266300201416       1.25351451073896      1.137147076490045     0.8528269003442286     -1.493921815944239
                   9143      -7.77098560333252      -6.90892505645752      1.253147831655165      1.136005767313961    0.08556524582833612     -3.794495946121494
                   9144    -0.1276726722717285      9.505903244018555       1.24672915224149      1.131422419856924      2.726850752611552    -0.3420504732016231
                   9145      9.969497680664062      7.494632244110107      1.243390970537571      1.131116589986491     0.4639445948790535     -2.116139472420192
                   9146     -3.192723751068115       1.04366397857666      1.242240280728702      1.133889042846648     0.3617672820182536     -2.363381268422841
                   9147       7.92170238494873      3.656344890594482      1.242013260607151      1.129406358017671      1.249299396854479     -1.128188189699575
                   9148     0.2179288268089294      1.524690985679626      1.239342634769979      1.125141055081381      2.215445481168655     -0.561253890104736
                   9149     -12.51903438568115       1.68024480342865      1.241933724438795      1.122033233691723     0.2104355885403771     -2.915960527971604
                   9150     -12.57376480102539  0.0008725523948669434      1.245190809611551       1.11908964988272     0.3524785967258612        -2.400157965419
                   9151     -11.90268993377686     0.4267083406448364      1.245588899608608      1.115091329244113     0.7459702612706319     -1.653721712246282
                   9152      6.564974784851074      6.935346126556396      1.243729910692777      1.113328048008457     0.9170087537296515     -1.450366541988606
                   9153      7.670566558837891     -4.735171794891357      1.240264378833835      1.102159057026964      14.42834096332709      1.292593086199292
                   9154  -0.009511470794677734     -5.638004779815674      1.241857672359944      1.099851586430056      1.371287746801662     -1.061663019216202
                   9155      8.879034042358398     -5.783384323120117      1.233600675070403      1.093381409934467      11.63898341758956      1.064375570121595
                   9156      6.955283164978027      1.396473526954651      1.232403755441249      1.091277690064889      1.321694147795541     -1.113966812974347
                   9157     0.9785733222961426     -9.692743301391602      1.229654299233421      1.090407749459275     0.9470878721592356     -1.450275528795114
                   9158  -0.009939670562744141      9.420968055725098      1.224460582131161      1.088482062948287      3.722913415478343   -0.08740584269821747
                   9159     -9.006784439086914      2.014878034591675      1.229070195925579      1.084193642795271      1.709850776941031    -0.8656963380984234
                   9160       5.67738676071167      1.979456663131714      1.229084325833547      1.080211908388218      2.023202708367331    -0.7010884794448563
                   9161      8.242942810058594       10.1885461807251       1.22703481234253      1.080259092240949     0.7824625371143038     -1.652704693208984
                   9162     -3.534809827804565      4.947299480438232      1.224531932097498      1.080285286589256     0.8651233503668966      -1.55429625483562
                   9163      4.507730484008789     -9.422134399414062      1.222006014149323      1.079657331010009       1.30407428926721     -1.146565990267371
                   9164      6.493687629699707     0.9930486083030701      1.217292719452397       1.07927832298657      2.758007143053776    -0.4017666312884262
                   9165      7.807156562805176       9.58970832824707      1.214907940037193       1.07808862056047      1.175883311151558     -1.257319308266995
                   9166     -12.39567756652832     -1.999686002731323      1.215082377887023      1.077606360428076      0.552823442141275     -2.012359386950471
                   9167     -8.346848487854004      1.496054649353027      1.219161518543135      1.073780504549149      1.372170005211257     -1.103454531453805
                   9168      9.210247039794922     0.4595935940742493      1.218512463009203      1.070611828673946      1.432076499996978     -1.064210310793212
                   9169    -0.7658085823059082      7.910581111907959      1.215335594557224      1.066847456107874      2.913314374767082     -0.360177270930353
                   9170      -9.06873893737793      6.675024032592773      1.223155916218161        1.0744819209593      38.79084227789498      2.242260232258496
                   9171      4.711649417877197      4.947853565216064      1.219738591466901      1.072666616898615      1.094946177404581     -1.329707420426633
                   9172      8.330631256103516      7.907966613769531      1.217607757308256      1.069841413687016        1.0339576389816     -1.391404597220654
                   9173    -0.7008359432220459      4.845090866088867      1.214280712580016      1.067137439946473      1.529347530613376     -1.005224046463363
                   9174      7.966836929321289     -4.840356826782227      1.206704483057615      1.059572968870958      18.86497092287782      1.493868946282097
                   9175     -1.069567918777466      4.194604396820068      1.203872181515606      1.056436821252345      2.545068214522748    -0.5145945204820946
                   9176      5.050172805786133      6.503250122070312      1.200822193941202      1.053521783255211      1.561587159460579     -1.008349080594987
                   9177      3.453907012939453     -6.926734924316406      1.198043100706042      1.055980387435835     0.9571602772498592     -1.497822243275587
                   9178      5.726869583129883      3.585890054702759      1.194881662420257      1.054980157962764      2.215260640206549     -0.662257729988068
                   9179      10.68355369567871      4.234113693237305      1.194094464276406      1.052749944786733     0.3431445922053422     -2.530006415195722
                   9180     -2.879348039627075      5.765031337738037      1.193059926747037        1.0543249638398      1.537704509665942     -1.029484091896046
                   9181      8.702372550964355      5.927768230438232      1.192771979500764      1.052215745397462     0.8601571075493891     -1.612658965362547
                   9182     -8.793390274047852     -5.857348918914795        1.1924832740277      1.051794202012268     0.3484723565587818     -2.516857895146337
                   9183       7.82545280456543      5.599210739135742       1.19085167309508      1.050364363748352      1.570828992756891     -1.013787548680863
                   9184      4.013023376464844      4.797481060028076      1.189674035922365      1.048357685789218      1.998478403918237    -0.7759066353589777
                   9185     -8.329626083374023     -13.74742126464844      1.188787235802465      1.051282830548234   0.004380074020054926     -6.896941744907223
                   9186     -9.143210411071777      7.245562076568604      1.197900641082071      1.060397270171914      44.99411187104404      2.356548904482722
                   9187     -2.606758117675781     -11.24658298492432      1.195692992248821        1.0598482290178     0.4590110121432565     -2.231026342212829
                   9188      8.414585113525391       4.02113151550293      1.195501428945482      1.057165330202003      1.768590683399494    -0.8848570916575267
                   9189      6.175837993621826      1.111783146858215      1.192015154559423      1.055946622627477      3.694953461772795    -0.1521460306615747
                   9190      3.095527172088623      -7.81508731842041      1.189895947666007      1.054671332219184      1.370409677820268     -1.146992130076687
                   9191      -2.45807409286499      4.340514183044434      1.189282396064057      1.052527017268536      2.335716690891037    -0.6163340788377116
                   9192      5.965123653411865      10.14529132843018      1.188234816342285      1.053976917477179     0.7274574563335761     -1.782357262131933
                   9193      6.380450248718262      8.043974876403809       1.18442401347433      1.053064775462926      1.394005211267965     -1.136054520486925
                   9194     -3.891460418701172     -8.418547630310059      1.183308086134275      1.052055756692101     0.1444866722072351     -3.404704826478242
                   9195      9.419180870056152     -4.545162677764893      1.175514090095616      1.048317499438933      14.17465106073641      1.171150396242775
                   9196       10.6027364730835    0.04685425758361816      1.175813855735911      1.045822116786772     0.9337349340533159     -1.550995745225555
                   9197      9.353869438171387      2.669304609298706      1.175059653412925      1.042750100120582       1.58739265124117     -1.023923615920987
                   9198      6.422328472137451      4.462082386016846      1.172550174071971      1.039334950179497      2.856875642130848    -0.4417062641320024
                   9199      9.288479804992676      2.305175542831421      1.169545864114554       1.03772932680971      2.281615570964687    -0.6706626239216243
                   9200      5.298933982849121     -4.942407608032227      1.168925364774739      1.032261306445622      8.637868108590071     0.6547955702649196
                   9201     -9.633259773254395     -3.471107482910156      1.167272554041809      1.032366430403252     0.4935551656229277     -2.208794002031913
                   9202       1.11219596862793      8.245059967041016      1.164116176193144      1.032432057086893      3.315983740618869    -0.3065631840161951
                   9203      -6.20523738861084     -2.433420896530151      1.164120677216897      1.030708764671131    0.09704929400549177     -3.839520448216769
                   9204     -1.079296827316284     -6.961710453033447      1.162515684741087      1.030122205698785       0.97065585134015     -1.538716417841349
                   9205     -4.378134727478027     -4.981595516204834      1.164591363662406      1.027803676007711     0.2881313100041096     -2.753741437843707
                   9206     -2.642018795013428    -0.6176134347915649      1.163578673674536      1.026171169302923     0.1390704591535116     -3.484636599231005
                   9207      1.023316860198975     -11.19341468811035      1.161128612421737      1.025448688586023      1.120811833924914      -1.40062089935655
                   9208      3.139977931976318     -9.869101524353027       1.15811121676557      1.024463886349091      1.848419841050475    -0.9039059206008764
                   9209      9.255701065063477     -4.925085067749023      1.150810064015904      1.018748691149276       21.3084425580868      1.528947647681294
                   9210      7.772103786468506     -5.792899131774902       1.14468890184721      1.013859745274724       29.8984351580211      1.857506709718586
                   9211      7.469385147094727      8.536253929138184      1.142822243966366      1.012975295332764      2.010417363913526    -0.8444618722101616
                   9212     -3.348519802093506       11.9676399230957      1.141406976781095      1.016503240813455    0.09578355352244587     -3.886230959440546
                   9213   -0.03818678855895996      3.736822366714478      1.137870857599941       1.01667341613504      3.724887638682454    -0.2284654340527059
                   9214     -3.111894369125366     -8.743232727050781      1.135802612921913      1.018461845328217     0.2717805607664591     -2.846324166293536
                   9215     -6.148054122924805     -13.04554843902588       1.13617206558007      1.021813627891998   0.008556842070836729     -6.300977093310919
                   9216      -8.24919605255127     -12.91007518768311      1.136697737095877      1.024388300281803      0.012298899685156     -5.935219395355303
                   9217     -7.225698471069336         -12.3818359375      1.136418187548306      1.025832397467641    0.02087481830883873     -5.405022867975337
                   9218     -4.995086669921875     -11.99575138092041      1.135557456662845      1.026290778575866    0.08195792694041905     -4.037671360801783
                   9219     -8.117763519287109     -10.13517665863037      1.134753268717751      1.026600981046936    0.02910651049751575     -5.073321741142206
                   9220     -7.703307151794434      5.753218650817871      1.128530239783339      1.024496915763558      30.32771578923374      1.867982889072296
                   9221     -10.56628799438477     -13.77785587310791      1.128599951418366      1.023898108869218   0.002535792151859074      -7.52185121213014
                   9222      4.517303466796875      10.12409591674805      1.128959238461325      1.025030677195228     0.8333793389808245      -1.72544453945442
                   9223      8.433520317077637      2.420537710189819      1.126195376426708      1.024493902904649      3.338366173110659    -0.3406716260989375
                   9224     -8.101276397705078     -3.911859512329102      1.125660316107149      1.022828249320599     0.3056340840243407     -2.733622211081739
                   9225      6.644557476043701     -6.336689472198486      1.121155828898865      1.016982550205871      20.28524657071571      1.451897044545277
                   9226     -3.794242143630981      6.263813018798828      1.119414080502626      1.016774701245603      2.877003627915523    -0.5030065980213144
                   9227      8.868151664733887     -2.242823600769043       1.11815326577901      1.014767396694287      5.106909557964883    0.06773540364681781
                   9228      0.719977855682373     -3.321402549743652      1.118422901459148       1.01588206644998     0.4443039060532224      -2.37276655167399
                   9229      8.457280158996582     -4.216707229614258      1.115694812680277      1.010933726635722      32.83058775364969      1.922515471684004
                   9230      9.104840278625488    -0.3850553631782532      1.116404394426918      1.009535132729652      2.132899095615222    -0.8121116581911637
                   9231      9.495820999145508     0.3397993445396423      1.117059008984837      1.007486077192341       2.99929588514052    -0.4726618108983134
                   9232      8.659119606018066     -5.883486270904541      1.115281832714064      1.004323458025878      37.41691988267386      2.046347372433896
                   9233      7.937570571899414     -6.192111015319824      1.111806065327616      1.001588211892971      39.46197647451292      2.093713408910547
                   9234      3.133341789245605     -10.70180511474609      1.110422790786785     0.9997685177566397      1.440428862631325     -1.219746692550198
                   9235      4.140000820159912      1.030452728271484      1.112307373300855     0.9979660612864226       1.87780937803765    -0.9546904739464068
                   9236     -9.944458961486816     -3.731330394744873      1.110600930378185       1.00055113529399     0.6729112337512306     -1.979886532802979
                   9237       6.08885669708252      2.749861478805542      1.109271055417228     0.9983886422336377      3.301383294682944    -0.3927649132193263
                   9238      7.659724712371826      3.627157688140869      1.107868084762072     0.9962703620675072       3.46241852746611    -0.3485286543818476
                   9239     -5.541831493377686      7.720227718353271      1.105265043949601     0.9938131253793144      7.101842087429359     0.3650363622450898
                   9240      8.233983039855957      14.59373950958252       1.10422522746546     0.9967870460153178  0.0005319255655853276     -9.132278091329926
                   9241    -0.5932793617248535      3.987987041473389       1.10197516300019     0.9957662084662838      4.048802869340867    -0.1979142668696862
                   9242      3.369033336639404     -8.100197792053223      1.099705310651345      0.995790147335969      1.783572255775116     -1.019755165505005
                   9243       1.75593638420105      7.792318344116211      1.099134930607579     0.9942971488074269      3.039407278761607    -0.4887301179670737
                   9244      3.069183826446533     -8.841387748718262       1.09686761934199     0.9942941532570998      2.541820554275154    -0.6695800199266716
                   9245     -3.648477554321289      1.631300091743469      1.095253803317738     0.9947307797613787     0.3990782442525554     -2.522091721144758
                   9246      -7.31160831451416     -4.591926574707031      1.097884040791748     0.9931700214211514     0.2513225757276333      -2.98368359373877
                   9247      7.614731788635254      2.497386455535889      1.096228198567158     0.9909868275954264      4.563323046525948   -0.08832447258426394
                   9248     -11.53896522521973     -1.895389795303345      1.100174456486904      0.989191365517474     0.6894790558722952     -1.976414575554617
                   9249    -0.6128067374229431    0.01377351209521294      1.099157707687209     0.9890181029254168     0.4931201076403307     -2.312697895048415
                   9250     -12.97738361358643     -4.262181758880615      1.100272413537247     0.9875486079479018     0.7062524470623308     -1.953951203459872
                   9251     -4.870520114898682     -3.367820739746094      1.100120403558053      0.987395003034412     0.1582147948086491     -3.450264100111999
                   9252     0.9103941917419434     -5.084780216217041      1.098010373514992       0.98636862568703      1.108925905044673     -1.506030359537415
                   9253     -8.656566619873047    -0.3893761038780212       1.09752218498167     0.9859834658517412     0.5683180281873449     -2.175331631169013
                   9254     -5.196610927581787      3.748162746429443      1.096817991153205     0.9846742307495403     0.7088811512816744     -1.956295474866035
                   9255       9.75493335723877      3.797829627990723      1.096425954022933      0.984868235004267      2.195444268451055       -0.8260041443045
                   9256      8.521051406860352     0.4290531277656555      1.097032591912647     0.9821601685439484      3.620066141298915    -0.3280966012999074
                   9257      3.925101518630981     -3.528667449951172       1.09659613230244     0.9794977434569732      4.017203374421867    -0.2271153152832085
                   9258      3.731937646865845      4.274070262908936      1.095158926472946      0.979436102538315      2.058575882506705    -0.8970612723070908
                   9259      3.755146026611328       4.33524227142334      1.093122340912926     0.9785712508675811      2.816181855305667    -0.5864384380686019
                   9260      2.002694845199585    -0.6806452870368958      1.092510903650789     0.9787672195768222     0.6927391995662302     -1.989281405458944
                   9261      9.220915794372559      2.927419662475586      1.092379804817286     0.9761147670360039      4.588502679840517    -0.1014596389679312
                   9262      5.533064842224121     -8.476967811584473      1.090881978176172     0.9756653132075089      2.231585554607857       -0.8241337104076
                   9263      0.788992166519165      4.611382007598877      1.089826867323797     0.9747741884841874      3.402629107298913    -0.4041790998315187
                   9264     -8.005317687988281     -10.90740299224854      1.089254345142217     0.9767378581488528    0.03484905879139057     -4.983969659866934
                   9265      9.478666305541992    -0.3009914457798004      1.088066898708239     0.9764130004552629      3.883427123276209    -0.2719458580090671
                   9266      9.070905685424805      1.277264952659607      1.085843138603526     0.9744231516503411       5.51419981908882    0.07457679009365485
                   9267     0.9657235145568848      -11.3785924911499      1.085143998428114     0.9732278656582479      1.314440809056702     -1.361209914333699
                   9268      -11.4454402923584     -4.503479480743408      1.084231359135614     0.9722235441231091      1.069618789454408     -1.569192802094993
                   9269     -8.068585395812988      5.091121196746826      1.081557474651146     0.9684056707187507      24.81630994987767      1.568602097126478
                   9270     -5.561777114868164     -11.83348846435547      1.081900974874094     0.9680295022255053    0.07069655236450163     -4.292328439872914
                   9271      1.887880802154541     -3.515609741210938      1.080762686853858     0.9695205192586818      1.012678327491199     -1.629884935333954
                   9272     -4.824584484100342       8.55488109588623      1.078043642997983     0.9693961096204502      5.859576245102442     0.1229463664788433
                   9273      5.500605583190918     -8.181207656860352      1.076811552246103     0.9684259344211897      3.552010964405957    -0.3797618629062826
                   9274      5.562117099761963     -2.186633348464966      1.073271669266089     0.9671163585379636      6.548937427023946     0.2273810590553691
                   9275     -13.89676475524902     -2.123373031616211      1.074276203011677     0.9672344075658836     0.3180212349468505     -2.796501301923378
                   9276     -12.12630462646484     -2.440685033798218      1.076499932257561     0.9654695099837836     0.9878350742936544     -1.662862215682829
                   9277     -6.563863754272461     -1.173776268959045      1.077548057175447     0.9641413400326984     0.1744508248219388     -3.397138526866426
                   9278     0.5259032249450684      4.958561897277832      1.075545176695871     0.9648890656711434      4.204131531827428    -0.2160436375701522
                   9279     -3.395932912826538       3.99659276008606      1.074390621890657     0.9656889314588742      1.908408148286184     -1.006087321345612
                   9280      8.496912002563477     -3.256687641143799      1.070808165900412     0.9618625237716689      19.97482906270815      1.334805938025122
                   9281     -1.646590113639832      -2.11750054359436      1.069782264903045      0.961627054655101     0.1175259621320247     -3.801966368458175
                   9282      2.711645603179932      7.011817455291748      1.069101271087689     0.9603645071702759      2.789659446536272    -0.6369013928725206
                   9283     -6.851783752441406     -12.31718254089355      1.068893558421046     0.9625555107133453    0.05066719325650711     -4.643213048169428
                   9284     0.5896072387695312     -7.021604537963867      1.068728786242304     0.9621361283312138      1.264587929761497     -1.426580028389723
                   9285      5.557340621948242     -6.654017925262451      1.065379587527087     0.9599670563542729      10.68949844342301     0.7025397406720724
                   9286     -4.327954292297363      5.684860706329346      1.063441832953523     0.9594899621320125      3.049408810081022    -0.5540919353299336
                   9287      3.327908992767334      11.40137672424316      1.063670652983488     0.9592858833015262     0.2800995265564247     -2.941647532975388
                   9288      3.430239677429199      14.26321029663086      1.063532384162351     0.9597075581292901   0.002593900192780296     -7.623320441575974
                   9289     -3.964175701141357     -1.509891748428345      1.062292477558028     0.9596695330077509     0.0912169430079136     -4.064448532728247
                   9290     -9.586153030395508      1.798200488090515      1.061619425820327      0.958482504862347      1.527176685379488       -1.2483846491646
                   9291     -10.44546508789062     -9.079180717468262      1.061875943995931     0.9575922752109928    0.01952668241867404     -5.608466418152905
                   9292     -10.14039993286133     -3.940457105636597      1.060505095354744     0.9566778576683282      1.095301389543581     -1.583710603816134
                   9293     -2.631791114807129     -1.894128203392029      1.059091877705626     0.9557935184057067     0.1280581879653045      -3.73226898671942
                   9294     -6.253073692321777     -6.161592960357666      1.057691528063383     0.9547889426701976     0.1493006119580731      -3.58116662084969
                   9295     -6.935399055480957     -4.250078678131104      1.056140137767307     0.9533012300388655     0.3227582584705175     -2.813252027681274
                   9296     -7.834874629974365      3.450691223144531      1.054411982804504     0.9505990704411642      5.892038178987524     0.0867254255514536
                   9297     -13.41199684143066      -1.42914867401123      1.054851808872746     0.9490723957745334     0.6053528712502991     -2.190010547513105
                   9298     -12.37969017028809     -3.006385087966919      1.054404212431757     0.9473846186486371      1.357172124447993     -1.384867938830249
                   9299      3.348646640777588      7.166562557220459      1.053391979447482     0.9460136269083491      3.070376235966102    -0.5708796941088933
                   9300     -5.612105846405029      1.692319631576538      1.052239458882665     0.9463325390046293     0.3645364499655403     -2.702566181689114
                   9301      7.706582546234131      13.41163730621338      1.051062431028715     0.9470640596698022    0.01453152917409243     -5.925218525389576
                   9302     -2.440250158309937    0.04786283522844315      1.051172794579759     0.9471913023989086     0.3154211846006802     -2.847391057995714
                   9303     -7.629666328430176     -1.062967538833618      1.051333321493709     0.9467527960120646     0.3606796973920547     -2.713619959097311
                   9304      9.353209495544434     -3.172483921051025      1.048559704439685     0.9425856601211392      18.48183100454222      1.215880266940445
                   9305      3.162520170211792     -2.348659038543701      1.049882786704087     0.9410261444466085      2.462251076855253    -0.8002267358915709
                   9306     0.0334169864654541      3.304953813552856      1.048411291547371     0.9397179797331496      5.901522525774443    0.07111395578453324
                   9307     -11.70754814147949      -2.77348804473877      1.048098555289302     0.9388794964385545      1.959367751872108       -1.0326655808325
                   9308      5.519723415374756     -8.081080436706543      1.046457298811849     0.9374976577727524      5.976200943774683    0.07945760170471321
                   9309      -4.27660608291626     -4.578571319580078      1.047058942273535     0.9368071395869308     0.3391414897244714     -2.789827413122208
                   9310      8.127634048461914     0.5340595841407776      1.046028181560198     0.9356616289607783      5.976187072098731    0.07708477391837963
                   9311     -4.090590953826904     -5.480734825134277      1.045526449937259     0.9355805908622024     0.4513063244962726     -2.506873318934626
                   9312     -1.987457990646362     -8.865663528442383      1.044977146313895     0.9352524792723255     0.3616824190433798     -2.729129396316191
                   9313      -12.5087251663208      2.153640747070312      1.044058065854692     0.9361088644356915     0.3714472282410082     -2.702453779405368
                   9314      9.344478607177734       3.61860466003418      1.043126058740671     0.9357043661462607      4.900017615020907    -0.1241917795477082
                   9315    -0.2641021013259888     -2.743828296661377       1.04463073256544     0.9357236624403917     0.4148112163845897     -2.591900293489709
                   9316     -1.632969379425049     -7.403558254241943      1.044311320888492     0.9355671120749336     0.8150983638983585     -1.916888142050025
                   9317     -4.108075141906738     -3.173258781433105      1.043798871031453     0.9348876879683419     0.2660642042833904      -3.03767659736959
                   9318     -6.802511692047119     -7.463459491729736      1.043169060463298     0.9344797331259702    0.08829710448198519      -4.14174695943568
                   9319     -3.171677112579346     -13.42729187011719      1.042242173693469     0.9348385720696761    0.07335097230128536      -4.32770351436463
                   9320      5.179685592651367      6.460282802581787      1.041798771196538     0.9356060235630118      2.272761747693039    -0.8938131877774567
                   9321      4.398962020874023      6.745204448699951      1.040834396720785     0.9376217174619337      3.404109946554064    -0.4885994016093215
                   9322      8.829710006713867      7.522862911224365      1.040043299352785     0.9383366192650568      1.385345576308281     -1.387631466260085
                   9323      9.875400543212891      5.236040592193604      1.038867463713386     0.9382625933042843      1.654427710913783      -1.21133603076423
                   9324     -7.446309089660645      1.802371501922607      1.038382059278108     0.9378027845162504      1.512692591154766      -1.30185748720924
                   9325     -3.982974767684937     -8.734777450561523      1.038734919287285     0.9384650700282851     0.2957474026810534     -2.932952561377269
                   9326     -6.573287963867188      -4.37434196472168      1.038601277994619     0.9396203323989097     0.4322928600827016     -2.552253417082829
                   9327    -0.2191953659057617     -10.46885871887207      1.039407285649273     0.9390771438524581      1.254571740599796     -1.486609652414328
                   9328      -1.02236270904541     -12.78920555114746       1.03829420902481     0.9403288791454729     0.4515743366239475     -2.508158595954152
                   9329     -8.620665550231934      5.069945812225342      1.036027474143042     0.9379227967360002      34.70174572206391      1.828899108560268
                   9330       -2.4361252784729     0.7881721258163452      1.036160847538564     0.9376216226988501     0.5815279446792911     -2.260179570059278
                   9331      -8.33992862701416     -8.218294143676758      1.035547480164259     0.9373535413535012     0.0631011451497525     -4.481977773551868
                   9332     -9.288454055786133      7.221670627593994      1.034884081486063     0.9364840914818636      44.43459089404148      2.073488008306216
                   9333      3.349771022796631      7.576053619384766      1.033840637639188     0.9361253720869027      4.360587044446309    -0.2493154428498376
                   9334     -3.805203914642334     -3.345108509063721      1.033676540824904     0.9350611673418227     0.3791254614649587     -2.693106433480299
                   9335      10.44728851318359      1.391584515571594      1.031892533350458     0.9338083729500068      3.934745542522485    -0.3564401974984445
                   9336      2.689900398254395     -7.063406467437744      1.031974734538036     0.9325482292297199      2.024645229361367     -1.022162643326417
                   9337      3.502346515655518     -8.225525856018066      1.031474906354368     0.9309179900796725      4.037858242752946    -0.3340768636444965
                   9338      6.920397281646729      12.59218692779541      1.031384873690384     0.9308170304542033    0.07689854505603343     -4.295255346451487
                   9339       6.42560338973999     -8.143168449401855      1.031323293080566     0.9290022621858657      8.353866920217783      0.390726249571019
                   9340     -8.109623908996582      6.202718257904053      1.031365022653114     0.9289912483955008      50.60914785729116      2.192162667108128
                   9341     -12.09465408325195     -4.404448509216309      1.032245754324459     0.9275669079273888      1.817221163007092     -1.135341985086137
                   9342     -7.161923408508301     -7.824806690216064      1.030933726087027     0.9277899093782727     0.1093671296813318     -3.946726844336397
                   9343      7.202530860900879       6.60159158706665      1.031023729160677     0.9289419052872303      1.947072766559312     -1.066026666413877
                   9344      3.542781352996826      12.37461566925049      1.031512352979993     0.9289846222016779      0.130127252002202     -3.771076419347689
                   9345     -13.43998527526855     -6.179771423339844      1.031413991873783     0.9285161113319333     0.6440501171386404     -2.172412521588958
                   9346      9.818255424499512       8.74672794342041      1.031046230752477     0.9287994227069808      1.036814669488549     -1.696332139531403
                   9347    -0.1780896186828613      2.646812200546265       1.02945671790719      0.927915734064279      5.636078498888242  -0.005791536759014612
                   9348      8.433104515075684      6.101498603820801      1.028795544530221     0.9275366090937726      2.179757000918931     -0.956817777125468
                   9349      7.773491859436035      6.757210254669189      1.027831498331318     0.9267242140443177      2.864875070733221    -0.6853201854851967
                   9350      5.651534080505371      4.959150314331055      1.026913546553014     0.9257151489949205      3.507888882276421    -0.4848134702495946
                   9351     0.6461777687072754     -8.673635482788086      1.026649901746378     0.9258243959485934      1.243970339701804     -1.521658478892544
                   9352     -5.429343700408936     -5.296985626220703      1.026221012589065     0.9256012529592016     0.5164756862132643      -2.40135258909212
                   9353     -4.099502563476562       5.10157299041748      1.025504792309116      0.924818119311303      3.274375999074955    -0.5560428100463196
                   9354     -1.679217219352722    -0.8295225501060486      1.024328434404528     0.9239912058440998     0.3794097875161043     -2.713350846849179
                   9355      1.819505929946899      8.631733894348145      1.023436080555061     0.9240842327098174        4.1220577971001    -0.3286307836604594
                   9356     0.4404253959655762     -8.973071098327637      1.022178657650654     0.9244292095024297      1.578371396532814     -1.289445870133043
                   9357     -4.714028835296631     -6.345839023590088      1.021962165406825     0.9244309893357302     0.5022449013997013     -2.434716742759313
                   9358     -12.42044639587402     -5.336016654968262      1.022500229401573     0.9236217033694432      1.880179483806712     -1.115031536861171
                   9359      2.206844806671143     -7.150386810302734      1.021789342402989     0.9225175420849565      2.845799041277384    -0.7024465629912405
                   9360     -12.14547252655029     -4.657443046569824      1.021452174621568     0.9212872676272917      2.831586602779018    -0.7091177854181621
                   9361      2.045997858047485          5.61474609375      1.021806677542281      0.919673843907942      3.424853996316204    -0.5203019437572133
                   9362      8.400572776794434      1.328075766563416      1.019346156988039     0.9177371537233554      8.081282245638191     0.3336707891874899
                   9363     -1.342890977859497     -6.893816947937012      1.019295311106566     0.9171591196967548      1.367497891349859     -1.443576978779575
                   9364    0.04782199859619141        6.8294358253479      1.018099814941789     0.9173146584575332      2.443992409354893    -0.8639307371858199
                   9365     -3.536491870880127     -7.990078926086426      1.017582405779484     0.9176079711927581     0.4611756798247885     -2.531728536461905
                   9366      2.108947277069092     -10.35762023925781      1.016067602858607     0.9175322503570037      2.352171423507651    -0.9039856621382301
                   9367     -8.404445648193359      1.290918231010437      1.015929589928374     0.9172951904142846      1.935560279753588     -1.099321978778999
                   9368     -2.807006597518921      3.241488695144653      1.015703475674657     0.9161739318969292      2.644855166112622    -0.7885482016787995
                   9369     -9.246931076049805      6.896867752075195       1.01924476394841     0.9187211617594635      62.71247085673012      2.383652723697734
                   9370      8.335251808166504      9.394841194152832      1.018663731909318     0.9186008551537902      1.807877135388228     -1.163455480370205
                   9371     -3.770069122314453      7.943615913391113      1.017095305951431     0.9178148420925346      5.104122618850038    -0.1279571198741737
                   9372      3.674317359924316     -9.782645225524902      1.016261997183448     0.9167292802360696      3.476811959496965    -0.5138930255734874
                   9373     -1.163471698760986      8.799126625061035      1.015862080662155     0.9164778080489995      3.371289023818156    -0.5453815717920704
                   9374      -10.6751070022583      1.951374769210815      1.016167556731402     0.9153092887337714      1.416946305788894     -1.413147839070765
                   9375     -9.632229804992676     -8.132235527038574      1.016867909346009     0.9145060642971962    0.05522416184623758     -4.658195570216971
                   9376     -4.812029838562012      3.288345813751221      1.015672616285553     0.9140760958235761       1.39925941538892     -1.427544187789734
                   9377       -2.3344407081604     -6.060997009277344      1.015180431962674     0.9131176183025019     0.9581768168106839     -1.807744077108812
                   9378      4.173138618469238      2.838581085205078      1.015658903717295     0.9125589504293974      3.153515218265489    -0.6166441607923474
                   9379     -14.02603149414062     -5.225195407867432      1.015046818626228     0.9125008367211408      1.186820681254467      -1.59455041250198
                   9380      9.086214065551758     -4.021723747253418      1.012930268146686     0.9103084889099805      35.57184136575864      1.801233090376092
                   9381      7.379331111907959      2.629880905151367      1.012519577860341     0.9092642852156491      6.945835789716302     0.1662677753422945
                   9382      3.930154323577881     -11.06656646728516      1.013112853019623     0.9084662944080624      1.873254819185852     -1.144489314822803
                   9383      2.978426456451416      -6.48595142364502      1.012170752294852     0.9079671129737839      2.911886455768026    -0.7048456077300228
                   9384     -8.006918907165527      7.418089866638184       1.01101809705273     0.9073573372076913      46.93265447513482       2.07325569185818
                   9385      5.864735126495361     -7.085917472839355      1.008621014591112     0.9055501433586459      14.06737851178004     0.8640330658517067
                   9386      4.321249485015869     -6.899748802185059      1.007170218052404     0.9040378422684695      6.603109051535014     0.1046042728054439
                   9387     0.6540834903717041     -2.986296653747559      1.006170028790737     0.9032834254977034     0.7041652275388393       -2.1355069933176
                   9388      5.066679000854492      5.863492488861084      1.005483981036425     0.9025613597648491      3.882147837624359    -0.4298579462269693
                   9389      10.33933258056641     -6.172792911529541      1.004348219652424     0.9007008421771875      11.56463898778782     0.6585118581261313
                   9390      4.548699378967285       6.76280403137207      1.003019453236899     0.9003868080781608      4.906374222662291    -0.2005776053301019
                   9391     0.2214269638061523     -11.97891044616699      1.002041247957919     0.9008836993563903      1.211765361413694     -1.599458578501418
                   9392      8.167372703552246     -2.158411026000977     0.9995245319278591      0.900820621607791      12.24273129701775     0.7108107774849535
                   9393     -10.97396850585938      1.151204943656921     0.9991326476897914     0.9003669178637095        1.1304675263224     -1.672386263070477
                   9394    -0.1864428520202637     -7.382349491119385     0.9998509425232889     0.8994527457801378      1.745434174695065     -1.238311403447139
                   9395      1.699000358581543     -7.689398765563965     0.9985837705374029     0.8991259720445954       3.08059508427374    -0.6718234848893748
                   9396      8.063794136047363      10.97538471221924     0.9983197119241806     0.8995555466115852     0.8278487009582205      -1.98565795511618
                   9397     -2.947155952453613     -9.307195663452148     0.9975716708031785     0.8998664114652375     0.5055064161086975      -2.47933169818771
                   9398     -10.65299510955811     -13.78293228149414     0.9993978855669008     0.9018827937769182   0.002701377492903242     -7.707063366467792
                   9399      11.07602500915527       7.27424430847168     0.9994539564650723     0.9021074263883876     0.4036143425496083     -2.700060224713701
                   9400     -5.550277709960938     -1.411618113517761     0.9996405209567478     0.9032887658699266     0.1854967247449121     -3.475987498226644
                   9401     -5.293990612030029      7.839613914489746     0.9979797134495517     0.9018674590842416      9.157823339748289     0.4201015734022942
                   9402       -7.9828782081604      5.255476951599121     0.9977845362682298     0.9004419570265327      45.30884092565385      2.017217773605079
                   9403      4.766255855560303      15.05272102355957     0.9974643065805731     0.9017357089067826   0.001271024866350213     -8.463101353237695
                   9404     -8.128021240234375     -9.807634353637695     0.9966298542818642     0.9018487605177843    0.04756128327904097     -4.841617416334834
                   9405     -7.129449844360352     -14.07205486297607     0.9957786811559031     0.9034695029851201    0.01420310913767577     -6.049234472007446
                   9406      -6.97571325302124      2.381043910980225     0.9949970501690825      0.904109393626187       2.01999457629217     -1.091922504773393
                   9407      5.993122100830078     -5.727674961090088     0.9931387629371883     0.9014833107178761      19.55412177315124      1.173390554284364
                   9408       8.67988395690918     -4.427234649658203     0.9916449251458298     0.9002531528636586      45.11021178919245      2.006442288541234
                   9409      10.34598731994629       4.47288990020752     0.9910298035862578     0.8995664437133696      2.232990886780096     -1.000708049523645
                   9410      1.406955718994141      6.859920978546143     0.9895511163490379     0.8999688454988974      4.181605601529055    -0.3744006103295479
                   9411     -13.38584327697754     -4.660502433776855     0.9890980664894331     0.9002836363113143      2.124856949001223     -1.051499636347771
                   9412    -0.8006377220153809      3.726814985275269     0.9889959351865554     0.8987854988360225      7.122770676450363     0.1563239501362865
                   9413      7.979228019714355     -4.936736583709717     0.9882934355346061     0.8981279051218903      50.44826960349062        2.1125331242372
                   9414      8.207735061645508      3.614576578140259     0.9869851781059248     0.8977736759783145      6.055584946292365  -0.009153462024499197
                   9415     -3.402026414871216      5.353156089782715     0.9861381887722663     0.8968298687589734      3.754518678564358    -0.4890846990710587
                   9416     -10.07180118560791     -3.849848031997681     0.9867689142260553     0.8960932938724089       1.48066035173636     -1.419738882783065
                   9417      4.140854358673096           8.0693359375     0.9858112093901696     0.8951213541954663      3.435857153599491     -0.580016872172301
                   9418      4.417081832885742      4.331177234649658     0.9849154673350483     0.8951474162587111      4.052528720447235    -0.4158221725621482
                   9419     -4.403224945068359    -0.6090279221534729     0.9851416323228405     0.8942731389182156     0.1903470005337189      -3.47481734829056
                   9420     -10.99413204193115     -3.892554521560669      0.984691220019227     0.8933980817591105      2.545944157562012    -0.8828455293007467
                   9421     -2.678391218185425     -9.409795761108398      0.984266972565768     0.8940354587234127     0.6271391398737732      -2.28365170546757
                   9422     -6.196185111999512     -12.26704406738281     0.9837453232909641     0.8958872124482649    0.06867299548161641     -4.493925131451316
                   9423     -5.323668479919434     -9.968439102172852      0.983090142425607     0.8972684020311964      0.157117038621288      -3.66541589335319
                   9424      6.964489936828613      3.101230144500732     0.9818331374702414     0.8960194860950479      6.758327863809116    0.09345156805273158
                   9425     -4.708675384521484     -5.034204006195068     0.9817576660574471     0.8955349333932704     0.7372945847773873     -2.122709493416126
                   9426   -0.09424376487731934       4.99777889251709     0.9802100797267314     0.8945924368024464      5.516169818393355    -0.1128885689866549
                   9427       3.14031982421875     -1.179991245269775      0.979176069724061     0.8946859074100654      1.464882445962054     -1.439748281713213
                   9428      1.579929709434509     -2.173809051513672     0.9789484361276953      0.894307292319256      1.058972734717456     -1.764879732622635
                   9429    -0.9392590522766113     -9.515524864196777     0.9790469423272273     0.8934864018516472      1.076200502499826     -1.749559976247013
                   9430     -7.978921890258789      3.627184391021729     0.9773669898932899     0.8919453451901457      12.04278631303776     0.6620254364320236
                   9431      6.132421493530273      -6.03990364074707     0.9752944737018781     0.8905482367769055      25.37318034356832      1.403561975958024
                   9432      1.752057552337646     -8.173144340515137     0.9743442611173838     0.8897303478991844      3.519964571051791    -0.5735734139185493
                   9433     -5.288973331451416       8.64283561706543     0.9725066554680133     0.8889486428278813      8.052654187849154     0.2512106658508352
                   9434     -1.845447540283203     -2.308693170547485      0.972083990704075     0.8890192984010967     0.2548041075690649      -3.20240654787211
                   9435     -8.005258560180664     -5.125125885009766     0.9714281428586299     0.8882909309588485      0.465402624685911     -2.601493240671428
                   9436     -1.259256839752197      9.745861053466797     0.9701322982289713     0.8888476788974984      3.062119634104438    -0.7182417672152911
                   9437      3.737104415893555     -8.529956817626953      0.968935146282849     0.8879080835376875      5.397360531880286    -0.1537315144623872
                   9438      7.539426803588867      2.736595630645752     0.9684304894897846     0.8864677205685142       9.39445912482512     0.3983340148729488
                   9439      -11.7629280090332     -12.90354633331299     0.9685076052519105     0.8869540225781121     0.0012334459362082     -8.539101438294843
                   9440       6.10792875289917     -0.890852153301239     0.9685109727030662     0.8875726695276256      3.952650808619435     -0.466070811253176
                   9441     -9.480922698974609     -12.02457427978516     0.9680743708427834     0.8874423727949043    0.01739882904744938     -5.892407337660485
                   9442      8.676974296569824    -0.9193285703659058     0.9669317511223485     0.8863287573813956      6.101411710169939   -0.03497144031259265
                   9443     -8.013132095336914     -6.071245670318604     0.9667291566279679     0.8858024362803144     0.3567210493189611     -2.875096332626937
                   9444     -5.962577342987061     -9.431634902954102     0.9660242053928152     0.8850428724877438     0.1286080294871955     -3.896868520269583
                   9445      7.014640331268311       8.94447135925293     0.9656701083246589     0.8848751923359688      1.925477248360951     -1.191264726588153
                   9446     -5.433385848999023      6.123151779174805     0.9646450020773648     0.8852400208692023      6.747137188384713    0.06202980570306928
                   9447    -0.5402417182922363      3.236836433410645     0.9632688414511544      0.885343436134012      8.830963587900611     0.3298648446320048
                   9448     -13.96279811859131      -2.45217490196228     0.9634141054128763     0.8848927963394125     0.7598564253498264      -2.12338340599645
                   9449     -9.720775604248047    -0.7545926570892334     0.9639058575948457     0.8840321450363023     0.7320474987905276     -2.161130288581576
                   9450     -10.34912586212158    -0.5823197364807129     0.9637921885038028     0.8834992108748599      1.000314340888186     -1.849627078046298
                   9451      -9.31954288482666   -0.08265209197998047     0.9631658928957693     0.8826634667428417      1.332523810087073     -1.564463054948069
                   9452     -13.20151329040527     -2.545994281768799     0.9631667453775804     0.8817132111500574      1.614290949524537     -1.373718253156328
                   9453      5.512657165527344      11.39011573791504     0.9626872616386212     0.8821258102890496     0.2859579674569203     -3.104554620625128
                   9454      5.575960159301758     -7.552007675170898     0.9612506053825225     0.8809679381784332      14.57453145975084     0.8238245008249079
                   9455      4.968297958374023     -4.573705196380615     0.9605713727255492     0.8805086240418716       9.65788634965752     0.4110953622073603
                   9456     -11.38928985595703     -14.56461811065674     0.9605007252450799     0.8811191575908918   0.001657489774260993     -8.258510865970571
                   9457      -1.16911506652832     -11.04424095153809     0.9597184210550576     0.8826761419661396      1.142852822435355     -1.721581561926372
                   9458      1.078592538833618     -1.830364942550659     0.9589471300898308      0.883210574947582     0.9457209162445622     -1.911115643384185
                   9459     -3.096567630767822      2.847495555877686     0.9584439851868475     0.8827498982109648      2.319950656377343     -1.014808510548123
                   9460      1.619900822639465             0.44140625     0.9588093934434915     0.8823925793149265     0.8476091711262246     -2.021713742095556
                   9461      3.718490600585938      8.474213600158691      0.958307166636745     0.8823473798869647      3.697603036722338    -0.5492684925673119
                   9462     -11.36163139343262       2.16237998008728     0.9574940321575166     0.8830683500060135      1.258514942170931     -1.627052966390093
                   9463     -11.45637989044189     -0.477685809135437     0.9576779938542168     0.8822581588886753      1.112701531368773     -1.750920288478711
                   9464     -12.92228221893311     -1.559006333351135      0.957615247060251     0.8812899032272017      1.555195169370637     -1.417273709157787
                   9465      1.317231893539429      5.427476406097412     0.9565368146214258     0.8809861782564251      4.567944374312055    -0.3412829582289897
                   9466      9.458975791931152     0.1709660589694977     0.9563713178252239     0.8801038505714917      7.651427006423893      0.173370857761649
                   9467     -3.169017314910889      9.034987449645996     0.9563867877860766     0.8806077354529263      3.382556699799997    -0.6423009252431933
                   9468      3.797772407531738      3.553699254989624     0.9562860671287862     0.8805607632209369      3.854682558670787    -0.5118027719769668
                   9469     -10.76167678833008      1.316794872283936     0.9563920541724769     0.8797958085010753      1.914118241180664     -1.212592627030101
                   9470     -12.12588214874268     -5.122811794281006     0.9563763949865222     0.8787049945915555      3.292458448808954    -0.6714721520700034
                   9471     -4.328016757965088     -5.520020484924316      0.956104024544833     0.8779090239848553     0.9026691514227776     -1.966696957981986
                   9472      3.313451051712036       4.88035249710083     0.9555912860298891     0.8771349352327751       4.38518838824345    -0.3874837434113284
                   9473      5.172379970550537      6.739631652832031     0.9546099888122341     0.8763086389134521       5.29092518943909    -0.2016931179870983
                   9474     -4.140253067016602      2.701025009155273     0.9540338794679087     0.8765893487111214      1.707901972073736     -1.332703945964085
                   9475      10.58118152618408      3.733476400375366       0.95462141574418     0.8760149860403108      2.994726725003936    -0.7711564470105222
                   9476      -11.5604190826416      -9.25165843963623      0.954964454444961     0.8758036445893412   0.009657647503081715     -6.507896622405615
                   9477     -8.826987266540527      3.154805421829224     0.9540063158818731     0.8742246515143636      8.296922820457905     0.2451849069586305
                   9478     -10.16111946105957       -1.5960853099823     0.9541707805601131     0.8732985848342898      1.294458587825871     -1.613494748938329
                   9479     -13.14930725097656     -3.962491512298584     0.9537911228994272     0.8721495253058966       2.91102758261263    -0.8047957454585106
                   9480     -9.742084503173828      5.388784408569336     0.9520795515960907     0.8700002823192775      40.09261665067159       1.81362685659126
                   9481     -8.669624328613281      6.825381755828857     0.9532456575879715     0.8719379390399306      69.29331567121974       2.36423187308647
                   9482      9.229991912841797     -7.566479206085205     0.9529158059583293     0.8711521709414097      8.094916949870326     0.2158720835825798
                   9483      -4.17902660369873     -5.971476554870605     0.9531023567333753     0.8710309850730686     0.9436457914758269     -1.933312018542175
                   9484     -6.740451335906982      2.028457403182983     0.9524329161093267      0.870476286774696      2.177611966113886     -1.098418426254625
                   9485      7.692747592926025      14.63183116912842     0.9519954558103141     0.8702920753961497    0.00523886785657815     -7.128968193671147
                   9486      10.06305599212646      12.69567012786865      0.951648983703262     0.8703546776147049    0.02200001261178251       -5.6943226635668
                   9487       9.00078010559082      4.595643997192383     0.9523644042005482     0.8693238175852037      4.505306441055684     -0.372788128858118
                   9488       6.85046911239624        12.915846824646     0.9524042807286435     0.8689629076917381    0.06633616758958417     -4.591437434022668
                   9489      5.594579219818115     -8.668292999267578     0.9516009712417464     0.8687679489635627      8.015331685562476     0.2018705573208975
                   9490      6.593396663665771       9.15366268157959     0.9514517685535698     0.8683923575899022      1.968217008216118      -1.20294677349945
                   9491      4.232344150543213     -1.468419194221497     0.9504554901122477     0.8677080451128859      3.037963380760535    -0.7707234795409907
                   9492      5.077975749969482     0.4999610483646393     0.9503260528790676      0.867293695098354       2.56270543724048    -0.9414611481599344
                   9493      3.862955093383789     -7.192142963409424     0.9489878023955819     0.8671239654118541      7.789263473062954     0.1686167342631519
                   9494     -3.951453447341919      2.742331027984619     0.9482253412686252     0.8665902483498585      2.247493423731732     -1.075733473834666
                   9495     -10.13179206848145      1.053747296333313     0.9490434877932669     0.8657298124392162      2.318187873565941     -1.044894188480156
                   9496     -12.48365592956543     -2.610725879669189     0.9498220934343188     0.8647938722830009      2.775151877475197    -0.8652361134921206
                   9497      1.596655368804932     -10.50881958007812     0.9494263067654879      0.864880489490099      2.366848075381384     -1.024699073874153
                   9498      2.861407279968262      5.117016792297363     0.9489810822626465     0.8643024779104034      4.744173620421564    -0.3304785467453015
                   9499      5.882543087005615      7.856947422027588     0.9479382463431629     0.8644601510154875      3.238492503099155    -0.7132049543189329
                   9500     -10.92724323272705     -11.75539970397949     0.9479216693190472     0.8657793851518323   0.006084834610816391     -6.988761204035425
