#! FIELDS time deep5.node-0 deep5.node-1 sigma_deep5.node-0 sigma_deep5.node-1 height
#! SET action OPES_METAD_state
#! SET biasfactor       12.02723625380408
#! SET epsilon   2.008904905162975e-06
#! SET kernel_cutoff       5.122093479753262
#! SET compression_threshold                       1
#! SET zed      0.1757872274552852
#! SET sum_weights       1078.143726577846
#! SET sum_weights2       3420.574195651175
#! SET counter  992
#! SET adaptive_counter  500000
#! SET sigma0_deep5.node-0      0.1906255156072816
#! SET av_cv_deep5.node-0    -0.01355299200381283
#! SET av_M2_deep5.node-0       126208.0387882462
#! SET sigma0_deep5.node-1      0.3140623147433967
#! SET av_cv_deep5.node-1    -0.08615201328909061
#! SET av_M2_deep5.node-1       96828.82334093866
                   7000     -0.712689424910826      0.702647840046841     0.0727347488879258    0.06941449275245057      693.5913026098133
                   7000     0.3284677619167765     0.2142859178002446    0.07948693049824621    0.08050116443390602      72.49471953472306
                   7000    -0.3717396511946225    -0.2584476126330442     0.0712084990960402    0.06581508756700506      128.0841397040674
                   7000     0.3970461227699631    -0.3589519247651065    0.06817548762437448    0.06037582115777792      135.3228577486298
                   7000     0.9059731190276246     0.6364278614154366    0.07000447669264823     0.0694109503323263      778.4274555842146
                   7000    -0.6015051993037731      0.353535080036518    0.06615082648934136    0.06337578376454354      796.6511086093806
                   7000      0.164539951746903    -0.5371496469881725    0.07811587525071342    0.07100336431629742      36.56147960905506
                   7000     0.6208872623008406    0.01139279598527081    0.08035880841809628    0.07127320828766631      298.3821584336933
                   7000    -0.3873598735847699     0.1050498478356138    0.07194319247491739    0.07070729534932114       98.5720182036242
                   7000    -0.2013752817203565     0.3293211566875827    0.07034006448300159    0.06641683023449012      18.78191866587281
                   7000    0.09475095733343597    -0.3037312072077169    0.07531939940576693    0.06258295457290707      80.93067492731194
                   7000    -0.4746668281573579    -0.2826148423713214     0.0698763279414598    0.06540324095839443      51.67212683634914
                   7000     -0.246932067340478    -0.7699556804506975    0.07546275206810164    0.06341513385687082      1.040946106137318
                   7000    -0.1822702895254068    -0.4132471792192575    0.07981709577171235    0.06883325455688427      42.56387463451577
                   7000     0.8399368764200095     0.5189238827566025     0.0748494808336265    0.05879346119312407      1351.938817727252
                   7000     0.5820685797614998     0.2666160251887307    0.07708826163213373    0.07042899431535124      206.6990764754352
                   7000    -0.2821856508960047     0.1300195832396274    0.07310905651178649    0.06086434516312009      52.35644080168357
                   7000    -0.1704595908804705   -0.06012323368688088    0.07688258449479775    0.06481163870207773      157.2845201382326
                   7000    -0.5774137839781304     0.1369607369956719    0.06818485315116456    0.06416811287232443      214.5904735911378
                   7000    -0.6307157642122401     0.5463793030579303    0.07094056691275731    0.06429913157159277      1710.391895064262
                   7000    -0.3669976153783371    -0.5973944147543101    0.06604135455352253    0.05751281027164456      7.642712365812064
                   7000   -0.06539891719813611     0.0951246734788829    0.06999421594669133    0.06127995958767202      32.50991180366934
                   7000    -0.7284602665007455   -0.08015054616531463    0.06434358824442334    0.05629379352876661      15.42598102778384
                   7000     0.3586843342495171    0.01105910503602566    0.07474757718282617    0.06987475961214533       110.694952612132
                   7000    0.03843301550016119    -0.1005793626767331     0.0701791446242831    0.06824681013443877      61.46271193680859
                   7000     0.1083927627277411    -0.8068575075650112    0.07463557172236225    0.06899251434721698     0.6366614255853571
                   7000   -0.05004594255119555    -0.3714711088556449      0.081073758821708    0.06577529317179232      19.13883013119779
                   7000     0.3472319614016074    -0.5495272482536456    0.07010748002611174    0.06236967931807935        69.663869312084
                   7000    -0.1972712414886851    -0.2446427794390517    0.06825331579836875    0.06201021183236908      62.94158951366781
                   7000    -0.8501319885253906     -0.761371910572052    0.09672845853448474    0.09336344410691623  0.0002005954171980292
                   7000    -0.6823339020097597     0.1775680171981844    0.06793562361087557    0.06476849231137645      328.0903471038017
                   7000   -0.05103316070026603    -0.7820481620072655    0.08523370271491253    0.07072041578690233     0.5394356660002702
                   7000     0.2431981882145514    -0.3535614722556011    0.06908631849067874    0.06343314154284659       73.5580806739258
                   7000    -0.5318533281715432     -1.056232181461371    0.07368840607008452    0.07776574419802304   0.005767855222136935
                   7000    -0.5277372780740188    -0.4247957917282866    0.07112931425852334    0.06290216669989634       7.44542466707022
                   7000     0.7833667903579981     0.2367256482146145    0.07212794830297824    0.06469249271793905      190.1249457322448
                   7000   -0.08642612540650228     0.8605746122531761    0.06862398463379406    0.07086548649981148  0.0004690872072073445
                   7000    -0.4745984795343648     0.5094317125272521    0.06579039738832539     0.0609479195185532      36.40197498464101
                   7000    -0.4803078880719608    -0.8601042574146814    0.07697000474479548    0.06699622755139602    0.03300173741535825
                   7000    -0.6473814845085144    -0.9910355806350708    0.08720173558457678    0.08474786936761691   0.001964168110756809
                   7000     0.4578054882673312    -0.1743421824751768    0.07634997435515443    0.06657315002262634       118.316341252189
                   7000     -0.236477607072327     -1.013247979844105    0.07555208199965285    0.06615765726781828    0.02303372587763194
                   7000     0.3372599994568172    -0.8796685746132742    0.06802271545184743    0.06092847872167508     0.1740452642934282
                   7000     0.7604215144392137     0.3074046836973423    0.06728001750847656    0.06341941189265196      586.0806975482026
                   7000    -0.0925869973749235    -0.1813887498417173    0.07160076243799615     0.0688244773336945      44.31642900849032
                   7000    -0.6026226759763951   -0.06934357508999223    0.06511316914779394    0.06080629148360846      37.34616638060067
                   7000     0.2611222584244914    -0.6882846218811083     0.0692578696017401    0.06262986199534361      3.627140154992204
                   7000    -0.3102234240726834     0.4442392632079074    0.06663112795980979     0.0552538963056935      14.28274142166257
                   7000    -0.2067427438237646    0.02865119845792079    0.07329291893410075    0.06075278196261719      93.88795570430115
                   7000     0.5837725656554525    -0.2288228816086203    0.06815359989711071    0.05918746758630057      80.23228365709002
                   7000     0.8111836555882824     0.3884489137381724    0.06719135323663229    0.06397996204303878      1158.742442214848
                   7000     0.5696889139781005    -0.1341038612899725     0.0691559260981349    0.06365141145516838      299.3428159626685
                   7000    -0.4807135775839244    -0.7160862600778204    0.07464202464683681    0.06064161673253514     0.8649229970853675
                   7000      0.785941980264994     0.1419383397141137    0.07225919480781443    0.05856863810494409      73.69285965782383
                   7000     0.5101026403842577     0.4109671940797582    0.06603629784465569    0.05880467331560323      57.50155815070612
                   7000   -0.01933199029161269    -0.6583363374235914    0.06997964298673891    0.06305264051141037      2.159890724324307
                   7000   -0.03612091841346132      0.540033971723337    0.06254245342514497      0.055169879972986     0.1378179084929317
                   7000    0.05743994372526867    0.08944544837344366    0.06963582538099558    0.05595744985517156      16.52237772550569
                   7000     0.6643026563723311     0.4318513523985626    0.07607174632165901     0.0643850718051711       426.578631033319
                   7000     0.5014412403106689    -0.6593767404556274    0.07782649017619359    0.07230515554115989     0.2478859710003088
                   7000     0.4957827752493403    -0.2885539024087527    0.06632271613668708    0.05789183171807067      196.1306759429794
                   7000     0.5753319815154038    -0.4804121709985513    0.06852210916142484    0.06300350141831854      1.652942095018706
                   7000     0.5056077471194055     0.1932600435922624    0.06474501049660135    0.05929191085184801       235.003473776266
                   7000    -0.3614097846926488     0.2139695630422386    0.06624109888003106     0.0589598121750464      60.56056885390648
                   7000    -0.6103858143478126    -0.1999892889897511    0.06255280031347785    0.05589162468043577      15.04491202633383
                   7000    -0.2244473415984329    -0.5824667922175689    0.06434835133596131     0.0610937391257076       7.16748845914077
                   7000    -0.6525454483292271     0.4322928159505802    0.06631917263143457    0.05534784624377227      929.7061165133646
                   7000     0.3382374837846249    -0.6246580745960927    0.07097902416740204    0.05463493432270589       33.0465039305425
                   7000   -0.00984635759100054    -0.4741831476966724    0.06806803693546221    0.06315609381810781      27.55624613443591
                   7000    -0.2986022981394229    -0.3433596424537815     0.0689907396179856    0.06006163732404323      85.93220245141572
                   7000    -0.4980560133497922   -0.01193162996733953    0.06320130465382717    0.05947677305155107      82.20585082653568
                   7000     0.2241514042585082     -0.273688626419265    0.06375147623563814    0.05931335180009354      35.02208799710866
                   7000     0.4141758882065697    -0.4495420063351288    0.06600144780802925    0.05981312891825625      85.73652057795793
                   7000     0.1041918025043231     -0.426043621087202    0.06576370460736056    0.05586590565908333      29.79758025611749
                   7000    -0.1184618107181086    -0.6679662746716004    0.06681856698232547    0.05899134870249557       3.13775557900968
                   7000     0.2641326631366339     0.1416006662636173    0.06573262236942189     0.0583999616585773      25.45277448613571
                   7000     0.6635314066501694     0.6705708397645428    0.06770120667430103    0.06133727097135714      21.76892132253881
                   7000     0.8013560021286791     0.6187710707870876    0.06999908754712723    0.06548831518742226      68.91603361669269
                   7000    -0.4585635141943514    0.04567534180587077    0.06558368921093762    0.05583304139159077      104.0295734596208
                   7000   -0.06149614588133179     0.4195438844470419    0.06751020094527974    0.06144206073026956      2.839847448378873
                   7000   -0.02107531727908469     0.1799301314137148    0.06728158635580223    0.05985423080013566      16.26023128817306
                   7000     0.2246543778942904     -0.120546195936236    0.06741634020959823    0.05651005297610132      58.47862370907403
                   7000    -0.6885827012056877    -0.1705436039641842    0.06481501327455871    0.05484207134293329       7.75074213341118
                   7000    -0.3403973499905296     -1.113677410663567    0.06584770107489415    0.05961322605678471   0.004515879635554488
                   7000    -0.4377993272035293   -0.07534664522616491    0.06379131898065112     0.0544922899576599      67.20737212718548
                   7000        0.6008936655241     0.1798319575197908    0.06223247522697029    0.05714910047761344      290.6347418733827
                   7000     0.2130898724573671    -0.7505299300940151    0.06781286063691278    0.05984151288745494      2.756393421844384
                   7000    -0.3272021114826202      -1.02235746383667    0.06981447811561967    0.06281647647909847   0.005810071408203078
                   7000     -0.351765624403466    -0.6965326613717112    0.06865766856090524    0.06134246905860846      1.463818027961648
                   7000     0.1457236011121786     0.5838121576899657    0.06467790391831518     0.0602653967533232    0.01705469830229821
                   7000    -0.1072849191297196    -0.5364643715962971    0.06902637303134386    0.06196473028405544      6.070078850152143
                   7000    -0.5148752817127161     0.3264648910635182    0.06322584447201483     0.0590700062865076      100.4895075421169
                   7000    -0.7976296932044148    -0.0175778127046274    0.06260576317082168    0.05557949423651495      5.679021596177966
                   7000   -0.03449815361460659  -0.001762854575130313    0.06575740711675689    0.06203965930925484      26.03675282588089
                   7000    -0.6229496002197266     -1.249435901641846    0.06923370315661258    0.06203976989664228  0.0003128902677461941
                   7000    -0.3416844900043544     0.3024319143777386    0.06399964202057905    0.05482476985982435      49.02316104086994
                   7000    -0.6184118956892215    -0.2747098254874148    0.05893289518878639     0.0521958956728877      9.715549778275104
                   7000    -0.3440974749011116    -0.4964507610527219    0.06822367056129758    0.05603356358358816      18.68938725556517
                   7000    -0.9092718958854675    -0.2684617638587952    0.06934537641927839    0.06203079598222885    0.02357883297664798
                   7000     0.1312392357123453    -0.0440244726468944     0.0675148214030957    0.06006723314227077      57.88726229945152
                   7000    -0.9367167949676514    -0.5565155148506165    0.06893620947060485    0.06181972612273415  9.878565820009589e-05
                   7000     0.4892756127560951     0.5839893193987858    0.06228792843432317     0.0557253724691798      3.276970309747962
                   7000     0.5897315740585327    -0.7371295094490051    0.06904481940591649      0.061757298728361    0.06679802244921546
                   7000    0.09917621154053033     0.5397979475603275    0.06413986564257983    0.05893942841322593    0.03125022726045344
                   7000     0.4706302422335863    0.01712820800527765    0.06776360011076324    0.06114998860725621      36.25191017102472
                   7000    0.06910847836785607    -0.2096148997644286    0.06131377616228414    0.05381576604540182      36.17640922255378
                   7000    -0.1329472661018372     0.2092971056699753    0.06836034536312155      0.060848839804741      2.201452013829243
                   7000    -0.3896430193605974    -0.1579586349887534    0.06302498646583823    0.06161492706157706      56.99027761979441
                   7000    -0.7443637107707509    0.07974204820959158     0.0652323198277372    0.05771544237723797      20.93802802325767
                   7000     0.4185039183700968      0.377125235219865    0.06269235011285305    0.05365005779902308      46.40077577333277
                   7000     0.3937437682503414     0.1028085071700075    0.06420972846743261    0.06153871400594759      49.02932772059071
                   7000   -0.08789505857337386     0.6832573975550158    0.05913722134839546    0.05285956805020514   0.006917784044457171
                   7000    -0.4146904258952209     0.3386696614074281    0.05982026438069099    0.05982851523113882      77.57449476652582
                   7000     0.4386679426112512     0.2810868787325222    0.07011717620794462    0.05605683053274025      47.37162714284381
                   7000     0.2810074437426601     -0.217717804260411    0.06385429828386034    0.06071599214751666      57.73231390908219
                   7000     0.5024751909543801    0.08897934165379386    0.06462772881759236    0.05929504752827373      85.49597668353226
                   7000    -0.5478755794003336      0.435939548447185    0.06368854499437243    0.06124643353797413      229.6869581663453
                   7000      0.271900475025177    -0.7905358076095581    0.06702255703693467    0.05912669421142683     0.3719016533622223
                   7000    -0.8130548227396779    -0.4415864145818205    0.05916026628312047    0.05152483393984212    0.08124878556424431
                   7000     0.6445022225379944      -0.57890784740448     0.0667392035058495    0.05901524243147863     0.1166304505159466
                   7000    0.01281053479760885     0.8389370441436768    0.06648420895810292    0.05880393448653065   0.000185079987926608
                   7000    -0.5820787798767747    -0.3329117255978669    0.06637411953802454    0.06245857345729487      8.572572413471796
                   7000   -0.01909542544113376     0.7492939149743666    0.05961178515354235    0.05726945370284702   0.001900170576884517
                   7000    -0.2303633823038422    -0.4986953534707706    0.06225158438577667    0.05468910636439289      7.934319560104774
                   7000   -0.04976937547326088    -0.9235487580299377    0.06581611124038808    0.05839244264095568    0.05531727247232077
                   7000     0.6780297810392876    -0.3165809195350047    0.06144736046625067    0.05456921350452147      6.499447446967321
                   7000     0.7831482291221619   -0.08659528195858002    0.06566693190993549     0.0581574146522402      4.698542693645383
                   7000     0.8228960037231445      0.048403050750494    0.06565557879454315    0.05811669384220868      7.185704663143527
                   7000     0.7225874464632153    0.07909995707136588    0.06499994806081116    0.05631404152727196       124.366223626516
                   7000     0.6759485267320864     0.1422736375438517    0.05929715788678643    0.05228584005544473      102.5834435918985
                   7000     0.2249087618692174    -0.4543595183957511    0.06250298561239577    0.05766106639552009      38.61377658822352
                   7000   -0.01694982681873851    -0.2977207327737784    0.06228494650727533    0.05429067128801309      25.96354172044952
                   7000    -0.5681522210073825     0.0189818038094802     0.0586718728585499    0.05569356257638584      63.13522988172834
                   7000    -0.0220192901951359     0.3369056609985074    0.06441524029908857    0.05713176382492725      1.179136840950245
                   7000     0.2698981451965177    -0.5230420448129878    0.06032092163811139     0.0547362549886997      50.63163080942862
                   7000     0.4773666188667459     0.4857574009955607    0.06178823005829179     0.0577460684839421      22.54451953386554
                   7000    -0.3639691718639632    -0.3922989455403552    0.06834820952353235    0.05804294146612525      22.94525810289795
                   7000    -0.7328818378072889    -0.2393610304301541    0.06694118916517264    0.05813439908939146      4.316848218706975
                   7000    -0.2836924792300815    -0.1830428607210018    0.06124536590591461    0.05583492562323969      49.48153666447443
                   7000    -0.3387314928668192     0.5180749764097378    0.06542724491835866    0.05420050004286073      9.878960753886794
                   7000    -0.7037173071668997      0.598902428634132     0.0625249959393766    0.05532575441864615      700.7172317653134
                   7000    -0.5529866218566895     -0.619688093662262    0.06366694767784474    0.05599142848223629     0.1687458756645789
                   7000    -0.7954325339994343     0.4307440395941784    0.06429328342844769    0.05682832779087878      26.77586261717411
                   7000     0.4569512345339963    -0.5769062351699397    0.06774629172046039    0.05546601698879623      8.333623461370266
                   7000     0.7790684103965759    -0.1567062884569168    0.06360506692393358    0.05580725517873957      3.067795753644087
                   7000    0.02384745926427238     0.4884806492200022    0.06009633435951425    0.05502394873755836     0.6410467571694451
                   7000     0.9119496376263677      0.766392577487212    0.06159090662661506    0.05540772066534044      93.64999261900499
                   7000    -0.7085073229726945     0.2713284839490451    0.06419345216270005    0.05908115097606932      358.7408332476056
                   7000   -0.09934756183271602     0.3272481294790798    0.06190100244212121    0.05456611639518072      3.247668122059283
                   7000    -0.5357631041946919     0.2299648461819117    0.06863625041257161    0.05419735170402666      114.5808453255435
                   7000    -0.6991732520991725    -0.5031312401744893    0.06471948654285921    0.05228447649349686      0.481532848621513
                   7000     0.2704569766274016      0.475598649661222     0.0627055542902883    0.05342038947350965     0.4073815595120542
                   7000    -0.5397236057464937    -0.5243699094953301     0.0639222322700066    0.05380285085929242      1.922643303718524
                   7000   -0.03775496408343315     0.6287992596626282    0.06272996509468542    0.05521590664200132   0.009056158931194193
                   7000    -0.7029761937637631    -0.4118627160440683    0.06542132921841042    0.05357929258252105      1.201315191950899
                   7000    -0.4028551435610183     0.4575118339951789    0.06304268649155635    0.05420420586454415      35.46694638015612
                   7000     0.2963831207516753     -0.422488378645086    0.05926189411390004    0.05200736104231925      23.23774951607887
                   7000    -0.8406713833932633    0.08721405139326208    0.06000561171067212    0.05485076394329864      7.259504285122468
                   7000    -0.1817506710545704     0.1501028044149773    0.05842409651642147    0.05045521352425172      21.97050497381002
                   7000    -0.5102106346196368    -0.2011164542515421     0.0602833339887109    0.05325274653905489      17.56005601303669
                   7000     0.3461124178913642     0.3273230327644734    0.06002213481659787    0.05322131369228885       28.1384667509322
                   7000    -0.1178877726120731    0.01810080353467658    0.06076384603182321    0.05500053026565335      79.21194654031653
                   7000     0.3033283237154444   -0.07860372434228212    0.05980054890164039    0.05177348580140408      25.05836546860013
                   7000     0.5016216793645687    -0.4435649187744081    0.05866913143938612     0.0570949270842055      25.57964572024185
                   7000     0.1586963683366776    -0.3868945837020874    0.06157581914742223    0.05410440243978332      7.366667776430951
                   7000     0.7850221851024656     0.7959175381133615    0.06059757395664573    0.05425810430533753      14.04456437861364
                   7000     0.5833043750729778    -0.3102722358709982    0.06113184675193162    0.05416167790465035       22.3276179581527
                   7000    -0.4471331861485573    -0.4071064482415285    0.05935379128304916    0.05494963535197588       10.1023078290925
                   7000    -0.2925932703212401    0.01552946099878737    0.05869308325180431    0.05228288074689736      96.65780095818124
                   7000     0.7263518883507998    -0.0239077475830793    0.06388263440915527    0.05377642093071517      32.79774576468233
                   7000    -0.7318051302001659  -0.007694985975667254    0.06145581766672222    0.05570753696660682      12.06163196343532
                   7000     0.1567542780546705    -0.6419907912536075    0.05943791741806163    0.05427163732197716      9.035321338008274
                   7000     0.2015178553357833   -0.01743036482250293    0.05974533315338485    0.05382790134534608      16.89441129651446
                   7000    -0.7039153017029063     0.3702863201878363    0.06263027890111576    0.05559034028330714      411.0402895042787
                   7000    0.09720419347286224     0.4430616199970245    0.06052663698159704     0.0531689500884448    0.06019058278239578
                   7000    -0.6494781374931335     0.7634733915328979    0.06044761120873685    0.05310319156718114      34.96501561697589
                   7000      0.395703222448781    -0.2232022501077643    0.05866986528222348    0.05295347604077788      35.94959105911687
                   7000     0.2384986728429794     0.2362362146377563    0.06042756894924659    0.05286159211081023      6.369090636129268
                   7000    0.08752283453941345     0.6250702738761902    0.06042111041577789    0.05284721050437656    0.01113022501255346
                   7000     0.2411584407091141    -0.9730018377304077    0.06038711804131686    0.05290980351392738    0.01370995304065143
                   7000     0.5169550623087562   -0.05576651600654792    0.06142856416800109    0.05248590790843648      65.01907912412278
                   7000    -0.1083069890737534    -0.3206450939178467    0.06022681819162018    0.05273671222370763      7.275812728231358
                   7000     0.6595511715629048     -0.116461199374445    0.06158118575184658    0.05426035700021523      142.5370708784183
                   7000    -0.2577643096446991    -0.2680531442165375    0.05984074347751289    0.05232509221642893      12.89576364483233
                   7000     0.3289900348635235    -0.1453333072481446    0.06044105624505045    0.05120738002989114      24.86052021550992
                   7000    -0.1822887267552617     0.3945351271980671    0.06332679519062996    0.05067155374773728       4.11070940126587
                   7000     -0.622546382292992    -0.6725103999730087    0.06039950545534613    0.05225240330270763     0.1040794918777781
                   7000    -0.7631925344467163    -0.3121271729469299    0.05986004021254603    0.05225197309651676     0.6315061248331004
                   7000     0.5853351303556096     0.5945872450562771    0.06108195589683523    0.05205484805872446      5.783451919104401
                   7000    -0.3345798400922455    -0.8747070610766233    0.06279425968666888    0.05400127768174259     0.1129387196509043
                   7000     0.7327028512954712      0.581167459487915    0.05909630308200575    0.05180483012890325      27.75976383220702
                   7000     0.8454609513282776     0.7291391491889954    0.05923111468476506    0.05178205447412601      31.94354030222209
                   7000   -0.05846279114484787    -0.5847984552383423    0.05910903812166617      0.051643298208876      2.420511812375008
                   7000     0.5735317468643188    -0.5754454731941223    0.05901299178347841    0.05159497734307077     0.9933254280208801
                   7000     0.1696308851242065    -0.2207151502370834    0.05887713813554983    0.05142942473812084      8.693398447943023
                   7000    -0.7481754884232242     0.5428598529298205    0.06089139225537276    0.05126029333550187      176.4427393541092
                   7000   0.005789446178823709    -0.5900412201881409     0.0585524269350698    0.05124691423210363      2.509127118762478
                   7000    -0.1497022211551666    -0.9982045888900757    0.05853289089614467    0.05122557701047414   0.009316323924955586
                   7000    -0.1993694429077605    -0.1453203060827157    0.06056181885662468     0.0517098949973156      46.94235695639597
                   7000     0.6653743982315063     0.2923936545848846    0.05820363229621011    0.05099773366802975      60.72051074263681
                   7000      0.614867627620697      0.362095445394516    0.05784593094277235    0.05069919888500795      47.97973359745971
                   7000     0.8818551301956177     0.4146397709846497    0.05784578813365679    0.05070282794098455      93.81640381691813
                   7000    -0.8082606196403503     0.2305932939052582    0.05776857369155284    0.05063269177385733      15.62234452226013
                   7000    -0.2806358237310869    -0.6513032650951772    0.05794427623300886    0.05081217120209439      1.482904919676955
                   7000     0.7975117564201355     0.6963728666305542    0.05759763083407533    0.05052232788149039      31.09156945458317
                   7000    -0.8169116973876953    -0.1074524223804474    0.05752895016375406    0.05030028618155603      1.022927972777143
                   7000     0.9373622536659241      0.857983410358429    0.05750923358763604    0.05018110456879327      4.253801461717766
                   7000    -0.7011765837669373     0.4929569661617279    0.05740713290387853    0.04997586717214939      124.2952139195834
                   7000    -0.3245822787284851     0.5911957025527954    0.05732885954718872    0.05002419509922357      1.112159176447192
                   7000    -0.2791829959572537    -0.4259846240834962    0.05867163005271434    0.04954784071538055      18.79737754271575
                   7000     0.6914371252059937     0.4939895868301392    0.05698324273360773    0.04981309395988261      41.20032202497102
                   7000    -0.7406193017959595     0.7877084016799927    0.05686008256699283    0.04964838339785149      33.56487858426782
                   7000     0.1221165210008621    -0.1400917917490005    0.05685280770221344    0.04962417753529642      8.726659029349733
                   7000    0.08414469659328461    -0.5169795751571655    0.05682995194626626    0.04961041588387052       5.61642732632437
                   7000    -0.1006216406822205      0.633419394493103    0.05674261963446677    0.04954976836667244    0.01115962559416669
                   7000     0.4996379315853119    -0.7782038450241089    0.05657170909661872    0.04938260566496718    0.03644812420472746
                   7000    -0.7678452134132385    -0.6545642018318176     0.0565746574640603    0.04938519724274306   0.002449426578983032
                   7000    -0.6286304343563013     0.6473163581005353    0.05883253467972062    0.05017253330102531      178.7282024569574
                   7000     0.1562902927398682     0.2120842337608337    0.05647392013204641    0.04934257535168488      1.895506451739213
                   7000     0.4287248551845551      0.534770667552948    0.05642445025721705    0.04932102679546201       1.95192378534013
                   7000    -0.1935413479804993     0.2565827369689941    0.05641710740036981     0.0493096454084593      2.934526230272784
                   7000    -0.4615490436553955     0.1164735034108162    0.05636161330168452    0.04928880726879242      21.20857958335853
                   7000     0.4772710502147675     -0.513494074344635    0.05616172815858716    0.04928498838733578      7.140616570243941
                   7000     0.1063910350203514    -0.8850567936897278    0.05614442205166533    0.04928582063357083    0.09343195934276667
                   7000    -0.7694467902183533    -0.8960063457489014    0.05594083920118492    0.04917534390672825  0.0002881951492957979
                   7000    -0.4437444448799433     0.2740913787456882     0.0580644459951299    0.04882053772146964      36.68545061121623
                   7000     0.6629076600074768    -0.1897513717412949    0.05593181380653228    0.04904085990449352      20.28096211175826
                   7000     0.9597238898277283     0.7178692817687988    0.05585614649382655    0.04893325791237194      41.10980416903454
                   7000     0.2333972305059433    0.04070834070444107    0.05585244979851007    0.04892383698949669      6.544432444624748
                   7000   0.006710889749228954     0.2370939254760742    0.05573223703954107    0.04883740849991377      1.587729050715227
                   7000    -0.5325925946235657    -0.1264709532260895    0.05559244470020094     0.0487471377176596      7.506847544677051
                   7000    -0.2599059641361237     0.2295299172401428    0.05557132408188278    0.04869518916915559      6.481003653347167
                   7000    -0.2404801547527313   -0.08860508352518082    0.05537687542853875    0.04853103205422568      17.09077049785903
                   7000    -0.2346535176038742    -0.8840721845626831    0.05531884534123713    0.04853391313692037    0.05498560299116262
                   7000    -0.3615860342979431   -0.03510091453790665    0.05519804776679647    0.04843732042226045      13.30376591651071
                   7000    -0.2157264202833176     0.7214130759239197    0.05509333736519961     0.0484124364386066   0.002480132035309733
                   7000     0.6417388319969177    -0.4442223608493805     0.0551297262830746    0.04833873880276465     0.6485453205390435
                   7000     0.9820747375488281     0.4652959704399109    0.05502783484591918    0.04826479931151834      24.15668431263711
                   7000    -0.4393841326236725    -0.6225936412811279    0.05497060901730508    0.04820695868680203     0.6982160998184564
                   7000    -0.4329025149345398     0.1792058944702148    0.05491923470021257    0.04819781342671966      17.72479955726443
                   7000     0.0495082400739193   -0.02378806471824646     0.0548485582897723    0.04800698338976284      10.10697978740263
                   7000    -0.7353646755218506    -0.7572228312492371    0.05483170924363361     0.0480171107744228   0.002165876117027939
                   7000     0.3777583837509155     -1.011637091636658    0.05482210974788142    0.04803501064979728   0.003996314005071802
