#! FIELDS time deep4.node-0 deep4.node-1 sigma_deep4.node-0 sigma_deep4.node-1 height logweight
#! SET action OPES_METAD_kernels
#! SET biasfactor       12.02723625380408
#! SET epsilon   2.008904905162975e-06
#! SET kernel_cutoff       5.122093479753262
#! SET compression_threshold                       1
                   2510     -10.13971138000488     -4.079578876495361       4.79698312825222      8.454976856221817  5.979173072774214e-06     -12.02723625380408
                   2511     -4.309114933013916     -15.48920440673828      4.321377428754944      7.617974245563147     0.2716033898603785     -1.512078136821356
                   2512     -6.162672996520996      9.573787689208984      4.132247457764511      7.337377530355422    0.01452195204460432     -4.523041331120258
                   2513     -10.31080627441406     -5.995336532592773      3.686837469949004      6.579466832962733     0.8022127958775117    -0.7344090473270672
                   2514       18.3380126953125    -0.8574049472808838      3.577475133728194      6.394300269362689  1.060112825228238e-05     -12.02723625380408
                   2515     -4.238821029663086      13.94606781005859        3.5378510811649      6.178797119019421     0.1024622429654243     -2.896368216906867
                   2516     -6.747234344482422      12.49269008636475      3.277041218038888      5.788571633474773     0.7540799537518869     -1.042180786318669
                   2517     -2.804269552230835      15.00304412841797      3.049578060791802      5.452243345182253       2.16569961073287     -0.118976580156248
                   2518     -3.213780641555786      14.28881645202637      3.004631149932855      5.375828565408292      5.498583226053131     0.7838075701145218
                   2519       -8.1929931640625     -5.178125381469727      2.879387624646169      5.188356251802078     0.8102276687226752     -1.209195847101813
                   2520     -5.101089954376221      -15.4986572265625       2.78121615574019      5.052134449310807     0.5180773811069461     -1.717681970668725
                   2521      14.74512577056885    -0.8946592807769775      2.756657101247735       4.94892973153025  3.383968321067287e-05     -11.38343671938907
                   2522      11.27816009521484      4.392911911010742      2.840371431101587      4.837887574341117  4.924607476836301e-05     -11.00101831308479
                   2523      15.58556461334229      2.712001323699951      2.900057413823458      4.734235384675581  0.0001629625092329816     -9.805190044163909
                   2524      12.66415786743164      6.279928207397461      2.938529363236761      4.637387233508591  0.0003508947518003569     -9.045714303377636
                   2525      10.70934391021729      -4.34566593170166       2.96151110006636      4.545140591551578  0.0001761584703132614     -9.747118685820466
                   2526       12.3053035736084      3.899064779281616      2.966037056268174      4.460071901194117   0.001377816776925454     -7.707613876228417
                   2527      17.28155326843262     -3.133799314498901      2.955956424086486      4.380470246531775  0.0007300846995730287     -8.364122083950432
                   2528      9.848069190979004      4.292829036712646      2.931856533548632      4.305873571471519    0.00429808727777219     -6.616719707823498
                   2529       15.5619010925293     0.2986457347869873        2.9136098962022      4.233390091697013   0.005489769475212275      -6.39522349807271
                   2530      7.525148391723633      3.661965847015381      2.886668677697991      4.164924096934266    0.01499273580332704      -5.41613871548559
                   2531      19.43772315979004     -2.697316884994507      2.857789587990778      4.100172723897892   0.006853337513527225     -6.224692384350885
                   2532      15.84542083740234      -2.82378888130188      2.825788959008965      4.036914479269226    0.02521840099670791     -4.948663514618544
                   2533     -12.15380668640137      4.601750373840332      2.792763813739666      3.944174069500256     0.7815521758271469     -1.549952499398779
                   2534      9.396062850952148      4.654226303100586      2.767201539205409      3.886725623917034    0.06057741805436005      -4.13117992112698
                   2535      13.36473846435547      3.491596698760986      2.737529891736377      3.827969874609815      0.106071393069662     -3.597002696327209
                   2536       7.33526086807251      2.701589107513428       2.69703876720368      3.765859180258792     0.2199605302903437     -2.898927123623133
                   2537      19.55889320373535     -2.266982078552246      2.676932938237906      3.711956652596816    0.07709983055158504     -3.969173768359958
                   2538      15.17963123321533      4.507125377655029      2.657243775505387      3.665144452796328     0.3183819762521158     -2.571096696718032
                   2539     -9.166640281677246     -5.304516792297363      2.581575022464177       3.52331580974692      4.300468097121808   -0.03622432183771323
                   2540     -5.369709491729736     -12.86572074890137      2.541380188896826      3.439746263009527      2.743346448242423    -0.5254668930454258
                   2541     -4.218296051025391     -15.82078170776367      2.483147403298744      3.349759158082635      5.539194966800258     0.1275140747350892
                   2542     -4.128985404968262     -15.41647815704346      2.483184314698366      3.345573022979319      13.08207363833563     0.9856721666288096
                   2543     -3.936395645141602     -14.77524471282959      2.517407613674655      3.390029053560177      20.87794251290984      1.480010936001789
                   2544     -5.675710678100586     -11.42638969421387      2.452001834599516      3.302507111188985      15.71855969596058      1.143678414853037
                   2545     -5.471121788024902       7.82025671005249      2.431761065309216      3.266993564847273      1.829202620326223     -1.026384401243869
                   2546     -3.540220260620117      17.40730476379395      2.398086248268569      3.216389774551152      3.738492627842625    -0.3411373677850618
                   2547     -8.042195320129395     -6.918928146362305      2.354359995270357      3.164707959996648      5.145704857440571   -0.05625835815511034
                   2548     -4.384051322937012     -15.82878684997559      2.308043441150472      3.114519328670347      21.04528632603726      1.316401187204329
                   2549     -4.721315383911133     -13.99349784851074      2.267607468449597      3.072468204502176      25.73746983737785      1.486403988901267
                   2550     -4.357913017272949     -16.06437110900879      2.222114889600337      3.023282886564894       26.6172756711745      1.483612728659886
                   2551     -4.810347557067871     -14.07585525512695       2.18132474074271      2.977020683967618       30.9754577349721      1.601300183857351
                   2552       -4.6195387840271     -15.22179889678955      2.141602578114375      2.928621341606924      33.60561424762618      1.648028918661521
                   2553     -5.020914554595947     -15.53134822845459      2.101518518801158      2.877967516293998      35.06352120914701      1.654155394837033
                   2554      -9.15826416015625      5.197587490081787      2.086026095527455       2.85551222408165     0.4280355724279908     -2.766787289881527
                   2555     -9.208339691162109     0.7064806222915649      2.068254834708179      2.858747271497063     0.8062281922186062     -2.141050193585916
                   2556     -11.17644500732422     -3.779256820678711       2.05229132468061      2.830107915618844        1.7025520552239     -1.411350356212803
                   2557      13.11146354675293     -7.914494514465332      2.051536394615227      2.815731588065641   0.006112550262704527     -7.046350533551671
                   2558     -11.40887260437012      3.931556701660156      2.042907326341833      2.800033903197457     0.5783460065037348     -2.506327906124411
                   2559      19.08920860290527     -2.464714765548706      2.049130114420366      2.788592527736814    0.05244442135577581     -4.907799366638582
                   2560      2.109251976013184      2.294837236404419      2.052378583110372      2.766778472763149    0.05132163306281755     -4.935710298940686
                   2561      10.17272853851318      6.936643600463867       2.04919278752828      2.752190604930214    0.09654646991796481     -4.310638123905038
                   2562     -1.662445783615112      14.32113742828369      2.035435177799448      2.733563785300992      3.400794119409264    -0.7624256372786279
                   2563      7.203055381774902      8.472875595092773      2.038856358411863      2.720802557780089    0.07540579295610111     -4.574305662955615
                   2564      17.33283996582031      1.258012771606445      2.026333543608961      2.703442570702531     0.1328555171037366     -4.020489490429479
                   2565      7.266208171844482     -10.50315856933594       2.02334230843983      2.685745828581612  0.0006326197243682894     -9.375682272666095
                   2566       2.88396430015564     -1.237154364585876      2.019843338372267      2.667904282804052    0.03705107731716912     -5.313895068254276
                   2567      -11.0730152130127      1.770310282707214      2.014249794825442      2.648225044479596      1.340541756800685     -1.735540157281332
                   2568      7.305709838867188     -8.753089904785156      2.003070582468566       2.63119607477294   0.002844853885531289     -7.902874175051285
                   2569     -6.450592041015625     -13.97855949401855       1.99024754550712      2.601863838014026      51.80639030309714      1.889250158766973
                   2570     -8.581143379211426     -2.713222503662109      1.977784846854274      2.586159698178666      4.246011418456905    -0.6246188824640734
                   2571     -3.753776073455811      6.080467700958252      1.973316552692321      2.573979357882807      1.822317011599135     -1.477472901660436
                   2572     -6.968935489654541      13.34467029571533      1.964320428808631      2.562169784954203      2.950186878957312     -1.004881085875434
                   2573     -3.655454397201538      15.72180938720703      1.944138932454752      2.556705672294774      7.040773273736494     -0.147493664534242
                   2574     -3.819430589675903       16.1317195892334      1.921714570171657      2.544776827209399      9.629756490153191     0.1493682646991752
                   2575     -3.589105129241943      16.49094772338867       1.89686317042015      2.526998304953214      13.27598759769947     0.4504402536720674
                   2576      15.43502330780029     0.4953091144561768      1.891798196750982      2.520437594153683      0.242548796336334     -3.557342450837009
                   2577     -9.047031402587891      6.832169532775879      1.891269825883258      2.507477660600637      1.480488331763999     -1.753852634474556
                   2578     -4.875748157501221     -13.70234489440918      1.914805058303569      2.549053209128168      90.77968832221356      2.391022961077201
                   2579     -2.941674470901489      16.51437377929688      1.895688525110648      2.529274885160341      14.36489933821414     0.5295520277876931
                   2580      5.473430156707764      10.64187431335449      1.891942278972314      2.517336762455921     0.0452736827404375     -5.236974328191573
                   2581     -5.080074310302734       9.62055492401123      1.886463985027781      2.498652275264935      4.185022526752722    -0.7207826698934927
                   2582     -6.671524047851562      8.295474052429199      1.876786677169134      2.484772409330462      3.496427819721747    -0.9112664283844576
                   2583      -9.06175422668457      1.135933399200439      1.868531453584776      2.467666649143059      2.791207986715362     -1.147850119149011
                   2584      5.538599967956543     -4.426669597625732      1.862284095105869      2.454495378240764    0.02569287386022044     -5.844567095754078
                   2585      2.265095949172974       6.12376880645752      1.856230915764439      2.442913323911655    0.07069217503107703     -4.840431458484315
                   2586      15.80643177032471    -0.5799856185913086      1.849285069724627      2.429758991149123     0.3192521578074494     -3.341933260185461
                   2587     -10.06974506378174      5.385925769805908      1.852798672714906      2.417699209413628      2.497803278365145     -1.287825125528441
                   2588      4.906468391418457      6.225174903869629      1.849717509624014      2.406295527952818     0.1234386143882855     -4.301640348980454
                   2589     -1.005532145500183      7.316095352172852       1.84278054541681      2.392271051096337      1.363967455207912     -1.908833980912886
                   2590      3.028502941131592     0.4945048093795776      1.836171925682881      2.379709646568444    0.09343692233531223     -4.598557708047752
                   2591      -2.31468939781189      12.42455387115479      1.818865429561059       2.35780628172491      13.14325002826839     0.3291024599333874
                   2592     -4.801481246948242      9.943914413452148      1.808356258848483      2.340827058241008      9.343386588234694   -0.02515904725576184
                   2593      7.319873809814453     -3.362211465835571      1.804818000378713      2.331772140117374    0.06058384527139236     -5.069389114116628
                   2594      6.630795001983643     -10.08436393737793      1.799897195908277      2.325631192299896   0.005385094614557922     -7.495149788388677
                   2595      3.676216125488281      1.965664148330688       1.79445793042276      2.317458953061416     0.1757497176547416     -4.016270483051437
                   2596     -1.782059788703918      5.197181701660156       1.78760028319724      2.305210563210819      1.864338331387781     -1.663798095063134
                   2597       19.8889045715332     -2.845095872879028      1.786175800981957      2.295136021405634     0.1350561810895318     -4.293945832662257
                   2598     -10.59346675872803     -4.512673377990723      1.785322935876954      2.281768350583432      6.005085816471015    -0.5055936262185949
                   2599     -3.747268676757812      15.80284690856934      1.772493115476875      2.260931906376642      24.80755550591613      0.896562013335172
                   2600     -10.86379432678223     -3.412599086761475      1.764427239636095      2.248194765632846      7.673178641697409    -0.2870657723448645
                   2601     -4.380204200744629     -14.83454513549805      1.772514287486525      2.271504125281027      113.4525104798458      2.421475179325687
                   2602     -6.001789093017578      9.742691040039062      1.763254484550669      2.261084448492185      9.005745506796179    -0.1218818761175847
                   2603     -12.73109149932861    -0.9554502964019775      1.765867499488261      2.249259229395827      3.520901518240907     -1.064790351173573
                   2604      20.16274261474609     -2.468843698501587       1.77205659050912      2.241931387134282     0.1659596519634178     -4.119282494763821
                   2605      -2.96326208114624       18.0160961151123      1.760143851991335      2.224079566754273      21.13155243733703     0.7127555691386024
                   2606      -10.3919792175293      4.329794883728027      1.753757295757823      2.217994226246659      3.105403673423632     -1.211242909736878
                   2607     -2.201508045196533      15.36029720306396      1.738261656655208      2.195093262047308      28.73714515245917     0.9945502195745581
                   2608      7.933878421783447      4.340474128723145      1.742438889882911      2.187598426671502     0.1880204261826779     -4.035864968711625
                   2609      12.08416938781738      1.671568632125854      1.741189470845122      2.179020233484731     0.2003429216039895     -3.977031369994462
                   2610     -1.289276361465454      6.741642475128174      1.735794669523668      2.170024052771919      2.659703605808336     -1.398332149287983
                   2611      4.919830799102783      2.334889888763428      1.730898165256113      2.164574942634929     0.2424502129179815     -3.798844864471435
                   2612      17.06315040588379      -1.03678560256958      1.727538657686162      2.158018519196833     0.3909821746497103     -3.325955629010918
                   2613      9.403945922851562     -11.34908962249756       1.72249362986908      2.150944718137084   0.002825178517275198     -8.262253971821739
                   2614      18.21381187438965     -2.358376502990723      1.722941205030831      2.142802239991912     0.4328569936100163     -3.233951033109622
                   2615     -9.059200286865234     -4.286540508270264      1.720261563575044      2.128682105005748      10.95821357524507   -0.01068173995203415
                   2616      15.86966896057129      -2.06426477432251      1.721269271625801      2.122656349713406     0.5773691171799148     -2.956293654928464
                   2617     -8.994327545166016      2.162304401397705      1.719111654781533      2.116150485579107      4.749006398196147     -0.853408698641848
                   2618     -10.01171779632568      4.830669403076172      1.717789163620196      2.105327330361547      5.060056326146648    -0.7958637571894643
                   2619      6.933625221252441     -6.827928066253662      1.714752082238523      2.098708172469574    0.02513360773585208     -6.105709286162187
                   2620      3.815025568008423       1.48357081413269      1.710761947273601      2.092449745551551     0.3682319183943939     -3.426518387704348
                   2621      7.660871505737305     -8.488471031188965      1.713200399690654      2.086073376104073    0.02223535919744094     -6.235175191550691
                   2622      2.003320217132568     -4.829429626464844      1.708760540772591      2.080794508742827    0.02207675743479671     -6.247462272310154
                   2623     -1.250921726226807      17.31689643859863      1.697610143052204      2.062893342999626      28.30712532230327     0.8936941252071837
                   2624      15.29891300201416       4.31993579864502      1.696065741849929      2.057585766462243     0.3196815366993627     -3.593335762067338
                   2625     -6.847436428070068     0.3005447387695312      1.691606607960074      2.048480852546446      4.218155658108017     -1.020575234002288
                   2626      4.408560752868652      13.66393184661865      1.687453331455646      2.043694172209861     0.1742953251401453     -4.211775043216564
                   2627      1.102402448654175      10.06240653991699      1.682606214876664        2.0408263211973      2.025224027583369     -1.763371402181949
                   2628      2.333261489868164      13.24750709533691      1.677544462369505      2.033022590377056      2.488175893267229     -1.564345812414417
                   2629       8.55421257019043     0.9357381463050842      1.673029911456601      2.026251587440508     0.2588784040980285     -3.833323354008554
                   2630          15.2626953125      3.973069190979004      1.668308106039275      2.018723364382856     0.5545017238119661     -3.078160469432365
                   2631      18.21115112304688     -1.524099826812744      1.667016501960781      2.012116971366495      0.911901459810317     -2.584750875394699
                   2632     -2.433282136917114      15.27368450164795      1.651958987601585      1.991802048771815      56.86016802509906      1.528846268765328
                   2633      17.17443084716797    -0.8949010372161865      1.653048929160198      1.985965174416915      1.335362041354221     -2.224821526862057
                   2634        4.7140793800354     -9.911443710327148      1.652325629180948      1.982797297397964    0.01833668067424274     -6.514909847463984
                   2635     -4.954925537109375      13.02991199493408      1.639437560085005      1.966660516473453      29.05165336638167     0.8370151405311422
                   2636     -3.442428827285767      10.79869937896729      1.636041944877664      1.954392336110471       22.3619951516268     0.5669716465227916
                   2637     -9.251728057861328     -13.79671669006348      1.627413324902105      1.943413623116833      20.98530102477974     0.4925096823528115
                   2638     -8.112919807434082     -7.867190361022949      1.626843492040051      1.935876844873478      10.86635232171873    -0.1698773476268086
                   2639     -10.76333236694336     -4.420159339904785      1.621749050370761      1.935641456791789      13.36580076477124    0.03389284165152843
                   2640    0.09859800338745117      11.43960094451904      1.619299641442527      1.927579184000863      10.31823621497553     -0.230578944001417
                   2641    -0.5725698471069336      17.45470428466797      1.606270329868774      1.917713125393295      35.13648622932674     0.9815379836878846
                   2642     -10.34697532653809     -1.285295963287354      1.602076589558506      1.909676885706412      11.34508389827616    -0.1557311949637229
                   2643     -1.281283736228943      7.865642547607422      1.600087674934274      1.903681271362148       6.35636880198157    -0.7394452038643009
                   2644      12.48309803009033     -7.363653182983398      1.597395767349456      1.898313244677378    0.00924189053000196     -7.277418850263586
                   2645      11.03501987457275     -4.254403591156006      1.595995255737932      1.895050965132749    0.03574765720248308     -5.927277708178967
                   2646      8.112707138061523     -6.573399543762207      1.592411487120953      1.890804251223132    0.04783151198677322     -5.640569238487815
                   2647      3.056644916534424      4.535255432128906      1.588904515783046      1.885785398974659     0.3765705527144212     -3.582011094418639
                   2648      6.959591865539551      8.172025680541992      1.586748407529221      1.881011838371434        0.1691034767363      -4.38649814601618
                   2649       6.81929349899292      5.280362129211426      1.584236327854942      1.875520517897785     0.3542675544569037     -3.651464560712006
                   2650      7.027609825134277      9.908279418945312      1.581547196379812       1.87033085609369     0.1987091653172069      -4.23414447688025
                   2651     -6.337752819061279     -4.987456321716309      1.577152024245452      1.863385603275713      6.930044886149552    -0.6888683780588229
                   2652     0.5312256813049316      11.66902351379395      1.572913042905239      1.857490422750759      11.67889076260815    -0.1728117354823821
                   2653      8.737001419067383      7.549116134643555      1.570258818397354      1.856086421100209     0.3467064967008288      -3.69231645567828
                   2654     -6.127485752105713      12.02375984191895         1.566982537151      1.846791133928144      20.63611368540218     0.3868936399743094
                   2655     -14.26239013671875      -5.25954532623291      1.568404339184937      1.840683017954879      2.942772765255351     -1.563202701977809
                   2656     -11.02518844604492     -10.06950187683105      1.567265182042004      1.837986619407387       4.54240264146465     -1.131291412156189
                   2657      6.288097381591797     -3.406954765319824      1.565230097314722      1.834917305581711     0.1164725051903589      -4.79781820766588
                   2658     -12.47184944152832      5.766666412353516      1.564318753988613      1.828712693968533      3.153373233320822     -1.503214973277273
                   2659    -0.5940084457397461      14.09146499633789      1.556024807018966      1.815894839471909      38.35448579677946     0.9828338075462181
                   2660     -3.651278018951416      16.95636558532715      1.545378340463695      1.805162356494026      56.60015193764411      1.359180543960861
                   2661     -9.934309005737305      -5.99591588973999      1.540862766518968      1.798921838603312      16.54662847499169     0.1229619454642963
                   2662       9.30853271484375    -0.6288062334060669      1.539278094965862      1.794484204348332     0.1973963250848317     -4.309261024944155
                   2663     -2.192898035049438      14.71060657501221      1.530399149738681      1.782379255753505      73.87619601837645      1.603117958698534
                   2664      10.54329109191895      1.072569608688354      1.530346695760499      1.778854756430182     0.2773337126758227     -3.983820111286568
                   2665       -8.0972900390625     -7.824503898620605      1.525467898716874       1.77380638296245      15.07866600617065   0.005959393268542402
                   2666     -9.022051811218262      7.346303939819336      1.522133108652771      1.775366108379335        4.6917154907523     -1.162832758739231
                   2667      6.779478073120117      8.141404151916504      1.520341871650211      1.772747450549847     0.4292433125762379     -3.557015980973218
                   2668      15.31528282165527      4.167321681976318      1.518419272291128      1.769895027473249     0.6230532239848416     -3.187283675000862
                   2669     -11.02184867858887      3.162569522857666      1.515835153875181      1.765475676731095      6.142204051320277    -0.9031800756985714
                   2670     -8.169559478759766      9.129144668579102      1.514039760184766      1.759364616827233      6.924532375811459    -0.7879457526328716
                   2671     -5.367432117462158      12.30020332336426      1.506985996042767      1.748015714526121      36.67974366212291     0.8680671305421115
                   2672       6.47202205657959      1.458160996437073      1.505530403163831      1.743435510339713     0.5014955683284222     -3.427908069680456
                   2673     -3.389837741851807      10.30729675292969      1.500244151704353      1.734973483096892      28.37432452533355     0.5993542401522255
                   2674     -10.22232627868652     -3.728753089904785      1.494999990238159      1.725974846395907      21.41626302779291     0.3093183849735746
                   2675     -4.472730159759521     -15.00238037109375      1.488922638691531      1.727934392459781      118.7511159448685      2.019258917255654
                   2676     -10.26638603210449     -8.161304473876953      1.483922787713458      1.725677757364981       13.7590577555551    -0.1407440797418882
                   2677     -10.79579544067383     -6.550577640533447       1.47754316798818      1.720786697866097      21.48000504407672     0.2975343374676366
                   2678     -5.791168689727783     -10.21956157684326      1.468353352803635      1.716710840369695      39.88166356475907     0.9077179986670112
                   2679     -5.979690551757812      10.42959880828857      1.461302619375819      1.712004968750733      25.83157414936631      0.465840548423797
                   2680     -4.989663124084473      13.87056541442871      1.460402343228179      1.704103166297208       51.7878721805806      1.156156517028969
                   2681       2.78574275970459     -3.183294057846069      1.458772692627039      1.705115842146812    0.06879770644323593     -5.468106781953876
                   2682     -13.08560562133789      3.237766265869141      1.455884323821313      1.701021394932983      3.131544754445104     -1.654381618060703
                   2683     -6.104058742523193      3.286970853805542      1.453155029818537      1.696777135185449      2.042012165824638      -2.08634702081527
                   2684     -11.56062984466553      4.504972457885742      1.449526420618098      1.691506532037319      6.997282833269637    -0.8603720479690765
                   2685      -9.45634651184082      -1.33033013343811      1.446039419336924      1.685856508123766       15.2585448920466   -0.08650862319871709
                   2686      2.641907691955566      2.475334644317627      1.446107827095246      1.681784107982621     0.4565029182479985     -3.598179719691174
                   2687      20.58320617675781    -0.5368423461914062      1.449020140811751      1.679078223519322     0.4460808850332096     -3.620872879946532
                   2688       11.3378210067749      4.818401336669922      1.450922740914395      1.675880288257807      0.264678627963001     -4.143451036598596
                   2689      6.252917766571045     -10.23473167419434      1.449879645672399      1.673124470707829    0.02430686644832957     -6.533573452236522
                   2690      1.593569278717041      6.231293678283691      1.448593886005928      1.669528887647692      1.301010593559847     -2.556474244823212
                   2691      9.241578102111816      4.765127182006836      1.447209208385165      1.666518076740573     0.5067533992607196     -3.502107724418192
                   2692      12.12283706665039      6.465157032012939      1.446379028044249       1.66320921633658     0.2999481841656886     -4.029083751204406
                   2693     -8.095848083496094      10.77337074279785      1.442739184346036      1.658863360316376      13.92512294677002    -0.1963796443715647
                   2694     -6.585712909698486     -13.22214889526367      1.437047302130117      1.654849606369625      95.67633988288242      1.724521269466534
                   2695     -5.717127799987793      9.903956413269043      1.431697549173965      1.647948599233779      30.96201632251809     0.5884028295444829
                   2696    -0.9700469970703125      17.32950782775879      1.426423714273974      1.638923014515308      55.17098348236971      1.156896471341414
                   2697     -4.702602386474609      10.99497127532959      1.424159136269855      1.631082587877503      49.77786127568067      1.047645428414518
                   2698      9.631558418273926     -7.138815879821777      1.423361894921275      1.629127231147921    0.03455423977022976     -6.226909409308642
                   2699     -9.008739471435547      3.292129039764404      1.420268126637483      1.625522837105811      7.239749599104419    -0.8864886171729843
                   2700     -1.481970310211182       18.2893238067627      1.413785640237339      1.618021049133094      57.24577772579899      1.172078251430556
                   2701     -4.644796371459961      13.04826068878174      1.405499569054026       1.61411791738267      70.04230085657099      1.365530365990822
                   2702     -8.885284423828125     -6.283351898193359      1.401057080452185      1.614125274564626      24.90361566480685     0.3282827712898914
                   2703     -4.981147289276123      12.05145454406738      1.395252171985609      1.606927200503615      76.47780785737244      1.441649134481137
                   2704      12.42402648925781     -4.295190811157227      1.394707355940626      1.605342076371191    0.05661782116874007     -5.768160426067969
                   2705      -8.46788501739502     -6.150487899780273      1.390421440000204      1.599945744655183      27.49052017076243     0.4106674161713094
                   2706      6.874215126037598     -10.86673355102539      1.388636183567979      1.597612272380369    0.02530915036782409     -6.582507409104422
                   2707     -10.34746932983398      6.158730506896973      1.386466400245194      1.593876080155946      7.155042354036293    -0.9420059018407275
                   2708     -11.11513042449951      6.945264339447021      1.384556464789598      1.590140078396648      6.888728083837448    -0.9836619994601131
                   2709     -6.227814674377441      1.082159519195557      1.382368965358789      1.586739195492179      2.661875408908176     -1.938239748246168
                   2710     -2.581385374069214      16.49197959899902      1.375367810775627      1.579913073267434      87.56946155414322      1.545772924944757
                   2711     -6.223428726196289      8.113068580627441      1.370621839725132      1.576679939747519      20.54043208219611    0.09023068460579479
                   2712     -12.62510871887207     -4.289222240447998      1.367109136824261      1.577421369562036      11.55043953553459    -0.4875370707353879
                   2713     -5.443477630615234      8.236183166503906      1.362941418007797      1.572096329850956      29.00501344072254     0.4267734120559925
                   2714     -2.052974939346313     -1.522306442260742       1.36042097073319      1.570535053902378    0.05053014575639671     -5.928725048531942
                   2715     -9.821998596191406     -5.123423099517822       1.35564955109739      1.565998683331656      38.95189666539284     0.7123815132412603
                   2716     -3.539514064788818     -18.73266220092773      1.350353978931364      1.564094323675897      36.30582681617061     0.6369015384755998
                   2717     -5.331317901611328      11.71677017211914      1.343839065038515      1.559314503707939      81.61025952204722        1.4389813566261
                   2718      16.49686622619629      2.203907012939453      1.349935561787529      1.556251695476623     0.7497687672369374     -3.248403822866484
                   2719      3.803854465484619      8.401312828063965      1.351038688526755      1.553498483562721     0.4986786676015055     -3.657160596649733
                   2720      20.20176315307617     -2.720195770263672      1.355384739260667      1.550836315121509      0.547780230330475     -3.561751836529631
                   2721     -4.024406433105469       8.32997989654541      1.353039493820752      1.545194170095156      30.72193675433182     0.4597296466274851
                   2722      4.941888332366943     -8.036419868469238      1.351230760040534      1.542768289602884    0.02863050148283879     -6.521438821979264
                   2723     -9.983377456665039       6.51240062713623      1.348980319395601      1.539020496300462      9.985940467882248    -0.6710771112298141
                   2724     -8.941610336303711      3.221642971038818      1.348784829934919      1.534932059270093       9.54591397082206    -0.7189470359267545
                   2725      8.447797775268555      7.968296051025391      1.347728243751537        1.5348321822712     0.4327424099089665     -3.813521606679216
                   2726      10.65686130523682      1.075471758842468      1.347735026870396      1.531766315953457     0.3358463217543666     -4.069005071929886
                   2727      13.21947288513184      7.288947105407715      1.347034314852154      1.529244865887197     0.2649634232766798     -4.308234476431129
                   2728       3.27048659324646      2.821037292480469      1.345756530956748      1.526009913854104      0.620775897995493     -3.459922796553669
                   2729      -2.99943208694458     -1.885035753250122      1.344559913254618      1.523594414012986      0.190651171677975     -4.642921222739793
                   2730      12.95142841339111     -6.875147819519043      1.342234789114952      1.522475424857894    0.02595666481877832     -6.639403734733226
                   2731      11.34917068481445     -8.876715660095215      1.340144074320415      1.520959915875872    0.01727903016754075     -7.048893278800159
                   2732     -11.27123737335205     0.9686849117279053      1.340419170196474      1.518083215181294      7.010521806395419     -1.044907411756603
                   2733     -4.581119537353516      15.76353073120117      1.334514004565131      1.515045596260612      71.89378330155336      1.276452094444448
                   2734     -3.753804206848145      8.024627685546875      1.332266434718564      1.509951451449684       29.8431828765356     0.3921650890217027
                   2735      10.80644130706787      6.300402641296387      1.332210281982816      1.507252487936364     0.3973085368081733     -3.928664673809221
                   2736     -3.113533735275269      7.036900043487549      1.330027861561352      1.502473703636209      18.91260810220357    -0.0706088514194757
                   2737      4.538599967956543      9.407537460327148      1.328946846030488      1.499839904667981      0.505883339979835     -3.694454456537718
                   2738      9.525983810424805      6.930422306060791      1.327064866732083      1.497316659635498     0.5637490540704226     -3.589252239666145
                   2739       16.7853832244873     0.2977950572967529      1.325284171232382      1.494433172371996      1.164638330241954     -2.866965938516446
                   2740      11.28812313079834    -0.3016467094421387      1.324107599698738      1.491775299912941     0.2904750166036121     -4.258282520243035
                   2741       1.69245457649231      10.03276634216309      1.322241205356628      1.488713650151655      4.707984657860737     -1.476249887162046
                   2742     -3.566494941711426      16.44143676757812      1.318287045331316      1.483444519085741      97.14639825409074      1.544168640867263
                   2743      3.647067546844482      3.192447185516357      1.319162980872709      1.481965105414317     0.7789811832225301     -3.282152399905146
                   2744      5.002273559570312       11.4823112487793      1.317190272669775      1.479425904729058     0.5157357268835502     -3.697756227471107
                   2745     -10.35500717163086     -2.794945240020752      1.316869638799303      1.475343688070101      27.48865057038814     0.2751711963575126
                   2746     -12.86185836791992      6.880813121795654       1.32030421845806      1.472152585449842      5.174778850489595     -1.394365966386756
                   2747     -9.195077896118164     -5.401180267333984      1.318786421281993      1.466810227378214      45.95402088767518     0.7846929938321049
                   2748      -7.46300745010376     -11.28217315673828      1.315405998294865      1.468877616924428      40.02677237871416     0.6454420623556157
                   2749      2.287303447723389     -1.752814054489136      1.316463358961283      1.466903485412238     0.1115150870791316     -5.238243235675394
                   2750      6.053589820861816     -7.472105979919434      1.314758569403137       1.46587462706183    0.05409903810576872     -5.963584164992414
                   2751     -5.962589263916016      13.45142841339111      1.310445002096818      1.460335056497762       76.6518060342194      1.285555420538524
                   2752      -6.40594482421875     -10.31137657165527      1.307965673792659      1.456635403875784      44.05189024001741       0.72722010792931
                   2753      -3.74752950668335     -15.67183494567871      1.302968875517609      1.455903612262762      95.64029521470712      1.498115965077582
                   2754      18.48579216003418     -2.329506397247314       1.30275148632992      1.455477372776019      1.142554762069781      -2.92967115430229
                   2755      9.435750007629395     -8.702377319335938      1.302889030082185      1.453542110937802    0.03641842558425513     -6.376843315300333
                   2756       9.58539867401123      5.821255683898926        1.3024285899394      1.451532669414633     0.7059124197185824      -3.41416384375905
                   2757      4.455018043518066      8.417035102844238      1.301635377959758      1.451042954219398     0.6966854194685633     -3.428267694114588
                   2758      10.67024612426758     -4.602590560913086      1.302218161694974       1.44936785040941     0.0544504778530749     -5.978017491373006
                   2759     -5.030330657958984     -2.761993408203125       1.30006580076924      1.447035056785291      1.980004977388339     -2.387719510248495
                   2760      2.232320308685303     -9.446834564208984      1.298017110188794      1.444845583819048    0.09782338519292724     -5.398501787039788
                   2761      7.883061408996582      10.95241451263428      1.296192882791632      1.443007437236368     0.2151354112416508     -4.613077201941649
                   2762     -10.33434772491455     -2.653526544570923      1.293681558214188      1.441350949720626      34.23877862717395     0.4536813652686393
                   2763     -4.891912460327148      10.60375690460205      1.290953485476807      1.435907334625564      85.42303009109604      1.362043334829911
                   2764      18.21810340881348      2.374326705932617      1.290540764413439       1.43648243400911     0.6451618331071803     -3.523745813346272
                   2765     -5.704225063323975     0.9275311231613159      1.290604634854496      1.434472954595528      2.391884171811216     -2.214760690287626
                   2766     -11.00211048126221      3.442256450653076      1.289488759236651      1.431294179604641       11.9889443661689    -0.6059406153706242
                   2767     -12.16322612762451      5.550958156585693      1.288040111013433      1.428169894222574      11.80486210689374     -0.624723333285033
                   2768     -4.118192195892334      2.639487743377686      1.286598176272234      1.426540814168266      1.077476164473777     -3.020874835726794
                   2769      1.147342920303345     -9.177875518798828      1.285396658709509      1.425316785596152     0.4028251770606717     -4.006541588266198
                   2770     -9.643595695495605      6.972979545593262      1.284129769990991      1.423020472927307      11.86485019548217    -0.6263071851678138
                   2771     -7.070987701416016      -5.52213191986084      1.281810727542485      1.422032520098322      23.57629752993373    0.05785235243212496
                   2772      7.167393684387207      7.297057151794434      1.281154599936658      1.420761620211583     0.7011437415799076     -3.458838000671258
                   2773      5.599443912506104     -6.099020957946777      1.279429434037394      1.419366354150017    0.07719905042711404     -5.667493778269135
                   2774     -4.670174598693848  0.0001197457313537598      1.278108856634241      1.417830179381923      1.714336124732487     -2.569215326187775
                   2775     0.1541053056716919     -4.670802593231201      1.277439556883974       1.41584025366003    0.02746194984312404     -6.705123394937814
                   2776      2.530795097351074      -5.78342342376709      1.276078636472163      1.413719116454754    0.04035435667679076     -6.322790627015292
                   2777      2.293619871139526      3.682223558425903      1.276378816529827      1.411750486563282     0.9565380348060515     -3.158327715604921
                   2778      13.40787696838379     -2.366045236587524      1.276359411966298      1.410339324919163     0.2539420978793262     -4.485557274088397
                   2779     -7.833322525024414    -0.8982453346252441      1.276238756409373      1.409273733559202      10.60196405495121    -0.7547193806644389
                   2780     -0.372376561164856      4.111852169036865      1.276256979037908      1.407843558513521       1.60766361034504     -2.641977769767974
                   2781      16.26932525634766       1.46104884147644      1.275574764233468      1.406213115290744      1.430395402461769     -2.760502281242415
                   2782     -7.877310752868652     -4.801420211791992      1.273116241193341      1.403299950894173       42.9137702587775     0.6367365359482882
                   2783     -7.742934703826904      -2.80264949798584      1.271344528958176      1.402782734741978      27.93011683250079     0.2054880966486769
                   2784     -6.374720096588135       14.1783618927002      1.268003393594325      1.399252113474322       71.3312697150552       1.13796579575501
                   2785     -6.925370693206787      13.17843055725098      1.264250624630509      1.395877954164656      71.65918125704519      1.137173994091491
                   2786     -8.749317169189453      6.770988464355469      1.262167847710199      1.394166316964482      12.45330061609447     -0.615637354011242
                   2787      -11.6624002456665     -11.66564464569092      1.261387205438024      1.392641055263489      2.878530660638823     -2.082056389681704
                   2788     -11.15601444244385     -11.61152744293213        1.2595388333038      1.395096636342081      4.972646687813776     -1.535088856508827
                   2789     -5.332964897155762      2.281457185745239      1.258356410755664      1.393256560660403      2.660580620550188     -2.162755755260862
                   2790  0.0005424022674560547      6.805205345153809      1.258378017600818      1.391929859951755       4.01417613380373     -1.752403516483225
                   2791      6.179791927337646       10.4873571395874      1.259297202318189      1.390364747985512     0.5200483864228712     -3.796463932691298
                   2792       10.4345588684082     -10.33872890472412      1.259058698532257      1.389495805170746    0.02096841998996932     -7.008182877277196
                   2793    -0.6357812881469727     -3.315268039703369      1.258142880519712      1.388022011468665    0.03973625500353674     -6.370725256561605
                   2794     -11.62997627258301      6.858918190002441      1.257124321796249      1.385300480494818      14.79034207100924     -0.454032119704335
                   2795     -3.988744258880615     -16.66263389587402      1.254130546905843      1.381979609359217      108.5060246775495      1.534014787875452
                   2796      -2.60129189491272      15.44515991210938      1.250778072236691      1.379994896886572      123.0424499648417      1.655624611686461
                   2797     -3.768339157104492      16.75137138366699       1.24743550523619      1.379162806441088      121.7397167011561      1.641701374634103
                   2798     -2.443174123764038      15.80550098419189      1.244148792007864      1.380515722054873      156.7391723978417      1.892741414871927
                   2799     -5.951960563659668     -9.987818717956543       1.24133895979425      1.378681353206927      42.76157063490424     0.5902074988916624
                   2800     -8.102408409118652     -15.27023506164551      1.237909139570801      1.378987036737758      38.13970042077889     0.4732782998349707
                   2801      -9.20047664642334     -7.502114295959473      1.234801409777853      1.376755475465741      38.04263490814989     0.4665968611308283
                   2802     -11.91345977783203     -4.964009284973145       1.23161950376178       1.37655771639677      26.71528870920263     0.1104015374381686
                   2803      1.349865913391113     -2.463671922683716      1.232353439651872      1.374749627366986    0.08552566068688353     -5.634491913443476
                   2804      -9.88131046295166      -8.21190071105957      1.229193136828433      1.373436589144057       33.1292259983876     0.3213394569070305
                   2805     -5.414526462554932     -13.59355068206787      1.225261022204281      1.370750576867322      128.4812020431404      1.671544540302091
                   2806     -4.464831352233887     -13.68039131164551      1.222223052074473      1.367695886020292      152.9296836401232      1.841026672556261
                   2807     -4.428933143615723     -14.73895072937012      1.219986277875021      1.367375521750009      186.0829209337699      2.035174799385822
                   2808      -4.50231409072876     -14.77960014343262      1.218894638333598      1.367951261355451      211.7696069099708      2.164007106136966
                   2809     -10.21484565734863     -4.471032619476318      1.215280399511222      1.364505325579353      53.03299474874152     0.7739306355293472
                   2810     -10.17250156402588      5.199048519134521      1.213335776766303      1.363518888694863      18.39745697074878    -0.2870957924704522
                   2811     0.1222317218780518     -8.473126411437988      1.212179620391468       1.36342076524732     0.2255846731424897     -4.689393233757915
                   2812      0.359654426574707     -5.839096069335938      1.212047239907576      1.361533262362555    0.04203513809480373     -6.371077484471904
                   2813     -2.144529104232788     -3.993320226669312      1.212957880186277      1.359828972349695    0.09472226014923586     -5.559135827377681
                   2814     -11.06514549255371     0.7869737148284912      1.211454342645165       1.35919048716178      9.463241628724699    -0.9566245648382151
                   2815     -9.423344612121582    0.04659759998321533      1.209857982825045      1.356911775069702      14.14291327598709    -0.5578224052346442
                   2816      11.90122604370117      5.423624038696289      1.209238836463516      1.355155283285985     0.5183262914586659      -3.86599360239153
                   2817      2.722904920578003     -12.78040409088135      1.209739506156976      1.354604305768476    0.03107592853602048     -6.680157745385262
                   2818      18.41723442077637     -1.568446397781372      1.209874397900515      1.352823198657243      1.493636862878065     -2.808826211114116
                   2819      5.900056838989258      5.737338066101074      1.210345552435998      1.353263918466541     0.6305259632200987     -3.670526076947213
                   2820     -8.320220947265625     -5.945340156555176      1.209648305051185      1.349366211561992      56.86911502990916     0.8279666470679183
                   2821     -3.955547332763672      -16.8074951171875       1.20668328906834       1.34735589703088       150.640211071236      1.798163452638749
                   2822     -8.912350654602051     -5.209888935089111       1.20377219552956      1.343965158014001        69.631493287501      1.021550972521329
                   2823     -4.490193367004395     -13.89973068237305      1.202941792096832       1.34392885457296      216.3875632848473      2.154688007156152
                   2824     -6.088412284851074      14.60462665557861      1.199819065672967       1.34313068851429      75.53505510689556      1.099020422536645
                   2825     -3.137091159820557      16.48358917236328      1.196102135773706      1.347364512635294      151.3521601881473      1.794077406866114
                   2826      6.636835098266602      9.565996170043945      1.194355621561288      1.351960097428054     0.5959835192107341     -3.741130412574806
                   2827      9.589284896850586     -5.320299625396729      1.197935488014435      1.351199305771855    0.05609023031092992     -6.101951830665117
                   2828      15.50491333007812      1.039451837539673      1.197819614973968      1.349687943363737      1.209174788625209     -3.032435959233023
                   2829     -1.878325939178467     -18.09186172485352      1.196790230354966      1.348087906889247      25.01623927552178  -0.004894849257255498
                   2830     -6.258010864257812      12.44181537628174      1.193698140084285       1.34559586572691      93.80157692221891      1.312324351688012
                   2831      16.46164703369141      -1.59650444984436      1.193929660973715      1.345170935569182      1.557863817039584     -2.785663690276572
                   2832     -4.100545883178711      3.678557395935059      1.195230370336537      1.343480652360106      1.753531414104463     -2.667516023622118
                   2833       3.61895227432251     -4.311439990997314      1.194865344808507      1.342751861403714    0.06318168657150196     -5.991736578849949
                   2834     -9.724580764770508       -6.9075608253479      1.193007420246829      1.339355554652207      59.97846272187244     0.8599010524583187
                   2835     -8.482406616210938     -13.26968383789062      1.190936422708781      1.339188428445907       27.6770609661028    0.08465721120074401
                   2836     -12.80119323730469     -2.683926820755005      1.190454365254639      1.337469424775813       10.0294410632971    -0.9321111552547161
                   2837     -1.489108800888062      2.387434244155884      1.190637349642609       1.33716585225922     0.5707239711866565     -3.798558931541454
                   2838      8.942473411560059      9.188506126403809      1.190918299337555      1.336074073726653     0.4583430846321524     -4.018427497105787
                   2839        6.8810133934021      13.25661277770996      1.191823345575765      1.334943586823454     0.1122114653533979     -5.425747135347046
                   2840     -5.065159320831299      12.91518211364746      1.190999548911596       1.33246105793597      127.1241643191678        1.6042344215744
                   2841     -4.095845222473145     -15.45642471313477      1.191138031519275      1.333524263582147      228.3372008993227       2.19080750420082
                   2842      14.82300090789795     -1.088788986206055      1.190573122614974      1.332688381356141      1.192585455648664     -3.064993772119243
                   2843     -5.577752590179443      11.32967853546143      1.187665943696145      1.329169476244235       111.825526064881      1.470733713597602
                   2844      14.02231121063232     -1.978861093521118      1.186825248653641      1.327890231632135     0.7084386947335463     -3.592568899861074
                   2845      8.201328277587891      1.620204448699951      1.185937479126131      1.326898025143067       0.41839408947719     -4.120704425665328
                   2846       14.2126293182373     -6.643210411071777      1.185580200501296      1.326039569906872     0.0257627349160623     -6.909147628485993
                   2847       13.7625675201416     -7.644969940185547      1.186143612846364      1.324534504499294    0.02419398208669078     -6.972633309682165
                   2848      1.323766231536865      -3.05556058883667      1.185549309169837       1.32308435436991    0.08855722605382434     -5.676684874143611
                   2849      12.98585796356201      2.095546245574951      1.184344742971973      1.321844918159187     0.4343578597208241     -4.088418857422054
                   2850     -2.865805864334106      8.937300682067871      1.182681549184788      1.322131497922457      28.84216113303388     0.1061173873282675
                   2851      15.67458343505859      5.315577507019043      1.181984114288913      1.321564997520104     0.5248769976062743      -3.90133063892388
                   2852     -2.058549642562866      12.13825702667236      1.180149644759612      1.319097881246583      38.32758571169106     0.3860087956656938
                   2853      14.79072856903076      5.959662437438965      1.179483213113642      1.318538523225754     0.5481596935666102     -3.862338713983133
                   2854       5.37125825881958      6.563540935516357      1.178557558330815      1.317650137167684     0.6660248032907983      -3.66903755590006
                   2855       17.1704273223877     -1.591842412948608      1.177770275180129      1.316430116740906      2.061321486758054     -2.540856477401618
                   2856      6.154265880584717      4.492568969726562      1.176813686637221      1.315310953865265     0.7066217987400188     -3.613126491754421
                   2857     0.9668526649475098      11.83702278137207      1.177031215079124      1.313678354763681      8.988991842793871     -1.070923266773569
                   2858      6.198023319244385      2.369973659515381      1.175840476623726      1.312336650756483     0.7464698744245193     -3.561357998782114
                   2859      -5.65711498260498      14.48855018615723      1.172806311700074      1.309104308551745      116.9441927011369      1.487689016324319
                   2860     -9.439249992370605      1.961142539978027      1.173834920738559      1.307580488786342       11.3132777309517    -0.8483187929376631
                   2861      -8.23082160949707      8.919578552246094      1.174326920026558      1.305515763087538      13.69119711941994    -0.6587040093401267
                   2862      -6.40532398223877      12.30084133148193      1.172649450962128        1.3017117947534      124.8956105636943      1.547673690597105
                   2863     -6.865065574645996      10.40008735656738      1.170832760285239      1.298215943295555      68.08343866784675     0.9366897968655795
                   2864     -6.605791568756104     0.7906675338745117      1.170342804389203      1.296426915161494       4.52139129636753     -1.777022012477253
                   2865     -5.912249088287354    -0.4235065579414368      1.169722076853219      1.294804732884206      4.132585757568172     -1.868721042235435
                   2866     -9.694765090942383     0.4071356058120728      1.168873106012318      1.292768552289521      13.95368725554278    -0.6541804191477394
                   2867       10.8936824798584     -7.894999027252197      1.171939789287553      1.291555601099837    0.03505038672292829     -6.639211354917617
                   2868     -6.345097541809082     -10.80746173858643      1.169686504366097       1.29181690452536      53.11145595382049     0.6824276739409264
                   2869     -7.713601112365723     -7.828472137451172      1.167938253549029      1.291463935765784      35.11579552478869     0.2669170484348578
                   2870     -11.78403949737549     -3.105690956115723      1.166554502369291      1.290206646932795      25.41750742132551   -0.05845528603328673
                   2871     -7.796345710754395      4.118450164794922       1.16542690266718      1.288908077746263      7.058452313653986      -1.34164174555322
                   2872     0.4061043262481689      7.438773632049561      1.164370592848377      1.287504072981634      3.778190249930384     -1.968619102991847
                   2873      9.726509094238281      3.703437328338623      1.166268225468009       1.28655765720731     0.5634748612284619     -3.870603711548525
                   2874      10.84604835510254      4.586277008056641      1.167057816239115       1.28530703201457     0.6248700351806066     -3.767478497176536
                   2875       9.68483829498291     -4.788217544555664      1.166624752999215      1.284014507498158    0.06688508412436861     -6.003423459950834
                   2876     0.0443885326385498     -5.757716178894043      1.166460796851464      1.283273605209303     0.0492583904001823     -6.310037463372444
                   2877      8.381962776184082     -10.85694313049316      1.165485989798095        1.2827214205328    0.02425285800404749     -7.019849145821698
                   2878      12.40063762664795      -6.17109489440918      1.164726647487987       1.28199149451163    0.04866845046850111     -6.324573569606089
                   2879     0.4929588437080383    -0.3417152464389801      1.163675926868098      1.281288018231425     0.1224936028476062     -5.402997161102921
                   2880    0.09377825260162354     -5.699141025543213      1.162704529696103      1.280183889260131    0.06467659663071715     -6.043353773127206
                   2881     0.2057777643203735     -4.252996921539307       1.16253074401916      1.278852795606837    0.08388048309677044     -5.784550008885015
                   2882     -10.08991622924805     -1.353434562683105      1.161680861063026      1.277315467369862      27.21471288304532  -0.004364121761917614
                   2883      13.80735683441162      1.879265069961548      1.162223193805349      1.276139248677755      0.703418391289077     -3.660379810235104
                   2884       4.15790843963623      7.223620414733887      1.162388157559463      1.275346969696203      0.807735107237659     -3.522576614326306
                   2885      18.90876388549805      -3.02964186668396      1.163214265168351      1.274272859498508      1.288951289013111      -3.05535868792985
                   2886      9.648107528686523     -5.882215976715088      1.162492922362279      1.273161222617525    0.07986410922353712      -5.83810941634999
                   2887     0.6753914356231689     -6.989884853363037       1.16143262959386      1.272203223226213     0.1064162569495715      -5.55274285793069
                   2888      4.557126522064209     -2.196617126464844      1.160364092314238      1.271271102404655     0.1227312682952414     -5.411757450393418
                   2889    -0.9545302391052246     -3.982835292816162      1.159437880689036      1.270263495095459    0.09020550145715504     -5.721255627071453
                   2890      4.068385601043701      3.236018657684326      1.158474701209632      1.268988257657784      1.123752667826341     -3.200752579105432
                   2891    -0.2658441066741943     -3.745699405670166       1.15733117948636      1.267890518203568     0.1250438994653761     -5.398369672871265
                   2892     -2.887350082397461      3.503512620925903      1.156231921994913      1.267230153892299      1.404341012902792     -2.981182347556324
                   2893      9.211069107055664      8.470762252807617      1.155410318675551      1.266209810149905     0.6437164991169593     -3.762763719128678
                   2894      11.18840217590332       12.2508373260498       1.15462174852109      1.265507394211933    0.01773093483161691     -7.355948913045621
                   2895     -2.213195085525513      1.758587718009949      1.153890960421347      1.264503565262216     0.6137025845336458     -3.813175998842374
                   2896      4.242642402648926     -4.031777381896973      1.153730857692631      1.263710771801537    0.09394027408023793      -5.69079313822053
                   2897      16.50055885314941     0.9643652439117432       1.15346055489545       1.26299383071645      2.400848270037762     -2.450676741005322
                   2898      7.322231292724609      6.176239967346191      1.152435846227854      1.262379001964802     0.9924163139690633     -3.335487143908832
                   2899      5.487262725830078      8.741317749023438      1.151864207779004      1.261393452698938     0.9633773656097202     -3.366461797000068
                   2900      10.80760478973389       0.29413902759552      1.151037559308243      1.260075116989995     0.3835215821658036     -4.289274708501089
                   2901      1.331352472305298      2.230451583862305      1.149938137148403      1.259267605340742     0.7658984574925464     -3.599217669065774
                   2902     -8.496538162231445      -12.4428653717041      1.148853394622332      1.257385092544121      29.01928693033623    0.03300889092498303
                   2903     -6.185029029846191     -5.655889987945557      1.148758842335384      1.256298199436479      21.99450316759849    -0.2451063045887927
                   2904     -4.580899715423584      -14.7464714050293       1.15192835743578      1.258350974246655      290.8530005968212      2.341307048246509
                   2905      16.13810348510742    -0.5560746192932129      1.151779271375186      1.257842386587933      3.130401442125085     -2.190883369169433
                   2906     -6.345303535461426      3.491541624069214      1.152011786115728      1.257145594564015      3.870846908255706     -1.978923556934021
                   2907     -2.705244064331055      15.31215572357178      1.150243105014101      1.254281426156348      165.9290532887092      1.775346040153404
                   2908     -6.729591369628906      11.00747108459473      1.149443832885322      1.251148415836889      103.1725593203346      1.296992561130669
                   2909     -4.323198795318604     -15.51436328887939      1.151094642053744      1.253588757882379      293.3244813198929       2.34525281495806
                   2910     -5.946347236633301     -14.65606307983398      1.149381833546608      1.255098109707134      227.7589443610896      2.091975391961509
                   2911     -7.085907936096191     -9.201674461364746      1.148603083554004      1.253741328824818      30.99491408614004    0.09575134490903088
                   2912     -3.891605138778687      16.87269020080566       1.14719110393516      1.251460835038511      139.1755670131332      1.594613758869543
                   2913      12.32713794708252      2.458255290985107      1.147475986726186      1.251047044827327     0.5072035990382147     -4.020047629822118
                   2914      5.078817844390869     -1.872575998306274      1.147288858312592      1.250624791873796     0.1654481474565054     -5.140802959708078
                   2915    -0.7309374809265137     -3.843884944915771      1.146297996391687       1.24956301681547     0.1398245827547126     -5.310785524961587
                   2916      4.847137451171875     -8.156143188476562       1.14550998476986      1.248487703150634    0.04921796203630709     -6.356464141812316
                   2917      12.84828472137451      6.902399063110352       1.14461890697519       1.24752461953889     0.4446894018049264     -4.156896603687207
                   2918      5.191327095031738       9.59548282623291       1.14408475859312      1.246695215174988     0.9807362579964062     -3.367100925980119
                   2919      3.303385257720947     -4.487646579742432      1.143367878887402      1.246165162174986    0.09997668689899075      -5.65151952138813
                   2920      3.254093170166016     -4.241718292236328      1.142470550000233      1.245136346663157     0.1337884889856307     -5.361807483046734
                   2921      2.383912086486816     -8.143366813659668      1.141455822001112      1.244024816805231     0.1039960914716477     -5.615495957222158
                   2922      2.603634834289551     -2.668495655059814      1.140347298634544      1.242918922029401     0.1619844734042553     -5.174209767362711
                   2923      10.65771865844727     -5.705690383911133      1.139589888299048       1.24167938225815     0.0890763274745273     -5.773878832805795
                   2924    -0.9630270004272461     -4.237105846405029      1.138741680951733      1.240522733686221     0.1659390247440867     -5.153428587090417
                   2925     -9.666594505310059     -1.530761003494263       1.13764760270459      1.238786163190965      32.47294613865395     0.1207515172243432
                   2926     -5.838465690612793      9.152828216552734      1.136672390034905      1.236806172066303       65.3307674900679     0.8173501011840609
                   2927     -3.199808359146118      16.65066909790039      1.136072951337116      1.235901836019308      194.3000861752346      1.906031848526652
                   2928      15.58455562591553     -5.907705783843994      1.135717875359378      1.236160563923878    0.08459455446626143      -5.83336060798894
                   2929     -9.926351547241211       4.75198221206665      1.136442978658287      1.234688805122857       18.2232944255373    -0.4613275843769218
                   2930      11.73025608062744       8.36143970489502      1.135958495318928      1.234723989132871     0.3150694151822231     -4.519388482954977
                   2931       10.3660135269165      -1.59417998790741      1.135373693313557      1.234407514245782     0.2214779479649264     -4.872629723325693
                   2932      -8.93065071105957       5.69232702255249      1.134571418378721      1.233326305239868      16.25988753826791    -0.5780794277098902
                   2933     -9.265603065490723    -0.6465706825256348      1.134966008713782      1.232434021848371       26.3977121904594    -0.0938792798287212
                   2934      19.09643363952637     -1.556096315383911      1.135579242094546      1.232623246634754      1.719746588250385     -2.824285989549252
                   2935      8.182466506958008      2.075810670852661      1.136184897596637      1.231558171511171     0.7071136307555653     -3.713358083302438
                   2936      1.067924618721008       -7.1669602394104       1.13558318878174      1.230966641249612     0.1392257455496535     -5.339462927425594
                   2937       8.77549934387207      -4.35732364654541      1.134710515645494      1.230201491189847     0.0999047767933072     -5.672732665192513
                   2938     -2.285615682601929     0.7382150888442993      1.134049269827405      1.229228176495657     0.4399858949375339     -4.191581906243572
                   2939     -5.841723442077637     -2.915588855743408      1.133576820485297      1.228259877920244      7.891496137468801     -1.305988285329996
                   2940     -4.456201553344727     -15.52708625793457      1.136339393477516      1.233631722025749      346.4734903614142      2.482830362328329
                   2941      4.516387462615967      3.923800468444824      1.136556674407338       1.23312651983893      1.176308188905005     -3.202813481117415
                   2942      1.037487387657166     -3.908602952957153      1.135893979219248      1.232311490709059     0.1773957845514992     -5.095810739989857
                   2943      8.700838088989258     -9.537426948547363      1.134957020534262      1.231902042979186    0.04446157197134691     -6.480726302385344
                   2944     -3.469266891479492     -2.655399799346924      1.134194185106224      1.231095266885024     0.7322134116139377      -3.68060702035508
                   2945     -3.506451606750488     -15.59452533721924      1.135422317257906      1.231553433374309      302.0109275148663      2.342993771930814
                   2946     -15.47476673126221      1.561471462249756      1.135130402901366      1.232364143947716     0.1775979997609445     -5.095301204033707
                   2947     -11.34175491333008     0.2835252285003662      1.135410478020017      1.231052233244185      14.21889449495419    -0.7133152260871509
                   2948     -9.278136253356934     0.2723159790039062      1.134505765672063      1.229753244013222      23.51464134010331    -0.2121165176425472
                   2949     -10.62354850769043     -3.342123508453369      1.133274415796472      1.227902294902239      50.69387209803244      0.553473032542554
                   2950     -3.704351425170898      9.141635894775391      1.131522818020084      1.227741401349861      50.08862105878052     0.5397840095830567
                   2951     -4.847280979156494      1.860289812088013      1.130611727503158      1.227956488146961      2.915262284031285     -2.304680395386608
                   2952      1.053699016571045      1.962018013000488      1.130710418966691      1.227256736371474     0.6897035774313574     -3.746616286670813
                   2953     -8.877041816711426      4.912830352783203      1.129913017153701      1.225673180742218      18.22309832770792    -0.4744296120813075
                   2954     -5.344350814819336      5.590373516082764      1.129200709373334      1.224663785432687      6.068955664111915      -1.57538748993837
                   2955      13.14221286773682     -2.176679611206055       1.12865456267406      1.224083418980327     0.4676778245790902     -4.139507446304308
                   2956     0.8543210029602051     -9.663759231567383      1.128498608808047       1.22347635081775     0.1792723735142119     -5.099015053353988
                   2957      8.790069580078125      -10.7116813659668      1.127964895878173      1.222971766815534    0.03855343476003355      -6.63676170346275
                   2958      7.966677188873291      8.127456665039062      1.128203373274228      1.222388615044842      1.070063192934282     -3.313599458916005
                   2959      3.548130035400391      15.64020347595215      1.128459548155814      1.221703843598115     0.6807387581361265     -3.766227135537796
                   2960      5.535971164703369      13.13162994384766      1.128520861359658      1.221089229302938     0.2986654422911265     -4.590530602322737
                   2961       13.0280294418335      8.136860847473145      1.128399204506165      1.220286917808639     0.3596308020005292     -4.405541741491228
                   2962     -3.384296655654907     -6.993085384368896      1.127660749831393      1.219912993225562     0.7100776499944393     -3.726206477940497
                   2963     -8.310762405395508     -12.29366588592529      1.126257828172994       1.21877157353543      33.35187030728538     0.1211073545504585
                   2964      9.540090560913086      0.295607328414917      1.126275346584765      1.218541282392142     0.5111199680589178     -4.057330859532229
                   2965      15.90091323852539      1.621656179428101      1.126394159396539      1.217646871906363       2.45940166963571     -2.486890601964744
                   2966     -7.091413021087646     -5.218181610107422      1.126562889229684      1.215705163608893      44.03505748321966     0.3967312515740005
                   2967      8.405252456665039      9.479557037353516      1.126608320529275      1.214900325828778     0.8505853860788276     -3.550707229506877
                   2968     -6.101600646972656      4.960833072662354      1.126102247864841      1.214243177529046      4.944272523775245     -1.791637266336243
                   2969     -3.596256494522095      7.685109615325928      1.124911787703329      1.212733025079353      36.10745538851163     0.1943300746005688
                   2970     -9.291674613952637      1.933278918266296      1.124294915864661      1.212271985115903      17.51258048078547    -0.5301785448988193
                   2971     -3.821238279342651      16.29753875732422      1.123625550779898      1.209921837842538      209.5031806065935      1.949104815408767
                   2972     -7.812525272369385      8.618155479431152      1.122163431549935      1.211016477210248      25.83390074339193    -0.1443442826377143
                   2973     -8.297093391418457     -9.453666687011719      1.121624514272543      1.210497804110536      30.41599172933032    0.01802786824436596
                   2974     -10.09607791900635     -9.545244216918945      1.120620900733998      1.211004414386031      20.65451908012605     -0.369483268246743
                   2975     -9.838115692138672     -7.951308250427246      1.119133127687252      1.210195504104117      50.73411257573764     0.5271844063743212
                   2976     -6.733878135681152     -11.67239665985107      1.117335613792631      1.208975075451778      69.09859728387225     0.8335038987623042
                   2977     -7.979079723358154     -8.779315948486328       1.11581738595259      1.207789173602229      42.27366670797921     0.3397927102484304
                   2978     -6.076090335845947      -6.55696964263916       1.11454298535851      1.206938815242553      23.33336177566774    -0.2563345586636235
                   2979      2.439423084259033     -9.010565757751465      1.114029279990697      1.206103333417689     0.1585098251424467     -5.249310919611375
                   2980      16.79203224182129    -0.7573785781860352      1.114324082239987      1.206597219311107      3.846322437181353     -2.059580742565371
                   2981      7.409980773925781      7.070115089416504      1.114819695396896      1.206739228320663      1.468133974885982     -3.022143679946562
                   2982      1.041234493255615      9.257027626037598       1.11761633227136      1.205963399524473      5.547664932205207     -1.690896424486698
                   2983        10.473801612854      3.828876972198486      1.117448745321736      1.205629382857172     0.7459365411951482     -3.697815249358916
                   2984     -4.541573047637939      6.096439838409424      1.118239819791321      1.204655009649355      14.51628509828968    -0.7295302065868129
                   2985      0.987215518951416      -15.2423791885376      1.118108613545179      1.203887456966944     0.8757014922085022     -3.538286042845718
                   2986      11.79672718048096    -0.1825370788574219      1.117658156852324      1.203186994266872      0.460624823035666     -4.181712392998309
                   2987      10.90600395202637     -4.608034133911133      1.116916250811599      1.202706713993678     0.1182470800493673     -5.542583215327964
                   2988     -1.942703127861023     -5.562218189239502       1.11623029834169      1.201974309230186     0.1496788840012035     -5.308090809740651
                   2989      7.961610794067383     -2.878490447998047      1.115304408813769      1.201074099668286     0.1376055424019394     -5.393770878188916
                   2990      9.946107864379883     -8.547665596008301      1.114401855062329      1.200230278292864    0.06111342819555316     -6.206942840332978
                   2991      14.29686546325684     -0.677933931350708      1.113935892193634      1.199702772039143      1.801754082496569     -2.824016313257988
                   2992      8.936849594116211      6.670937538146973      1.114670103990307      1.198964127503847      1.374024783028567     -3.094989744553699
                   2993       12.2179708480835     -5.593503952026367      1.114999900317459      1.198318125751199    0.09722685776620833     -5.743685386413897
                   2994     -2.599572658538818      2.899762392044067      1.114738032113433      1.197594962244322      1.354608807764797       -3.1103029365275
                   2995     -2.246939659118652        1.2349853515625      1.114055702475498      1.197326035765754     0.7963339838191312     -3.642389116615202
                   2996      2.390254974365234     -10.42729568481445      1.113199318124127      1.196594278966229     0.1307253393736259     -5.450689666324219
                   2997      5.768980026245117      -7.28549861907959       1.11233591321214      1.195854145091548    0.07820944979954687     -5.965792293561637
                   2998     -13.51041126251221     0.7776174545288086      1.112881533897619       1.19500651790866      2.382608220261958     -2.549450376254625
                   2999      5.226824760437012      0.852567732334137      1.113077410440743      1.194390027334627     0.7764647424069691     -3.670990227008521
                   3000      4.765213966369629      10.12766456604004      1.112408786255241      1.194071316016825       1.18817413196398     -3.246436152937072
