#! FIELDS time deep4.node-0 deep4.node-1 sigma_deep4.node-0 sigma_deep4.node-1 height
#! SET action OPES_METAD_state
#! SET biasfactor       12.02723625380408
#! SET epsilon   2.008904905162975e-06
#! SET kernel_cutoff       5.122093479753262
#! SET compression_threshold                       1
#! SET zed      0.3508381275612698
#! SET sum_weights       510.6408571643432
#! SET sum_weights2       2432.697312501377
#! SET counter  492
#! SET adaptive_counter  250000
#! SET sigma0_deep4.node-0       4.797002249294635
#! SET av_cv_deep4.node-0       3.748005640685466
#! SET av_M2_deep4.node-0       17695219.84255043
#! SET sigma0_deep4.node-1       8.455010558231344
#! SET av_cv_deep4.node-1     -0.9339932176320427
#! SET av_M2_deep4.node-1       20388612.57268192
                   3000     -9.556152331212871     -5.175250343451206      1.626029486741719      1.918848264568433      374.4168996419423
                   3000     -4.504724293985144     -14.93101801338164      1.489052002706893      1.791366738735011      3395.140469867091
                   3000      -5.30287980467982      10.71380358556306      1.457773596766286      1.763263566229283      334.3731741257347
                   3000      16.45676500143882    -0.0665910519188074      1.357495590810458      1.887574538013283      23.04015187426697
                   3000     -3.106023671838365      16.18004205633903      1.456489396352325      1.680528923063489      1795.932126826867
                   3000      7.153042967073331      2.798790513965125      1.760060033875192      2.253511296544236      4.182868075492623
                   3000      12.74182874468988      -6.30295655551879      1.409283668236936      1.569578149594923     0.2373392893192606
                   3000      18.81851974597833     -2.081881412208971      1.470721336001206      1.688671672975516      7.974841608435988
                   3000     -10.44195889109155      4.980950432109501      1.518332961142923      2.013537345880518      101.0511206740599
                   3000      15.18724781177232       4.68916194412643      1.735389117173065       2.23929376085953      2.994726544990833
                   3000     -9.183413533165321      2.309953299836064      1.353577317432194      1.702268359073708      53.95796435879377
                   3000      3.555056489075357      3.195150330771512      1.587381416850236      1.836787955899536      6.528363100431334
                   3000       8.90662016040184      8.362750177957096      1.370767585312314      1.746311842638643      3.392389400426122
                   3000      7.390417060627762      7.406968029366452      1.290440533950466      1.645909798108723       5.10421897095508
                   3000      6.652333652706382     -7.338658237651613      1.709388434107673      1.813900464107766     0.2363715350498393
                   3000     -5.526728483146161      12.63548384731424      1.462505040508128      1.627037325538266      791.7090958487357
                   3000      4.737934284475214      8.967576990114928      1.314130415593043      1.637497697137734      5.686543972598106
                   3000      7.091779270488421     -3.262308824050775       1.70329741492573       1.82452059111427     0.3403547667239111
                   3000      5.565659865345957      6.167263469131721      1.305583911349207      1.512241977884615      1.419989380899183
                   3000    -0.7351874795780003      7.137801804632952      1.705845366965071      1.984994858136418      20.03674457811971
                   3000     -2.763854557238472      11.37368656880792      1.606296020584787      1.946282540384212      102.2071554169198
                   3000     -12.13140175414529     -2.802855563844528      1.326951898642185      1.541147677972026      38.96785000286352
                   3000      11.18078751933079     0.4797624974579272      1.443551691711944      1.669951533766107       1.94814437783926
                   3000      10.31218706523073     -10.45869602082399      1.363978482165661      1.535452764960538    0.02379359850724452
                   3000      2.127141473531751     -2.664355607704842       1.39494860652935      1.574076461243099     0.5384569111021273
                   3000     -6.326341144803238     0.4569705829969653       1.42002808371674      1.657237369391082      17.92589229276311
                   3000      5.120498301352876      13.32779364199133      1.466075587945638      1.595839360182488     0.4729607674312718
                   3000     0.5496633966263426      11.54449505899821      1.541317137497437       1.80954056757464      33.01134284796092
                   3000      2.333261489868164      13.24750709533691      1.677544462369505      2.033022590377056      2.488175893267229
                   3000      6.069074000676903     -10.38288476812601      1.719257048295443      1.779853874387959     0.0679526974903964
                   3000      -8.57994359462724     -12.86002589203471      1.300508559862809      1.539398263436389      111.0335192285041
                   3000     -9.527903631249014     -7.630919773113102      1.387598712191482      1.500769396707154       221.588512287592
                   3000     -1.074006063081749      17.73169738852069       1.50967699431405      1.759307523857318      147.5532474374954
                   3000     -10.20168778954105     -2.307505075479545      1.305133979445684      1.620861149463779      198.7125891076165
                   3000       11.1992248410251     -4.492399844414878      1.443540037686065       1.46151930846388     0.2650630362736654
                   3000     -7.653024970127202     -5.384739851970936       1.36744363422368      1.437267988364382      174.3242851879896
                   3000     -14.26239013671875      -5.25954532623291      1.568404339184937      1.840683017954879      2.942772765255351
                   3000     -11.22567814815086     -11.05892496787439      1.402612062486229      1.742507976822498      12.39357998991725
                   3000      -12.0687771318846      6.321419337233225      1.379049710156863      1.588220363420151      34.92335626171339
                   3000    -0.5940084457397461      14.09146499633789      1.556024807018966      1.815894839471909      38.35448579677946
                   3000      9.687634545341762    -0.3506569496893846      1.288072152199615      1.573744446481843     0.9299942411086759
                   3000     -9.077097548612402      6.496122748686159      1.301761134837773      1.525052750575873      45.26975384059686
                   3000     -8.013678517147717      9.242205093243026      1.275499160427098      1.654142653615989      60.37475318539334
                   3000     -6.143645954817866     -10.36059739952892      1.316466793483916      1.488459058303277      179.8065803935012
                   3000     -13.08560562133789      3.237766265869141      1.455884323821313      1.701021394932983      3.131544754445104
                   3000     -5.973686835733856      3.067293791572923      1.336911351592782      1.511975535079394      8.573439694630531
                   3000      20.58320617675781    -0.5368423461914062      1.449020140811751      1.679078223519322     0.4460808850332096
                   3000      11.21241101780169      5.238008027487915      1.346063896676465       1.56272617621597      1.805183491410447
                   3000      1.593569278717041      6.231293678283691      1.448593886005928      1.669528887647692      1.301010593559847
                   3000      9.173538534454933      6.065694356442807      1.268935255016773      1.557221900373058      2.586690602007869
                   3000      12.80840565796811      7.205650577877901      1.310796922720861      1.527803759032041      1.369231811247824
                   3000     -6.585712909698486     -13.22214889526367      1.437047302130117      1.654849606369625      95.67633988288242
                   3000      9.723105988738922     -8.221761692324433      1.273027745795184      1.537201502377237     0.1320860935500381
                   3000     -5.807568720652667      8.735471020288347      1.266746873118899      1.473001027373303      114.8762130129866
                   3000     -12.12826969890392     -4.760326059416822      1.315254168261224      1.473081056648273      38.26572824473722
                   3000     -3.303722544519527     -2.445694348511285      1.240073518602309      1.364436221323099     0.9733947290483094
                   3000     -3.539514064788818     -18.73266220092773      1.350353978931364      1.564094323675897      36.30582681617061
                   3000     -3.560641553675479       8.33675751188383       1.28129526735405      1.531368438107084       194.515965313397
                   3000       4.88198419215975     -8.112112278474633      1.226042397209816       1.36533769557055    0.07784846351914587
                   3000      11.04408343790592     -8.219159171256411      1.248539512689526        1.4471744211092    0.05232941689046904
                   3000     -11.24036302526266      0.595247386798477      1.214315141556952      1.373412939861735      30.69265793007431
                   3000     -4.581119537353516      15.76353073120117      1.334514004565131      1.515045596260612      71.89378330155336
                   3000      1.340185245603759      9.613140219584576      1.258398573082245      1.397694919093715      10.25564959006594
                   3000      5.002273559570312       11.4823112487793      1.317190272669775      1.479425904729058     0.5157357268835502
                   3000     -7.001320007294326     -11.52926415652746      1.244449948636401       1.32373357563828      109.1253696625864
                   3000     -5.678975980219588     -2.884781003209589      1.213190370255753      1.276636602261801      9.871501114857139
                   3000      1.226183596557827     -9.344683164767428      1.320175896107286      1.394079409098903     0.6799209357678109
                   3000      7.883061408996582      10.95241451263428      1.296192882791632      1.443007437236368     0.2151354112416508
                   3000      18.21810340881348      2.374326705932617      1.290540764413439       1.43648243400911     0.6451618331071803
                   3000     -4.107262036637166      3.283089438756054      1.230834344355699      1.465275240199489      2.831007578578239
                   3000      5.599443912506104     -6.099020957946777      1.279429434037394      1.419366354150017    0.07719905042711404
                   3000     -4.670174598693848  0.0001197457313537598      1.278108856634241      1.417830179381923      1.714336124732487
                   3000     0.1504748913369208     -5.592988210727042      1.198825621343455      1.377482422358388     0.1834320749688272
                   3000      2.530795097351074      -5.78342342376709      1.276078636472163      1.413719116454754    0.04035435667679076
                   3000      13.62538118826645     -2.112308551739977        1.2515850246378      1.318467675131061      1.430058617191963
                   3000     -7.833322525024414    -0.8982453346252441      1.276238756409373      1.409273733559202      10.60196405495121
                   3000     -0.372376561164856      4.111852169036865      1.276256979037908      1.407843558513521       1.60766361034504
                   3000     -7.742934703826904      -2.80264949798584      1.271344528958176      1.402782734741978      27.93011683250079
                   3000     -6.177722107207943      14.16887785016134      1.307993629857131      1.457418756139897      335.4696987801329
                   3000       6.42386218739605      9.995331821744742      1.246080592087053       1.44503155493101      1.116031905633605
                   3000    -0.6039989364093612     -3.966154403522346      1.225405182136429      1.293227856080829     0.6446297465216377
                   3000     -8.102408409118652     -15.27023506164551      1.237909139570801      1.378987036737758      38.13970042077889
                   3000     0.1222317218780518     -8.473126411437988      1.212179620391468       1.36342076524732     0.2255846731424897
                   3000     -2.144529104232788     -3.993320226669312      1.212957880186277      1.359828972349695    0.09472226014923586
                   3000     -9.374744781579793   -0.05543601414874909      1.165862291094492      1.339172167600498      78.00895406209258
                   3000      2.722904920578003     -12.78040409088135      1.209739506156976      1.354604305768476    0.03107592853602048
                   3000     -3.955547332763672      -16.8074951171875       1.20668328906834       1.34735589703088       150.640211071236
                   3000      9.953297696387709      -5.46971872100838      1.253974319384297      1.347864789559911     0.2919157511333629
                   3000     -1.878325939178467     -18.09186172485352      1.196790230354966      1.348087906889247      25.01623927552178
                   3000       3.56324905612765      -4.26543440462151      1.221960369458964      1.276454641337518     0.3908871365363614
                   3000     -2.066745460375741      1.549142346560279      1.190502659372244      1.379107293740705      2.420746434476968
                   3000        6.8810133934021      13.25661277770996      1.191823345575765      1.334943586823454     0.1122114653533979
                   3000      14.50641467134995    -0.8415692694806404      1.173684056953361      1.270381831392191      2.994339538145233
                   3000      13.49374113801386      1.961832647245708      1.236875078480597      1.298038138331335      1.137776251009901
                   3000     -6.783449627656124      10.76600349641804      1.159890813083789      1.304389745437298      171.2559979881813
                   3000      -7.78215247657212     -8.780846027005122      1.214060932866048       1.38078734687784      138.8003680482383
                   3000     -7.796345710754395      4.118450164794922       1.16542690266718      1.288908077746263      7.058452313653986
                   3000      10.15222159037621      3.774896927587864      1.197317592536367      1.242655032574884       1.30941140242361
                   3000      8.632477785852874     -10.76777467753525      1.159747164080644      1.248388709190988    0.06280629276408103
                   3000     0.4929588437080383    -0.3417152464389801      1.163675926868098      1.281288018231425     0.1224936028476062
                   3000     0.8978726257850499     -7.090248196724947      1.163230622681851      1.252076488478069      0.245642002499225
                   3000       4.85663737573821     -2.010580229229492       1.18138370380025      1.269610633012829     0.2881794157517468
                   3000     -2.746055075828457      3.207079038985855      1.145121434474988      1.269920828914708       2.75894982066759
                   3000      11.18840217590332       12.2508373260498       1.15462174852109      1.265507394211933    0.01773093483161691
                   3000      1.199792762225541      2.103260504374877      1.149260486126129      1.251401232064385      1.455602034923904
                   3000     -6.128950810374394     -6.119737504213429      1.132584257621097      1.310918247758802      45.32786494326623
                   3000      12.32713794708252      2.458255290985107      1.147475986726186      1.251047044827327     0.5072035990382147
                   3000      2.417431477835592     -8.667010450971592      1.125302320939155      1.292824285615404     0.2625059166140944
                   3000      15.58455562591553     -5.907705783843994      1.135717875359378      1.236160563923878    0.08459455446626143
                   3000      11.73025608062744       8.36143970489502      1.135958495318928      1.234723989132871     0.3150694151822231
                   3000       8.77549934387207      -4.35732364654541      1.134710515645494      1.230201491189847     0.0999047767933072
                   3000      1.037487387657166     -3.908602952957153      1.135893979219248      1.232311490709059     0.1773957845514992
                   3000      8.700838088989258     -9.537426948547363      1.134957020534262      1.231902042979186    0.04446157197134691
                   3000     -15.47476673126221      1.561471462249756      1.135130402901366      1.232364143947716     0.1775979997609445
                   3000     -4.847280979156494      1.860289812088013      1.130611727503158      1.227956488146961      2.915262284031285
                   3000     -8.877041816711426      4.912830352783203      1.129913017153701      1.225673180742218      18.22309832770792
                   3000     -5.684310132366842      5.307747980326389      1.189041153839967      1.259539062917671      11.01322818788716
                   3000      3.548130035400391      15.64020347595215      1.128459548155814      1.221703843598115     0.6807387581361265
                   3000     -3.384296655654907     -6.993085384368896      1.127660749831393      1.219912993225562     0.7100776499944393
                   3000     -10.09607791900635     -9.545244216918945      1.120620900733998      1.211004414386031      20.65451908012605
                   3000     -4.541573047637939      6.096439838409424      1.118239819791321      1.204655009649355      14.51628509828968
                   3000      0.987215518951416      -15.2423791885376      1.118108613545179      1.203887456966944     0.8757014922085022
                   3000     -1.942703127861023     -5.562218189239502       1.11623029834169      1.201974309230186     0.1496788840012035
                   3000      2.390254974365234     -10.42729568481445      1.113199318124127      1.196594278966229     0.1307253393736259
                   3000     -13.51041126251221     0.7776174545288086      1.112881533897619       1.19500651790866      2.382608220261958
                   3000      5.226824760437012      0.852567732334137      1.113077410440743      1.194390027334627     0.7764647424069691
