#! FIELDS time deep27.node-0 deep27.node-1 sigma_deep27.node-0 sigma_deep27.node-1 height
#! SET action OPES_METAD_state
#! SET biasfactor       12.02723625380408
#! SET epsilon   2.008904905162975e-06
#! SET kernel_cutoff       5.122093479753262
#! SET compression_threshold                       1
#! SET zed      0.5356365678956454
#! SET sum_weights       1390.155883843739
#! SET sum_weights2       7675.595023131536
#! SET counter  992
#! SET adaptive_counter  500000
#! SET sigma0_deep27.node-0      0.3677537226990832
#! SET av_cv_deep27.node-0      0.2485029584796647
#! SET av_M2_deep27.node-0       111460.1592845261
#! SET sigma0_deep27.node-1      0.4718845473429288
#! SET av_cv_deep27.node-1      0.0355101894347503
#! SET av_M2_deep27.node-1       129672.4127878555
                  29000   -0.09913558195105007     0.7595221145126151    0.06821196244860347    0.08114136931142883      9580.815859945489
                  29000     0.7923271219657279    -0.2765620588409267    0.07231437867466936    0.08599022389722315      10284.71176313893
                  29000     0.4872342830942563     0.3167705817097315    0.07719711423231794    0.09664010250057976      417.0327847684088
                  29000     0.3630592399256015     0.5759160790095071    0.06619872635882741    0.07736223788359062      454.1320161765359
                  29000    0.03747544495665431     0.6791888439700008    0.07482223102283522    0.09235500944968493      1636.308484292681
                  29000    -0.7810846127033466    -0.7417140211781797    0.07102421324161223    0.07861145273122704    0.06420864108124549
                  29000    -0.1983875337223132    -0.5651917131345247    0.07325709616865077    0.07767788999416121     0.8856365237224236
                  29000   -0.07763909815073855     -0.695039087136184    0.07996141412690377    0.09392718123929095      2.973921345551635
                  29000    -0.6258284978889704    -0.2390471526439552    0.08142462273037111     0.1239625266767794   0.001613897967406826
                  29000    -0.5983156094020589     -0.719763307121693    0.07966861201590723    0.08364022151115758    0.05776751827197457
                  29000     0.4919752968056939    -0.4027682193699087     0.0701739944697144    0.09186253457594805      625.1499499398687
                  29000     0.2564656028276107     0.5182555615348244    0.06793932463452088    0.09102717788062699      1101.433276997199
                  29000    -0.3915666521821844     0.2985656314933776    0.06343452926282453    0.08297973786416639      5.457994648200359
                  29000     0.1296504625514284    -0.5105745009675458    0.06867019857070202    0.07070701216474021      15.32152954606864
                  29000    0.09498255484130683    -0.6459946080012515    0.06727439137044681    0.08394693155848164      30.29956594723841
                  29000    -0.4209399702561493    -0.2818094052866953    0.07811042046545875      0.106362797414474  0.0009213136391342984
                  29000     0.7644731785106484    0.06585021521935468    0.07337936547026187    0.09398622600892008      756.5468856197073
                  29000   0.005137137789572334     0.8106011253246813    0.06701855088380003    0.07467960567744056      4717.963363305525
                  29000     0.3429877888106501    -0.5772269709183915    0.07306325798499472    0.08224099902266886      150.9466875357467
                  29000     0.2951479684284529    -0.7025516673221602    0.07019524493559978    0.07231483211728507      61.00503407503862
                  29000    -0.4640218731966553      0.442972611086167    0.06833771949987584    0.08585611287754254      4.173772411355023
                  29000     0.8073736785425172     0.2517105028595835    0.06772213275661161    0.07065958359796626      166.9775769628792
                  29000    0.01130661916840589    -0.9167046789191071    0.07419807355643668    0.09954258123923738     0.3652484928090189
                  29000     0.2418092289339095     0.7161486831375722    0.06374326983148831    0.06967526464779714       1060.93886952748
                  29000     0.6389365457723574     0.1564532717744558     0.0724220222803275    0.08540604889160743      723.2693671868176
                  29000      0.756502720379886     -0.085584640892424    0.06837382215488447    0.07363494902773025      1787.232597302502
                  29000      0.153352237913667     0.7195741703892802     0.0700673785161904    0.08250043609460295      882.1907273336759
                  29000    -0.3214100239326233     0.5358460940652884    0.06718771598938798    0.07180737328791824      28.77296651661763
                  29000     0.4539737045513186    -0.5403640030701199    0.06476542070943331    0.07425828998237506      263.6350092636743
                  29000    -0.6480587571105484    0.06394795472235186    0.06208038278978226    0.07449882327199255    0.05983400816098577
                  29000     0.2976537118509311     0.6315421236380863    0.06398554025255317    0.07750312293299809      608.6288710471634
                  29000     0.1610470728879229    0.02791605934209541    0.06546076199434467    0.07676879870611363      1.945872001161999
                  29000    -0.2982096911776149    -0.2577049131751932    0.07385980291977681    0.08889053408429146   0.001579547838438379
                  29000     0.1322606965766223     0.5318734785740051    0.06619405403823425    0.07965652803993772      598.8037102312164
                  29000     0.7242471979058669     0.3745322883338669    0.06763037317579153    0.07946034765774028      34.06192298052786
                  29000     0.2462506418271247  -0.005975654493166218    0.06950559700254756    0.08150919004297343      2.377377479686873
                  29000    -0.3512188935840567    0.07962280283387285    0.06559443738061975    0.07876824864450802    0.06654673889178402
                  29000    -0.3879813968680619    -0.6402960634825476    0.06216998504361696    0.06796210358348294    0.09452432720225808
                  29000    -0.6991822140239921    -0.5825353936271872    0.06654815518613279    0.07854117468091561    0.05644126408839265
                  29000    -0.5086700128207124    -0.5848459674842481    0.06558105142564381    0.08232667635500404    0.09690058986449415
                  29000    -0.5087819062752647    -0.8312780253741923    0.06799893741923424    0.07492706875778755    0.01722108937628675
                  29000     -0.426890372634234    -0.7962066944763789     0.0762540256331509    0.08886704062373589    0.01614541087086604
                  29000     0.7371329040640647    -0.3893418908599711    0.07207253241428513    0.07053337764300087      5152.897932374577
                  29000     0.5301579992302871    -0.1290329290837472    0.06843925616609793    0.08132661254562053      51.59576085607947
                  29000    -0.7134335461584447    -0.1240009429085442    0.06349331050008868    0.07014104055340777   0.008681213584160788
                  29000     0.6529610039691848     0.5110393378650044    0.06571561989136462    0.08034918098866652      43.92414752722652
                  29000     0.8344683045001521    -0.1554443822083692    0.06371156189603214    0.06547322441416856      1928.597171409458
                  29000    -0.6236944538795371     0.1622538703192571    0.07032644472633723    0.07628756970086792     0.0940086653149711
                  29000    -0.7756222523914507    -0.2291264209974077    0.06099068210266269    0.06567814000117306    0.01120623713781154
                  29000   -0.09808825358373217     0.5593863819587571    0.06891990536607964    0.07302539374259302      471.2042731908447
                  29000     0.4421587170207958     -0.186119379999674    0.06754251592943827    0.07481616669362914      59.66669614598148
                  29000  -0.004180400380652903     0.2780681916344063    0.06812517466706061    0.07402640455191037      19.09113783921865
                  29000     0.4515439665436426     0.2163802069123859    0.07138569155324423    0.07422735812665808      434.0469770083729
                  29000     0.0918053694333589    -0.1833183457245569    0.05951503063788178    0.06461925335130322      0.103574621917173
                  29000     0.5955660884231441    -0.3852702588529648     0.0649342119857433    0.07394289743266881      1921.936744305382
                  29000     0.8652743025720648    -0.2963351489759704    0.06186032714754545    0.06506057959425621      1027.623476475975
                  29000    -0.8962645577328471     -0.293458115933559    0.06318370870367958    0.07608219929896207   0.002972298465502341
                  29000    -0.1351918889289048     0.2454762300055832    0.06544641853195494    0.06442948385013691      4.281255157080546
                  29000     0.8607297139240891     0.6679251712542393    0.07526631542702557    0.08564065100781389    0.08689810588722548
                  29000    -0.9139604568481445   -0.06862380355596542    0.07564650318437417    0.09022550314409224  0.0002177098806109061
                  29000     0.1120764165705086     0.2415576175932147    0.05998792267979029    0.06406099022991821      6.294240145391541
                  29000    -0.1869483298495475     0.3266067803296234    0.06333296729705946    0.06818553355442326      5.675587478985479
                  29000    -0.7933586990688196     -0.437895158893065    0.06877651495746936    0.07765719853457594   0.005577592884884328
                  29000    -0.5581342184669426    -0.4190256479037418    0.06429273300049412    0.07765032553620291    0.01084682309606413
                  29000    -0.6948214105343615     -0.801855335125162    0.06511720539906668    0.07069628253984182    0.04323012091582053
                  29000    -0.3823787837157199     0.6233473119873586    0.07045160484205959    0.08945721039005657      1.802621329297785
                  29000     0.2126147984259527    -0.2965597226645444     0.0672269089428333    0.08041200654522122      5.478348146892648
                  29000    0.03862991281671543     0.4520875833477715    0.06917412444271268    0.07791520432739421      147.9668837001912
                  29000     0.4294489896615421     0.4554218814159303     0.0735995493393059    0.08160923119818018      593.1132161774153
                  29000     0.4135345273439578     0.1076898306084228    0.06378637075417568    0.07122436304995557      63.94779956760689
                  29000    -0.8092494093061412    -0.6522653408308531    0.06129657144950779    0.07374614380097236    0.03333638791096789
                  29000     0.4408006533801619   -0.01595850200346285    0.06690092680442193    0.07973956831746513      15.33575763230557
                  29000     0.3954040829737848     -0.418018235171741    0.06030299886198541    0.06797965188993021      103.9463604612549
                  29000     0.4185498352658311     0.8087355065119647    0.06257716785194774     0.0727744281455302      24.99026971079516
                  29000   0.007402013791845271     0.9192786133469006    0.06358235600517426    0.06840908627478172      433.0634899897681
                  29000   -0.08659621437262587     0.8662538478216569    0.06533455194822528     0.0698912273201211       1173.62300413222
                  29000     0.5838943162847421     0.3766360022778426    0.06245411731600582    0.07292494086010126      208.5311752537266
                  29000    -0.5228844285011292    -0.1720826625823975    0.06957027842794293    0.08242154754171623  0.0005078916108458237
                  29000      0.383882427068898     0.6689083342972036    0.06047545474238677     0.0700881498173502      254.0244594276706
                  29000   -0.05776182249940191    -0.5929396850676136    0.06478280972171195    0.07399573580066542      2.453188967064365
                  29000    -0.3543138363142321    -0.5647056532912338    0.06113391069817897    0.06443121483823581     0.2009460087909722
                  29000    -0.4860637346679331     0.2067768715027174     0.0659906140168354    0.07943123872443637      0.994028944644451
                  29000     0.3392367008988988     0.3015112901310904    0.06481315188671628    0.07562720988542998      139.7585783916364
                  29000     0.1310615154003453     0.3116856676414972    0.06250125493348885    0.06806983810027346        38.359410621877
                  29000     0.1451006785040438     0.8839744471039943    0.06487097068288586    0.08290877695748142      107.7233824914976
                  29000     0.1823411752957208     -0.786583878427627    0.06728722162843502    0.07139234994965024      5.104682459917893
                  29000    0.02971253500382456    -0.5581111854184615     0.0629719624864012    0.07365570641620221      3.921291159481421
                  29000    -0.2717568593752573    -0.6563879865597314    0.06575305729336912    0.06997589469546385     0.3994339948659663
                  29000    -0.9181055351914892    -0.5915393432742281    0.06157694284257666    0.06388707404706276   0.002751480315531994
                  29000     0.8452516669645849   -0.04370932188837095    0.05958794556177852     0.0670278864401727      810.4492141841316
                  29000     0.5154279717095587     0.1129330891752227    0.06491872059007847    0.07374183889436088      57.55038652508993
                  29000     -0.169566598471715    -0.8512175895100846    0.06221999497599001     0.0651868325880863      0.248873891640961
                  29000     0.5728697781357711    0.02321911814901459    0.06728826515048519    0.07357379233965322      122.3800674253757
                  29000     0.4932150312550529     0.7133601660417372     0.0645559110236537    0.07093016775110286       29.5644106650522
                  29000     0.5961993971864766     0.7023888833046772    0.06470855748531033     0.0688426665057779      5.843062100347193
                  29000    -0.3141538501481717    -0.7366318454757507    0.06214446209356764     0.0807881712604986     0.1195187236977076
                  29000     0.2081719843401452    -0.6099333300690336    0.06336457027665068    0.07095112720935955      23.04894338286372
                  29000    -0.6881782702994301    -0.3412701572135201    0.06899988387298472    0.06720764095325041   0.005297733312136291
                  29000     0.2050206146911785     0.2761078264230812    0.06060295886251513    0.07163779634487411      82.65364121633176
                  29000    -0.2756226062774658     0.2271343320608139    0.06523601020923492    0.07510702997366571     0.1707990805032787
                  29000     0.3006344466410182     0.2231718824932614    0.06165218471613937    0.06956491415095005      28.07100645797515
                  29000    -0.2048992057336306    -0.9584666768035488    0.06387267578024083    0.07178973030596041    0.02694962295686089
                  29000    -0.3757930397987366     0.1808381825685501    0.06429855133079533    0.07395522296493251     0.1364392480745557
                  29000     0.2375951146146331    -0.5114817321188493    0.06273662720962928    0.07461869049433763      23.68732948822552
                  29000      0.198826883762152     0.6004035699800626    0.06202272121056382       0.07034271829062      542.0148599031054
                  29000    -0.2106314199530447     0.6077833918706826    0.07009336443749058    0.07332178441447829      161.1898983716879
                  29000    -0.3002613251096066     0.3414012204051009    0.06130685283402582    0.06618783512722332      6.760161782810313
                  29000     0.5952041149139404     0.7929839491844177    0.06364642050249661    0.07284172544676892      1.032837964275048
                  29000    -0.3606823503790575      0.458539854492426    0.06944171808445923    0.07431105229684698      6.512535086251789
                  29000    -0.3145737117497626    -0.4500578214526169    0.06397492063939671    0.06594848407966067     0.1350834692406652
                  29000    -0.6413704851524363    -0.0597810204103505    0.06384043009838579    0.06913145623147167   0.009507574699129407
                  29000     0.7346435738548581     0.5892038158071005    0.06333046248167803    0.06830677088844474      2.141542586714686
                  29000    0.05035488728947482    0.08961556352621189    0.06318155100539309    0.06731286078394197     0.5292633670556064
                  29000     0.8335669052249363     0.1484016179437932    0.06027512850192508    0.06960765891515014      78.53421602085629
                  29000    -0.8266030431174916    -0.0201007447771913    0.05940590227515909    0.06494801575302685   0.001681216840114346
                  29000    -0.7095518815396384     0.1724771126457365    0.06248723571871043    0.06942896009036956    0.01066283186347457
                  29000     0.4753293356208829    -0.6552888156446164    0.06063385043024093    0.06358481535765857      77.09815910893715
                  29000   -0.09312409162521362    -0.4444944560527802     0.0625065787732666    0.06947768993026261     0.1078898685912505
                  29000     0.5110734564283475     0.6082643697448934    0.06151239243122177    0.07079985307781958      74.66293100066804
                  29000     0.6266106945501145    -0.2607036542718491    0.06059312431986816    0.06197991290415335      217.6151004493728
                  29000     0.1886808272794236     0.3738562114332944    0.06151812599311424    0.06611305863985341      61.40044436664148
                  29000     0.5288184797188202    -0.2610683667809366    0.06397993937135983     0.0678414825791563      126.8838874445751
                  29000    -0.1421799404964226     0.4247658385749283     0.0620138808078369    0.06828418352157586      48.06537716184108
                  29000     0.4035236239433289     -0.313980370759964    0.06144580055766662    0.06824785977549568      21.64730411002861
                  29000    -0.2121948574954289    -0.2252278818982674    0.05895060414541915    0.06709477232420813   0.002027275692204266
                  29000     0.7540392875671387    -0.4735653400421143    0.06119025763114846    0.06806891253729219       175.293608347701
                  29000     0.7005184619800341     0.6849691948104175    0.05936618765488598    0.06512036369507823       1.52086151407738
                  29000    -0.0301239219433224     0.1629522198401325    0.06365934906756142    0.06643410516489391     0.9808645827523557
                  29000     0.3489954780212424    -0.8534265645507501    0.06047091292337729    0.06847561710953363      1.711113022693471
                  29000     0.7218495011329651        0.8006551861763    0.06097288934709737    0.06777240868130256     0.2011881805558689
                  29000    -0.5159573582224856     0.1022190059524989    0.05925602794466586    0.06802511340657801     0.2188640062850997
                  29000    -0.2792601883411407    -0.1469311714172363    0.06040638462036433    0.06750037943015869   0.001496491488680032
                  29000     0.3304665386676788      0.903908371925354    0.06021537821584828    0.06739828223702893      4.125939313406895
                  29000    -0.4234942443083317    -0.4215537368733574    0.05887776109873493    0.06791600099549679    0.01240397835217266
                  29000    -0.2373890997977361     0.4299015344387241     0.0603047479431021    0.06678009903241972       25.2293314587835
                  29000    -0.2455546106110731      0.133807225044564    0.06004336622296376    0.06724742104301233     0.3230436684641894
                  29000     0.7123060368463873     0.2229542563468813    0.06342826960689532    0.06340831764546391      273.0548601182533
                  29000    -0.2401339513489292    -0.4260638083772623    0.05960493628352127    0.06403473117966635    0.06603105535541332
                  29000    -0.5258381366729736   -0.08701109141111374     0.0595827853227475    0.06678817795808006   0.002234487185716853
                  29000     0.1773243509216818    -0.1754595809519027    0.05779285578919392     0.0631773822027818     0.5265353237069981
                  29000    -0.5111749768257141    -0.3203486502170563    0.05928589752605746    0.06655493713863797   0.001467676456960395
                  29000      0.648065014044943     0.3083643985676452    0.05993611351567583    0.06638055379702844      72.31901148761244
                  29000     0.2163403472569932     0.8299437025566174    0.06148459151322939    0.06595495914694795      192.2645650285345
                  29000     0.1528564104249339    -0.9062788103937867    0.05747366631739739    0.06436104767521958     0.7811568767109264
                  29000    -0.3015390271020898    -0.3582452376666353    0.06230465858397734    0.06363973280735838     0.0147463307069069
                  29000    -0.5600557813283307    -0.5277284757318581    0.05577062725559354    0.06634146656533206    0.03643884753576633
                  29000    0.04802422225475311    -0.8243380784988403    0.05793452760361835     0.0650154639067325      0.420353093852012
                  29000    -0.1642267590671154    -0.7284874596347436    0.05835147893888277    0.06424492734749813      0.543296701108594
                  29000    -0.1099588970824228    -0.7962228893522385    0.06148739894338266    0.06363727607539314     0.5484003876526617
                  29000     0.6083640369774845     0.5975917333433353    0.05864537173150186    0.06399532197061315      10.84277922773333
                  29000    -0.8157075839111464    -0.1234817449967863    0.05681521423894868    0.06952832902064122    0.00474276571642003
                  29000    -0.1654515475590295  -0.002770419962174699    0.05700216362791036    0.06561371281492845    0.01315782132994262
                  29000     0.2443767935037613    -0.3899877667427063    0.05776585637983245    0.06464874589310271       2.45988952615154
                  29000    -0.5103043571960981    -0.7412171955210229    0.05811557176852734    0.06285778891198623    0.03703473015512569
                  29000   -0.06027761858550424    -0.3213835727779316    0.05867564905761836    0.06348194814060433      0.044746472732501
                  29000     0.2616036236286163     0.9378289580345154    0.05753811650046821    0.06454298852404021      6.601905502989234
                  29000    0.01047937292605639    -0.7687991857528687    0.05747012793720668    0.06447722124539973     0.8256348442281618
                  29000    -0.6534297052252808    -0.4561442696182755    0.05626150233799129    0.06433107521669851    0.01736048003945304
                  29000     0.5549814887333198     0.4629967493138417    0.05630142450197292    0.06889274865312554      113.4020891544488
                  29000     0.2479924659913124    0.09675870112494431    0.05681537784355949    0.06327552782097315      6.514824544384863
                  29000    -0.4119523465633392    -0.9078301787376404     0.0569852868588955    0.06378264874741804    0.00332937472957958
                  29000     0.6639301776885986    -0.3481127023696899    0.05693801617315029    0.06364996850196109      290.2995982890023
                  29000     0.9281328320503235     0.5146090388298035    0.05722260457320139     0.0635463832170312     0.1309683429635809
                  29000      0.578792929649353     0.2672148942947388    0.05705848765562237    0.06344094311364296      46.38674629124273
                  29000     0.5666423352944969    -0.4646842440228195    0.05589581339257073    0.06581188285171116      594.6690051476878
                  29000     0.2189628183841705    -0.1118828952312469    0.05632741973945583    0.06255364458194365     0.3111089657762887
                  29000    -0.3848476409912109    -0.0352068692445755    0.05633697869085001     0.0625150540520375   0.007281810080430193
                  29000     0.3064960125283254     0.7381898163990932    0.05565670958784256    0.06337092760494353      167.3467394136306
                  29000     0.6515367677451037    -0.4409742245075718    0.05666100867298523    0.06636624589396592       913.971474781963
                  29000     0.5747206211090088    -0.6467099189758301    0.05562041693191976    0.06138398252808161      4.882603011807468
                  29000     0.9021136522853958     0.1073769148229178    0.05648077866323602    0.06376201830978422      42.69568725939035
                  29000      0.167136200125126     0.1443492318794415    0.05623629400852963    0.06447129924100013      4.225460040746698
                  29000     0.8108333349227905     0.3590430617332458    0.05551233650444142    0.06129071362444444      6.745709481166111
                  29000   -0.01095173601061106    0.04068748652935028    0.05555683476175602    0.06127073164137106    0.09581630315472747
                  29000    0.08822332841447114     0.3930297535275384    0.05687813576755887    0.06220444530731539      42.30806574487826
                  29000    -0.7020791172981262    -0.7184644937515259    0.05540646626856874    0.06095519814463794    0.01553741838100846
                  29000     0.6057152152061462    -0.1783512532711029    0.05525167761965129    0.06078466670502539      50.14748394564096
                  29000     0.3411646485328674     0.4431908130645752    0.05512018442876785    0.06050587757733038       67.4605413642458
                  29000    -0.3332953155040741    -0.8406375646591187    0.05499381755728382     0.0603800288999841    0.01606012403881919
                  29000     0.1165161803364754    -0.7630171775817871    0.05511823804310668    0.06030108389300565      1.738904936222112
                  29000   -0.05527575686573982     0.6945439577102661    0.05492856718098542    0.06006859893082282      505.3093193472811
                  29000    0.07052245736122131     0.5348466634750366    0.05483966609554591    0.06000856796041386      71.35327180336533
                  29000    -0.2815055251121521     0.7380285263061523    0.05471611360624821    0.05998870451174291      25.12836663416476
                  29000     0.3675868511199951    -0.7636910080909729    0.05482167690510863     0.0596599460458543      3.357962404977337
                  29000     -0.112989217042923    0.03740681707859039     0.0548426587290526    0.05965532917127944    0.02418399362566167
                  29000    -0.7225695848464966    -0.4925161600112915    0.05456124471801022    0.05943731060536969   0.006463149312586827
                  29000     0.8306214213371277     0.5639227628707886    0.05439638842888855    0.05928709812007714     0.2874991776421345
                  29000    -0.8222634196281433    -0.5383679270744324    0.05442101848074661    0.05903288481040881   0.004702190425427245
                  29000      0.887295126914978     0.1825953274965286    0.05435497394207661    0.05900378737743574      18.33773608457269
                  29000    -0.2810284477044637    -0.5384132271764237    0.05457367857568667    0.06145969807969041     0.2044894321551292
                  29000     0.5325475931167603     0.1887835562229156    0.05430241326541355    0.05881678918899025      50.64895446692138
                  29000    -0.1659748703241348    -0.3787136077880859    0.05423103930544875    0.05881000087215839    0.02106467615207673
                  29000     -0.298841118812561      0.418353796005249    0.05418132457441324     0.0587759232986397      3.306878835863297
                  29000    -0.7231787443161011    0.01783990114927292    0.05416532440526512     0.0587657302700752   0.005782884169386042
                  29000      -1.01320469379425    -0.4263851940631866    0.05420196340335243    0.05873274559994807  0.0003649166179523685
                  29000     0.5505132675170898    -0.5727263689041138    0.05419336050027728    0.05869199521804983      34.57715681247227
                  29000     0.1258873641490936     0.7992705702781677    0.05422230542580361    0.05863526144923147      145.0092510667148
                  29000      0.305942714214325     0.8247411251068115    0.05420300842084944    0.05851169030315826      32.32225945092134
