#! FIELDS time p.x p.y ene.bias
 0.000000 -0.55 1.45 -14.6671
 1.000000 -0.669788 1.45287 -13.1278
 2.000000 -0.526768 1.34318 -13.0087
 3.000000 -0.705421 1.22641 -13.0521
 4.000000 -0.627563 1.38968 -14.4932
 5.000000 -0.558073 1.41623 -14.597
 6.000000 -0.591168 1.49159 -13.9824
 7.000000 -0.327008 1.6331 -12.5469
 8.000000 -0.546763 1.37726 -14.0703
 9.000000 -0.701522 1.34392 -13.9111
 10.000000 -0.556008 1.52905 -13.8605
 11.000000 -0.570487 1.2478 -11.365
 12.000000 -0.536934 1.52299 -14.1954
 13.000000 -0.551862 1.46225 -14.6421
 14.000000 -0.519969 1.51418 -14.422
 15.000000 -0.606529 1.4263 -14.5201
 16.000000 -0.37303 1.6596 -12.7796
 17.000000 -0.447636 1.52843 -14.1964
 18.000000 -0.563513 1.47994 -14.4668
 19.000000 -0.586543 1.34804 -14.1035
 20.000000 -0.581906 1.4066 -14.6218
 21.000000 -0.795928 1.40643 -10.5047
 22.000000 -0.624773 1.40464 -14.4756
 23.000000 -0.548013 1.40194 -14.4099
 24.000000 -0.746215 1.36813 -12.8113
 25.000000 -0.471569 1.43944 -13.804
 26.000000 -0.551839 1.37296 -14.0718
 27.000000 -0.553255 1.41943 -14.5917
 28.000000 -0.668435 1.36744 -14.21
 29.000000 -0.443144 1.53596 -14.1573
 30.000000 -0.713971 1.32806 -13.8081
 31.000000 -0.58245 1.44202 -14.6032
 32.000000 -0.614417 1.43023 -14.4235
 33.000000 -0.585806 1.43997 -14.5937
 34.000000 -0.649118 1.35413 -14.3564
 35.000000 -0.898609 1.2181 -10.8707
 36.000000 -0.581875 1.38387 -14.4865
 37.000000 -0.740834 1.38997 -12.5696
 38.000000 -0.575358 1.50197 -14.05
 39.000000 -0.747509 1.30182 -13.4289
 40.000000 -0.657132 1.39006 -14.2259
 41.000000 -0.92723 1.1015 -10.6197
 42.000000 -0.481103 1.51891 -14.4179
 43.000000 -0.540196 1.37254 -13.8936
 44.000000 -0.513702 1.54694 -14.06
 45.000000 -0.551928 1.44374 -14.6674
 46.000000 -0.510144 1.48789 -14.5766
 47.000000 -0.579891 1.46948 -14.4228
 48.000000 -0.648328 1.29475 -13.8246
 49.000000 -0.610209 1.29077 -13.3502
 50.000000 -0.606134 1.32298 -13.9135
 51.000000 -0.551322 1.49147 -14.4501
 52.000000 -0.465458 1.51409 -14.338
 53.000000 -0.559478 1.34933 -13.7723
 54.000000 -0.734055 1.36755 -13.107
 55.000000 -0.574631 1.39791 -14.5579
 56.000000 -0.354718 1.57131 -12.9222
 57.000000 -0.631551 1.27685 -13.3456
 58.000000 -0.501225 1.59797 -13.2083
 59.000000 -0.498755 1.48113 -14.5262
 60.000000 -0.663539 1.30518 -14.0161
 61.000000 -0.547041 1.38346 -14.1677
 62.000000 -0.569612 1.49311 -14.2558
 63.000000 -0.639088 1.39814 -14.3776
 64.000000 -0.633738 1.3265 -14.163
 65.000000 -0.788231 1.3028 -12.6709
 66.000000 -0.664301 1.32602 -14.1854
 67.000000 -0.50587 1.48393 -14.5657
 68.000000 -0.541427 1.36456 -13.7674
 69.000000 -0.609254 1.38651 -14.5554
 70.000000 -0.536198 1.54659 -13.8118
 71.000000 -0.605986 1.38533 -14.5541
 72.000000 -0.461471 1.55556 -14.1663
 73.000000 -0.593287 1.43954 -14.5467
 74.000000 -0.441874 1.60653 -13.5802
 75.000000 -0.476283 1.55337 -14.1808
 76.000000 -0.534844 1.4317 -14.5548
 77.000000 -0.557484 1.39244 -14.3955
 78.000000 -0.646525 1.42119 -14.0986
 79.000000 -0.365667 1.54516 -12.937
 80.000000 -0.408619 1.55422 -13.7901
 81.000000 -0.623872 1.36225 -14.4429
 82.000000 -0.846609 1.09137 -11.0912
 83.000000 -0.439238 1.55359 -14.0932
 84.000000 -0.495606 1.49352 -14.5203
 85.000000 -0.600597 1.44168 -14.4713
 86.000000 -0.488474 1.40303 -13.501
 87.000000 -0.405293 1.61194 -13.5047
 88.000000 -0.672598 1.32147 -14.1362
 89.000000 -0.549786 1.3928 -14.3241
 90.000000 -0.700007 1.3132 -13.956
 91.000000 -0.619784 1.52047 -12.7741
 92.000000 -0.602875 1.40597 -14.5968
 93.000000 -0.637793 1.18697 -11.0777
 94.000000 -0.549531 1.45507 -14.6627
 95.000000 -0.622628 1.36666 -14.4661
 96.000000 -0.792419 0.97498 -7.81509
 97.000000 -0.435825 1.53084 -14.0787
 98.000000 -0.578412 1.4671 -14.4597
 99.000000 -0.739431 1.32742 -13.4249
 100.000000 -0.73546 1.25022 -13.4017
 101.000000 -0.780119 1.12554 -11.5218
 102.000000 -0.644486 1.37031 -14.4027
 103.000000 -0.699901 1.3843 -13.6045
 104.000000 -0.443339 1.51883 -14.1316
 105.000000 -0.690401 1.25191 -13.4009
 106.000000 -0.451555 1.5243 -14.229
 107.000000 -0.734694 1.32963 -13.4911
 108.000000 -0.306209 1.64008 -12.1492
 109.000000 -0.651821 1.32626 -14.2
 110.000000 -0.589749 1.47998 -14.181
 111.000000 -0.365076 1.48256 -11.8748
 112.000000 -0.657484 1.43827 -13.6707
 113.000000 -0.569446 1.36444 -14.1605
 114.000000 -0.57141 1.45102 -14.6185
 115.000000 -0.547051 1.3903 -14.2622
 116.000000 -0.686451 1.32589 -14.0821
 117.000000 -0.576906 1.40991 -14.6267
 118.000000 -0.505557 1.48634 -14.5641
 119.000000 -0.749146 1.28929 -13.4345
 120.000000 -0.707235 1.23781 -13.2515
 121.000000 -0.580614 1.46388 -14.4693
 122.000000 -0.497799 1.47065 -14.4849
 123.000000 -0.465966 1.3963 -12.8159
 124.000000 -0.439172 1.58078 -13.912
 125.000000 -0.389026 1.57253 -13.5461
 126.000000 -0.735575 1.25724 -13.4577
 127.000000 -0.6061 1.408 -14.5827
 128.000000 -0.491636 1.30047 -10.7936
 129.000000 -0.633877 1.33579 -14.2586
 130.000000 -0.563047 1.50422 -14.1785
 131.000000 -0.680452 1.44148 -13.1027
 132.000000 -0.859317 1.19912 -11.8396
 133.000000 -0.618905 1.54 -12.2607
 134.000000 -0.641388 1.50076 -12.7325
 135.000000 -0.540046 1.48435 -14.5706
 136.000000 -0.673628 1.33656 -14.1883
 137.000000 -0.44208 1.4884 -13.9012
 138.000000 -0.813107 1.29608 -12.166
 139.000000 -0.441063 1.54936 -14.1192
 140.000000 -0.620913 1.36781 -14.4726
 141.000000 -0.549871 1.30227 -12.4724
 142.000000 -0.652502 1.30081 -13.9319
 143.000000 -0.672034 1.46679 -12.7636
 144.000000 -0.519999 1.53945 -14.1164
 145.000000 -0.633255 1.32584 -14.1535
 146.000000 -0.736403 1.15449 -11.8022
 147.000000 -0.572155 1.4853 -14.3269
 148.000000 -0.574624 1.38196 -14.424
 149.000000 -0.484419 1.40423 -13.4371
 150.000000 -0.60648 1.34445 -14.2258
 151.000000 -0.418844 1.53993 -13.8919
 152.000000 -0.421846 1.55846 -13.9412
 153.000000 -0.425294 1.55173 -13.9822
 154.000000 -0.688487 1.39541 -13.6854
 155.000000 -0.618004 1.34982 -14.342
 156.000000 -0.238116 1.69198 -10.5729
 157.000000 -0.600345 1.48395 -13.9615
 158.000000 -0.703504 1.37646 -13.6274
 159.000000 -0.713879 1.29685 -13.8061
 160.000000 -0.755283 1.23587 -13.1892
 161.000000 -0.56444 1.42946 -14.6628
 162.000000 -0.477325 1.5832 -13.7708
 163.000000 -0.606451 1.35224 -14.3151
 164.000000 -0.61849 1.35879 -14.4167
 165.000000 -0.614807 1.45397 -14.1776
 166.000000 -0.600405 1.4191 -14.5889
 167.000000 -0.809282 1.09777 -11.1108
 168.000000 -0.562598 1.42302 -14.6437
 169.000000 -0.863316 1.12704 -11.4965
 170.000000 -0.276603 1.73528 -10.9431
 171.000000 -0.68977 1.23377 -13.0805
 172.000000 -0.65962 1.32346 -14.176
 173.000000 -0.417281 1.57004 -13.8715
 174.000000 -0.354263 1.55631 -12.7821
 175.000000 -0.809977 1.14322 -11.9305
 176.000000 -0.552862 1.38338 -14.2374
 177.000000 -0.451813 1.55181 -14.1671
 178.000000 -0.548482 1.49815 -14.403
 179.000000 -0.427946 1.48303 -13.5652
 180.000000 -0.600726 1.4443 -14.4493
 181.000000 -0.56462 1.41188 -14.6011
 182.000000 -0.455913 1.49799 -14.1874
 183.000000 -0.755198 1.25438 -13.3081
 184.000000 -0.574789 1.49844 -14.1138
 185.000000 -0.877057 1.16767 -11.5489
 186.000000 -0.586109 1.64378 -9.70761
 187.000000 -0.715411 1.29924 -13.801
 188.000000 -0.559267 1.39504 -14.438
 189.000000 -0.682028 1.30815 -14.0275
 190.000000 -0.538726 1.41955 -14.4942
 191.000000 -0.355094 1.56885 -12.9125
 192.000000 -0.501023 1.46304 -14.4741
 193.000000 -0.713876 1.28844 -13.7714
 194.000000 -0.637211 1.31579 -14.0511
 195.000000 -0.803524 1.31088 -12.2169
 196.000000 -0.643461 1.38933 -14.3749
 197.000000 -0.450178 1.57299 -14.0004
 198.000000 -0.829435 1.35165 -10.7307
 199.000000 -0.528331 1.52538 -14.2412
 200.000000 -0.541803 1.49245 -14.5032
 201.000000 -0.616775 1.43035 -14.3978
 202.000000 -0.592348 1.45658 -14.4244
 203.000000 -0.597284 1.41987 -14.6025
 204.000000 -0.359274 1.61258 -13.0948
 205.000000 -0.692157 1.39336 -13.6411
 206.000000 -0.577263 1.50674 -13.9413
 207.000000 -0.433376 1.42588 -12.6316
 208.000000 -0.401681 1.50921 -13.3417
 209.000000 -0.657545 1.33644 -14.2595
 210.000000 -0.546379 1.50061 -14.3931
 211.000000 -0.52269 1.47338 -14.6214
 212.000000 -0.375021 1.60068 -13.3347
 213.000000 -0.57894 1.34797 -14.0175
 214.000000 -0.640734 1.39412 -14.3806
 215.000000 -0.380063 1.6519 -12.9148
 216.000000 -0.858144 1.1475 -11.7121
 217.000000 -0.664609 1.34502 -14.259
 218.000000 -0.445976 1.62618 -13.1987
 219.000000 -0.503482 1.56036 -13.9384
 220.000000 -0.432543 1.45728 -13.2599
 221.000000 -0.571147 1.43891 -14.657
 222.000000 -0.586876 1.46782 -14.3678
 223.000000 -0.587042 1.33501 -13.8991
 224.000000 -0.341498 1.58044 -12.693
 225.000000 -0.358611 1.70539 -11.9013
 226.000000 -0.618797 1.46497 -13.9594
 227.000000 -0.331165 1.53466 -11.8411
 228.000000 -0.548613 1.4295 -14.6215
 229.000000 -0.697711 1.42353 -13.0341
 230.000000 -0.606116 1.43441 -14.4735
 231.000000 -0.640966 1.35755 -14.3957
 232.000000 -0.459356 1.54454 -14.2342
 233.000000 -0.481924 1.56305 -14.0478
 234.000000 -0.5977 1.36511 -14.3994
 235.000000 -0.518179 1.57 -13.5912
 236.000000 -0.485298 1.43084 -13.926
 237.000000 -0.535026 1.46071 -14.6497
 238.000000 -0.534739 1.54793 -13.8061
 239.000000 -0.773311 1.28027 -13.1031
 240.000000 -0.668475 1.2083 -12.2621
 241.000000 -0.472796 1.5166 -14.3861
 242.000000 -0.533918 1.39638 -14.1807
 243.000000 -0.713279 1.19411 -12.4734
 244.000000 -0.504326 1.47845 -14.5538
 245.000000 -0.561318 1.44553 -14.6651
 246.000000 -0.39931 1.61838 -13.412
 247.000000 -0.4522 1.37758 -11.9361
 248.000000 -0.591251 1.40412 -14.6175
 249.000000 -0.511908 1.51412 -14.4524
 250.000000 -0.704697 1.16662 -11.7149
 251.000000 -0.806812 1.11206 -11.3872
 252.000000 -0.454218 1.45684 -13.7292
 253.000000 -0.707659 1.34071 -13.8431
 254.000000 -0.586388 1.48638 -14.1353
 255.000000 -0.498958 1.45711 -14.4157
 256.000000 -0.521681 1.46476 -14.6143
 257.000000 -0.542508 1.39999 -14.332
 258.000000 -0.694939 1.50498 -11.0373
 259.000000 -0.424798 1.57728 -13.889
 260.000000 -0.540217 1.37153 -13.8759
 261.000000 -0.942379 1.19653 -9.94182
 262.000000 -0.617584 1.41534 -14.487
 263.000000 -0.373504 1.62259 -13.2067
 264.000000 -0.515765 1.482 -14.598
 265.000000 -0.57119 1.29627 -12.7868
 266.000000 -0.66867 1.46086 -12.9845
 267.000000 -0.601863 1.45949 -14.2851
 268.000000 -0.441769 1.71005 -10.9128
 269.000000 -0.815704 1.27111 -12.356
 270.000000 -0.581937 1.38845 -14.5229
 271.000000 -0.616824 1.43159 -14.3872
 272.000000 -0.717624 1.30866 -13.7936
 273.000000 -0.58417 1.38044 -14.4691
 274.000000 -0.598468 1.4646 -14.2672
 275.000000 -0.690607 1.42324 -13.2102
 276.000000 -0.559043 1.41245 -14.579
 277.000000 -0.534692 1.39369 -14.1528
 278.000000 -0.602193 1.50271 -13.5805
 279.000000 -0.44631 1.49971 -14.0679
 280.000000 -0.61983 1.34071 -14.2586
 281.000000 -0.783361 1.32461 -12.5337
 282.000000 -0.874663 1.01787 -9.78815
 283.000000 -0.758172 1.31263 -13.1942
 284.000000 -0.768198 1.32231 -12.9078
 285.000000 -0.480622 1.70776 -10.1823
 286.000000 -0.636272 1.43531 -14.0905
 287.000000 -0.621847 1.23769 -12.2369
 288.000000 -0.489901 1.42431 -13.9077
 289.000000 -0.494708 1.53435 -14.3254
 290.000000 -0.675876 1.26617 -13.5508
 291.000000 -0.634821 1.30758 -13.9238
 292.000000 -0.565377 1.67527 -9.12834
 293.000000 -0.822662 1.24882 -12.3583
 294.000000 -0.679168 1.34423 -14.1536
 295.000000 -0.586899 1.50158 -13.8787
 296.000000 -0.705309 1.32945 -13.9095
 297.000000 -0.539436 1.39132 -14.1822
 298.000000 -0.279771 1.65353 -11.5783
 299.000000 -0.534711 1.46469 -14.6475
 300.000000 -0.8024 1.24401 -12.7256
 301.000000 -0.4188 1.56824 -13.8904
 302.000000 -0.660743 1.29874 -13.9375
 303.000000 -0.470443 1.65426 -12.1939
 304.000000 -0.730459 1.2292 -13.1768
 305.000000 -0.47033 1.54432 -14.2614
 306.000000 -0.40055 1.62378 -13.353
 307.000000 -0.646165 1.39363 -14.329
 308.000000 -0.660414 1.49398 -12.3989
 309.000000 -0.538636 1.36867 -13.7976
 310.000000 -0.425792 1.52109 -13.9048
 311.000000 -0.651352 1.34759 -14.327
 312.000000 -0.638375 1.29278 -13.718
 313.000000 -0.744508 1.37654 -12.7157
 314.000000 -0.610821 1.45963 -14.1617
 315.000000 -0.661477 1.29942 -13.9479
 316.000000 -0.49335 1.69387 -10.3963
 317.000000 -0.553095 1.51153 -14.1888
 318.000000 -0.763982 1.24373 -13.1821
 319.000000 -0.517552 1.40984 -14.1416
 320.000000 -0.652925 1.38252 -14.3114
 321.000000 -0.555447 1.49642 -14.3624
 322.000000 -0.849277 1.05616 -10.4494
 323.000000 -0.491778 1.43275 -14.0634
 324.000000 -0.659166 1.36928 -14.2945
 325.000000 -0.303474 1.69915 -11.7467
 326.000000 -0.517179 1.52724 -14.3001
 327.000000 -0.561224 1.39709 -14.473
 328.000000 -0.473498 1.66039 -11.9574
 329.000000 -0.586272 1.39831 -14.5948
 330.000000 -0.436611 1.53688 -14.0957
 331.000000 -0.629163 1.37367 -14.4775
 332.000000 -0.526159 1.55667 -13.7526
 333.000000 -0.326203 1.46152 -9.97209
 334.000000 -0.604111 1.37665 -14.5106
 335.000000 -0.841608 1.15977 -11.9594
 336.000000 -0.783517 1.27556 -12.9518
 337.000000 -0.583104 1.55909 -12.6288
 338.000000 -0.626357 1.31393 -13.9551
 339.000000 -0.656425 1.53046 -11.4641
 340.000000 -0.695152 1.3662 -13.8682
 341.000000 -0.667697 1.3766 -14.1778
 342.000000 -0.491124 1.53522 -14.3256
 343.000000 -0.795709 1.38778 -10.984
 344.000000 -0.531682 1.45869 -14.6409
 345.000000 -0.528436 1.42756 -14.4717
 346.000000 -0.705456 1.2078 -12.6933
 347.000000 -0.775284 1.32157 -12.7596
 348.000000 -0.482 1.49991 -14.4459
 349.000000 -0.583861 1.41675 -14.6439
 350.000000 -0.443967 1.56654 -14.045
 351.000000 -0.651455 1.29636 -13.8665
 352.000000 -0.632826 1.38583 -14.4657
 353.000000 -0.474713 1.57813 -13.8697
 354.000000 -0.536099 1.47987 -14.606
 355.000000 -0.518822 1.56475 -13.6896
 356.000000 -0.560475 1.51943 -13.9688
 357.000000 -0.448546 1.50694 -14.1435
 358.000000 -0.432973 1.51325 -13.9641
 359.000000 -0.655695 1.18723 -11.4588
 360.000000 -0.463612 1.48493 -14.2004
 361.000000 -0.393085 1.60245 -13.5129
 362.000000 -0.445806 1.46528 -13.6839
 363.000000 -0.666954 1.30909 -14.0563
 364.000000 -0.520287 1.41759 -14.2799
 365.000000 -0.598393 1.45567 -14.3686
 366.000000 -0.827697 1.2731 -12.0677
 367.000000 -0.495914 1.47243 -14.4772
 368.000000 -0.603148 1.44638 -14.4065
 369.000000 -0.462809 1.49851 -14.2724
 370.000000 -0.67874 1.25852 -13.4442
 371.000000 -0.715515 1.43348 -12.3512
 372.000000 -0.699534 1.3144 -13.9623
 373.000000 -0.495553 1.45927 -14.3953
 374.000000 -0.622585 1.43265 -14.3106
 375.000000 -0.512352 1.48313 -14.5883
 376.000000 -0.621008 1.3903 -14.5267
 377.000000 -0.430789 1.47468 -13.5064
 378.000000 -0.53273 1.32526 -12.6884
 379.000000 -0.74268 1.23578 -13.2405
 380.000000 -0.666304 1.42389 -13.7208
 381.000000 -0.583261 1.40911 -14.6306
 382.000000 -0.563411 1.63671 -10.6432
 383.000000 -0.493154 1.46944 -14.4373
 384.000000 -0.503726 1.49052 -14.5547
 385.000000 -0.532277 1.32972 -12.7948
 386.000000 -0.3547 1.58801 -13.0098
 387.000000 -0.51985 1.59046 -13.0966
 388.000000 -0.583556 1.52507 -13.4692
 389.000000 -0.672571 1.49846 -11.9271
 390.000000 -0.401844 1.55329 -13.6927
 391.000000 -0.467839 1.53884 -14.291
 392.000000 -0.457646 1.51572 -14.2738
 393.000000 -0.618734 1.46333 -13.9856
 394.000000 -0.560058 1.45467 -14.6465
 395.000000 -0.647431 1.44725 -13.7219
 396.000000 -0.551761 1.40555 -14.4779
 397.000000 -0.657008 1.23262 -12.6967
 398.000000 -0.694622 1.28347 -13.8064
 399.000000 -0.430142 1.50655 -13.8686
 400.000000 -0.544312 1.42127 -14.5499
 401.000000 -0.561205 1.4209 -14.6319
 402.000000 -0.645312 1.42572 -14.0654
 403.000000 -0.608117 1.34416 -14.2331
 404.000000 -0.523929 1.50107 -14.5141
 405.000000 -0.580915 1.39817 -14.582
 406.000000 -0.531299 1.41437 -14.3729
 407.000000 -0.589067 1.42614 -14.6245
 408.000000 -0.571046 1.44799 -14.6325
 409.000000 -0.516205 1.4409 -14.4658
 410.000000 -0.47757 1.52284 -14.3925
 411.000000 -0.614701 1.44602 -14.2734
 412.000000 -0.422146 1.62109 -13.4021
 413.000000 -0.374689 1.60441 -13.3188
 414.000000 -0.649219 1.33771 -14.2829
 415.000000 -0.738079 1.30507 -13.5534
 416.000000 -0.472532 1.46833 -14.183
 417.000000 -0.484663 1.42423 -13.8099
 418.000000 -0.726017 1.32958 -13.6317
 419.000000 -0.573879 1.42293 -14.6569
 420.000000 -0.701381 1.37318 -13.7013
 421.000000 -0.549434 1.44855 -14.667
 422.000000 -0.803144 1.31463 -12.1755
 423.000000 -0.749912 1.32746 -13.2318
 424.000000 -0.568789 1.39822 -14.5314
 425.000000 -0.384154 1.57126 -13.4713
 426.000000 -0.351284 1.55623 -12.7087
 427.000000 -0.559567 1.39136 -14.4024
 428.000000 -0.535582 1.43499 -14.5796
 429.000000 -0.599261 1.40472 -14.6069
 430.000000 -0.496705 1.52058 -14.4312
 431.000000 -0.681427 1.33816 -14.135
 432.000000 -0.496691 1.48281 -14.5166
 433.000000 -0.509293 1.44037 -14.3899
 434.000000 -0.908819 1.03913 -10.1848
 435.000000 -0.450213 1.5172 -14.2035
 436.000000 -0.675794 1.29536 -13.9282
 437.000000 -0.467733 1.51681 -14.3547
 438.000000 -0.433095 1.53364 -14.0534
 439.000000 -0.467376 1.58129 -13.861
 440.000000 -0.631724 1.39335 -14.4589
 441.000000 -0.525104 1.35699 -13.2989
 442.000000 -0.690481 1.28539 -13.8286
 443.000000 -0.496048 1.50746 -14.4963
 444.000000 -0.587974 1.44033 -14.5788
 445.000000 -0.404456 1.58812 -13.688
 446.000000 -0.790603 1.21193 -12.7731
 447.000000 -0.579483 1.38791 -14.5073
 448.000000 -0.475697 1.40006 -13.1478
 449.000000 -0.622129 1.43486 -14.2949
 450.000000 -0.441592 1.68179 -11.8284
 451.000000 -0.263361 1.6932 -11.1548
 452.000000 -0.500829 1.4691 -14.5027
 453.000000 -0.620668 1.4242 -14.4038
 454.000000 -0.43313 1.72363 -10.5973
 455.000000 -0.499971 1.39907 -13.6611
 456.000000 -0.510321 1.60982 -12.7594
 457.000000 -0.70732 1.33874 -13.8564
 458.000000 -0.716536 1.35072 -13.6425
 459.000000 -0.506281 1.50183 -14.5313
 460.000000 -0.430092 1.54481 -14.0326
 461.000000 -0.574489 1.43324 -14.6575
 462.000000 -0.630934 1.36604 -14.4514
 463.000000 -0.707673 1.33206 -13.8753
 464.000000 -0.381471 1.586 -13.4437
 465.000000 -0.513207 1.52032 -14.3942
 466.000000 -0.708656 1.43752 -12.4509
 467.000000 -0.53164 1.30993 -12.238
 468.000000 -0.450901 1.55062 -14.1696
 469.000000 -0.570175 1.49645 -14.2031
 470.000000 -0.246866 1.70144 -10.7646
 471.000000 -0.682295 1.36185 -14.0749
 472.000000 -0.667555 1.26652 -13.5045
 473.000000 -0.450315 1.66895 -12.0798
 474.000000 -0.505027 1.45554 -14.4651
 475.000000 -0.683248 1.40741 -13.6268
 476.000000 -0.546701 1.50573 -14.3311
 477.000000 -0.488043 1.52451 -14.4062
 478.000000 -0.723445 1.2563 -13.4957
 479.000000 -0.430089 1.73322 -10.3109
 480.000000 -0.558473 1.4264 -14.6444
 481.000000 -0.816195 1.12324 -11.6124
 482.000000 -0.592118 1.44966 -14.4865
 483.000000 -0.411208 1.53417 -13.7532
 484.000000 -0.72581 1.28802 -13.6838
 485.000000 -0.500361 1.50105 -14.5253
 486.000000 -0.447793 1.46071 -13.657
 487.000000 -0.531103 1.54344 -13.9348
 488.000000 -0.50002 1.48393 -14.538
 489.000000 -0.633749 1.3662 -14.4445
 490.000000 -0.513652 1.39314 -13.8103
 491.000000 -0.529473 1.51399 -14.3703
 492.000000 -0.985683 1.05358 -9.58138
 493.000000 -0.602927 1.43944 -14.4665
 494.000000 -0.354764 1.59669 -13.0329
 495.000000 -0.340505 1.61384 -12.7976
 496.000000 -0.434106 1.54599 -14.0705
 497.000000 -0.686158 1.20368 -12.3944
 498.000000 -0.679557 1.33716 -14.1488
 499.000000 -0.524992 1.43642 -14.511
 500.000000 -0.660941 1.3559 -14.294
 501.000000 -0.564713 1.4335 -14.6674
 502.000000 -0.639021 1.29949 -13.8321
 503.000000 -0.590741 1.3983 -14.6
 504.000000 -0.465093 1.60588 -13.453
 505.000000 -0.590296 1.59691 -11.2687
 506.000000 -0.546917 1.48061 -14.5664
 507.000000 -0.725975 1.31459 -13.6906
 508.000000 -0.585461 1.46138 -14.4474
 509.000000 -0.660533 1.3802 -14.2418
 510.000000 -0.58758 1.45162 -14.5104
 511.000000 -0.587535 1.44911 -14.5289
 512.000000 -0.557904 1.46625 -14.604
 513.000000 -0.428975 1.4884 -13.6567
 514.000000 -0.72786 1.36524 -13.2739
 515.000000 -0.399761 1.55067 -13.6514
 516.000000 -0.413325 1.55005 -13.8442
 517.000000 -0.774228 1.16544 -12.2644
 518.000000 -0.538137 1.30643 -12.3029
 519.000000 -0.428881 1.43216 -12.6507
 520.000000 -0.756862 1.37153 -12.4821
 521.000000 -0.45131 1.52459 -14.2271
 522.000000 -0.382061 1.56743 -13.4268
 523.000000 -0.535056 1.51888 -14.2688
 524.000000 -0.65673 1.42017 -13.9462
 525.000000 -0.555636 1.42353 -14.6237
 526.000000 -0.598234 1.40997 -14.6111
 527.000000 -0.44592 1.60881 -13.526
 528.000000 -0.746102 1.29086 -13.4721
 529.000000 -0.658623 1.3135 -14.0922
 530.000000 -0.623313 1.31291 -13.9148
 531.000000 -0.680431 1.40415 -13.7258
 532.000000 -0.458441 1.46492 -13.9196
 533.000000 -0.553385 1.42126 -14.6026
 534.000000 -0.621833 1.35499 -14.3944
 535.000000 -0.577555 1.38603 -14.4811
 536.000000 -0.634352 1.36806 -14.4475
 537.000000 -0.54988 1.41867 -14.568
 538.000000 -0.72014 1.43701 -12.1348
 539.000000 -0.382246 1.49484 -12.6353
 540.000000 -0.561546 1.3731 -14.1951
 541.000000 -0.661533 1.34319 -14.2708
 542.000000 -0.49779 1.40272 -13.6864
 543.000000 -0.527108 1.45931 -14.6266
 544.000000 -0.66678 1.36114 -14.2432
 545.000000 -0.531029 1.54368 -13.9314
 546.000000 -0.443461 1.51392 -14.1132
 547.000000 -0.264531 1.64702 -11.1697
 548.000000 -0.561384 1.41898 -14.6243
 549.000000 -0.776522 1.39881 -11.3333
 550.000000 -0.603948 1.40603 -14.593
 551.000000 -0.708453 1.41806 -12.8715
 552.000000 -0.38569 1.60887 -13.4095
 553.000000 -0.476022 1.51789 -14.4005
 554.000000 -0.583412 1.46593 -14.4236
 555.000000 -0.521331 1.47631 -14.6162
 556.000000 -0.716373 1.22478 -13.0784
 557.000000 -0.546297 1.43873 -14.6465
 558.000000 -0.537429 1.44209 -14.6228
 559.000000 -0.334319 1.59686 -12.6325
 560.000000 -0.539297 1.57926 -13.0295
 561.000000 -0.642095 1.35685 -14.3899
 562.000000 -0.449374 1.5115 -14.1749
 563.000000 -0.453784 1.46879 -13.8844
 564.000000 -0.527874 1.4358 -14.53
 565.000000 -0.56812 1.35689 -14.0283
 566.000000 -0.823979 1.21666 -12.4067
 567.000000 -0.514271 1.50934 -14.4821
 568.000000 -0.512297 1.53101 -14.2858
 569.000000 -0.569771 1.44114 -14.6562
 570.000000 -0.541467 1.41592 -14.4861
 571.000000 -0.570246 1.50856 -14.0148
 572.000000 -0.611519 1.34789 -14.2953
 573.000000 -0.437092 1.41376 -12.4464
 574.000000 -0.521181 1.47738 -14.6147
 575.000000 -0.588093 1.33898 -13.9786
 576.000000 -0.438177 1.59649 -13.7331
 577.000000 -0.549161 1.41148 -14.5094
 578.000000 -0.380774 1.52026 -12.9982
 579.000000 -0.484984 1.50451 -14.4635
 580.000000 -0.481019 1.40538 -13.3851
 581.000000 -0.662534 1.34638 -14.2734
 582.000000 -0.605609 1.42161 -14.5491
 583.000000 -0.644801 1.54215 -11.4525
 584.000000 -0.75818 1.30816 -13.2242
 585.000000 -0.465787 1.57281 -13.9836
 586.000000 -0.610343 1.5346 -12.635
 587.000000 -0.563915 1.32537 -13.3502
 588.000000 -0.547643 1.56971 -13.1122
 589.000000 -0.647068 1.49016 -12.8501
 590.000000 -0.458221 1.6144 -13.3411
 591.000000 -0.724222 1.23589 -13.2619
 592.000000 -0.58502 1.29666 -13.0686
 593.000000 -0.464629 1.57156 -14.0022
 594.000000 -0.4966 1.45677 -14.3877
 595.000000 -0.539201 1.52457 -14.1493
 596.000000 -0.345428 1.66491 -12.5615
 597.000000 -0.447076 1.61041 -13.4925
 598.000000 -0.603417 1.43554 -14.4901
 599.000000 -0.492173 1.35153 -12.3628
 600.000000 -0.618172 1.45572 -14.1047
 601.000000 -0.57644 1.43365 -14.6525
 602.000000 -0.571183 1.46622 -14.5263
 603.000000 -0.529694 1.58156 -13.1475
 604.000000 -0.502388 1.44692 -14.3707
 605.000000 -0.403307 1.52374 -13.5341
 606.000000 -0.414499 1.63876 -13.1227
 607.000000 -0.455027 1.57321 -13.9979
 608.000000 -0.527931 1.50183 -14.4939
 609.000000 -0.570184 1.35314 -13.9934
 610.000000 -0.63903 1.3197 -14.1071
 611.000000 -0.484466 1.4229 -13.7841
 612.000000 -0.343598 1.73405 -11.2442
 613.000000 -0.410529 1.55992 -13.8193
 614.000000 -0.583172 1.33465 -13.8432
 615.000000 -0.49917 1.49173 -14.5366
 616.000000 -0.922051 1.04765 -10.2361
 617.000000 -0.787029 1.30167 -12.708
 618.000000 -0.531049 1.4183 -14.4113
 619.000000 -0.706958 1.3403 -13.8545
 620.000000 -0.428005 1.5476 -14.0112
 621.000000 -0.522718 1.43735 -14.4983
 622.000000 -0.588477 1.51543 -13.5815
 623.000000 -0.513564 1.48279 -14.5918
 624.000000 -0.812972 1.22388 -12.5708
 625.000000 -0.442682 1.58641 -13.8546
 626.000000 -0.456923 1.47335 -13.9928
 627.000000 -0.507096 1.51986 -14.4195
 628.000000 -0.414636 1.54488 -13.8496
 629.000000 -0.526011 1.42606 -14.4351
 630.000000 -0.67227 1.37203 -14.1469
 631.000000 -0.589282 1.2739 -12.5712
 632.000000 -0.266125 1.63229 -11.1214
 633.000000 -0.701501 1.32764 -13.9533
 634.000000 -0.576906 1.47008 -14.4452
 635.000000 -0.524886 1.5607 -13.6901
 636.000000 -0.662494 1.30999 -14.0625
 637.000000 -0.454247 1.51255 -14.2329
 638.000000 -0.531036 1.49372 -14.5418
 639.000000 -0.575333 1.34854 -13.9826
 640.000000 -0.382726 1.64504 -13.0215
 641.000000 -0.472508 1.50623 -14.385
 642.000000 -0.664324 1.34393 -14.2584
 643.000000 -0.73814 1.32874 -13.438
 644.000000 -0.60045 1.44948 -14.4067
 645.000000 -0.634696 1.39036 -14.4445
 646.000000 -0.638639 1.44761 -13.8811
 647.000000 -0.634297 1.3473 -14.3518
 648.000000 -0.611484 1.46034 -14.1426
 649.000000 -0.735285 1.42789 -11.9055
 650.000000 -0.582948 1.39661 -14.5791
 651.000000 -0.634904 1.39456 -14.4304
 652.000000 -0.462756 1.52331 -14.3169
 653.000000 -0.46978 1.38221 -12.568
 654.000000 -0.592735 1.47212 -14.2468
 655.000000 -0.437063 1.43419 -12.9177
 656.000000 -0.423933 1.56717 -13.9352
 657.000000 -0.333261 1.66718 -12.4266
 658.000000 -0.709664 1.32212 -13.872
 659.000000 -0.460258 1.46632 -13.9685
 660.000000 -0.742892 1.21934 -13.0482
 661.000000 -0.556923 1.43693 -14.666
 662.000000 -0.607931 1.3628 -14.4215
 663.000000 -0.579291 1.30229 -13.098
 664.000000 -0.61926 1.33418 -14.181
 665.000000 -0.55686 1.46416 -14.6189
 666.000000 -0.648887 1.41606 -14.1184
 667.000000 -0.771731 1.28722 -13.1022
 668.000000 -0.430844 1.51735 -13.9581
 669.000000 -0.633538 1.50089 -12.9271
 670.000000 -0.49061 1.51212 -14.4681
 671.000000 -0.466285 1.63649 -12.7455
 672.000000 -0.600002 1.40011 -14.6
 673.000000 -0.746713 1.39066 -12.3972
 674.000000 -0.551688 1.43833 -14.6598
 675.000000 -0.444664 1.4713 -13.7453
 676.000000 -0.726473 1.54286 -8.69311
 677.000000 -0.764638 1.3751 -12.2041
 678.000000 -0.69751 1.29444 -13.8861
 679.000000 -0.753312 1.26034 -13.3497
 680.000000 -0.830365 1.26117 -12.1155
 681.000000 -0.467487 1.49594 -14.3115
 682.000000 -0.408562 1.50172 -13.398
 683.000000 -0.54716 1.43601 -14.641
 684.000000 -0.704121 1.40314 -13.2457
 685.000000 -0.605432 1.32286 -13.9041
 686.000000 -0.580042 1.58015 -12.0881
 687.000000 -0.514784 1.47849 -14.5982
 688.000000 -0.68258 1.38996 -13.8552
 689.000000 -0.621539 1.33974 -14.2559
 690.000000 -0.60665 1.40604 -14.5824
 691.000000 -0.618531 1.32835 -14.1018
 692.000000 -0.392661 1.61352 -13.4261
 693.000000 -0.647842 1.29547 -13.8322
 694.000000 -0.584325 1.44926 -14.552
 695.000000 -0.441053 1.55296 -14.1071
 696.000000 -0.499412 1.46081 -14.4456
 697.000000 -0.535561 1.35627 -13.4942
 698.000000 -0.52639 1.46475 -14.6307
 699.000000 -0.791035 1.19097 -12.5916
 700.000000 -0.605091 1.37585 -14.5074
 701.000000 -0.502944 1.45004 -14.4035
 702.000000 -0.353785 1.62655 -12.9693
 703.000000 -0.642314 1.36347 -14.4068
 704.000000 -0.479551 1.50458 -14.4327
 705.000000 -0.750906 1.32094 -13.2666
 706.000000 -0.437962 1.58817 -13.8337
 707.000000 -0.614212 1.39375 -14.5553
 708.000000 -0.548348 1.45293 -14.6652
 709.000000 -0.438763 1.66108 -12.4497
 710.000000 -0.577395 1.22427 -10.7886
 711.000000 -0.755886 1.35722 -12.743
 712.000000 -0.584595 1.40057 -14.602
 713.000000 -0.771499 1.14123 -11.7968
 714.000000 -0.520734 1.36926 -13.478
 715.000000 -0.473986 1.52739 -14.3633
 716.000000 -0.562665 1.5015 -14.2219
 717.000000 -0.762101 1.26273 -13.2679
 718.000000 -0.552232 1.50656 -14.2672
 719.000000 -0.74692 1.13594 -11.4687
 720.000000 -0.412885 1.61132 -13.5339
 721.000000 -0.550736 1.57088 -13.022
 722.000000 -0.642784 1.42983 -14.0558
 723.000000 -0.518428 1.47942 -14.6068
 724.000000 -0.486067 1.45172 -14.2081
 725.000000 -0.540331 1.40346 -14.349
 726.000000 -0.45935 1.63662 -12.8303
 727.000000 -0.451269 1.61101 -13.4574
 728.000000 -0.350233 1.56177 -12.7396
 729.000000 -0.400565 1.65474 -12.8649
 730.000000 -0.624339 1.34673 -14.3331
 731.000000 -0.565376 1.46856 -14.5486
 732.000000 -0.472631 1.52984 -14.3488
 733.000000 -0.503087 1.38459 -13.4357
 734.000000 -0.488525 1.6574 -11.7665
 735.000000 -0.651903 1.35007 -14.3334
 736.000000 -0.928796 1.20948 -10.1636
 737.000000 -0.434476 1.59246 -13.7831
 738.000000 -0.484417 1.41819 -13.702
 739.000000 -0.556504 1.43711 -14.6658
 740.000000 -0.694185 1.28086 -13.7819
 741.000000 -0.631952 1.33067 -14.2016
 742.000000 -0.601944 1.18662 -10.193
 743.000000 -0.468807 1.48201 -14.2467
 744.000000 -0.703664 1.32035 -13.9342
 745.000000 -0.61199 1.3067 -13.6932
 746.000000 -0.387508 1.67644 -12.4646
 747.000000 -0.594781 1.34229 -14.1008
 748.000000 -0.560283 1.48984 -14.3928
 749.000000 -0.605777 1.51233 -13.2986
 750.000000 -0.572213 1.50173 -14.0978
 751.000000 -0.61689 1.41592 -14.4899
 752.000000 -0.508875 1.41059 -14.0189
 753.000000 -0.534027 1.43742 -14.5832
 754.000000 -0.815263 1.3756 -10.6382
 755.000000 -0.480468 1.48741 -14.4043
 756.000000 -0.517908 1.46009 -14.5849
 757.000000 -0.401009 1.44818 -12.2087
 758.000000 -0.568757 1.36002 -14.086
 759.000000 -0.438997 1.50725 -14.0138
 760.000000 -0.53243 1.5145 -14.3438
 761.000000 -0.398003 1.63425 -13.2078
 762.000000 -0.390282 1.5178 -13.192
 763.000000 -0.624278 1.37097 -14.4822
 764.000000 -0.432149 1.59692 -13.7296
 765.000000 -0.620597 1.38552 -14.5259
 766.000000 -0.381025 1.53447 -13.175
 767.000000 -0.587516 1.42372 -14.6343
 768.000000 -0.355154 1.59294 -13.0325
 769.000000 -0.663225 1.33045 -14.2129
 770.000000 -0.694296 1.27728 -13.7455
 771.000000 -0.375998 1.54348 -13.1546
 772.000000 -0.584634 1.61138 -10.9346
 773.000000 -0.39306 1.56217 -13.5863
 774.000000 -0.625704 1.44879 -14.0817
 775.000000 -0.566769 1.47725 -14.4656
 776.000000 -0.775507 1.48486 -8.8957
 777.000000 -0.394779 1.61134 -13.4584
 778.000000 -0.554408 1.44168 -14.6683
 779.000000 -0.534006 1.32846 -12.8023
 780.000000 -0.535416 1.47216 -14.6346
 781.000000 -0.493401 1.5049 -14.4971
 782.000000 -0.3384 1.60887 -12.7545
 783.000000 -0.511082 1.45421 -14.5105
 784.000000 -0.484534 1.52779 -14.384
 785.000000 -0.619345 1.37702 -14.5112
 786.000000 -0.752547 1.26447 -13.3712
 787.000000 -0.503125 1.49663 -14.5429
 788.000000 -0.67591 1.33367 -14.1679
 789.000000 -0.653351 1.3698 -14.342
 790.000000 -0.519686 1.53105 -14.2357
 791.000000 -0.477234 1.4723 -14.2804
 792.000000 -0.538849 1.48475 -14.5725
 793.000000 -0.36872 1.50199 -12.3818
 794.000000 -0.49034 1.44709 -14.2183
 795.000000 -0.566464 1.47169 -14.517
 796.000000 -0.539213 1.43701 -14.6106
 797.000000 -0.628673 1.37522 -14.4823
 798.000000 -0.390582 1.62 -13.3535
 799.000000 -0.458775 1.63095 -12.9735
 800.000000 -0.48313 1.47264 -14.353
 801.000000 -0.457206 1.41591 -13.0406
 802.000000 -0.702288 1.4102 -13.1686
 803.000000 -0.640654 1.35582 -14.3902
 804.000000 -0.587287 1.38794 -14.5399
 805.000000 -0.592783 1.36746 -14.3957
 806.000000 -0.622292 1.37384 -14.4956
 807.000000 -0.759186 1.35137 -12.7494
 808.000000 -0.519384 1.54145 -14.0921
 809.000000 -0.50054 1.64231 -12.0002
 810.000000 -0.576503 1.35351 -14.0766
 811.000000 -0.496549 1.49356 -14.5246
 812.000000 -0.620584 1.31582 -13.9366
 813.000000 -0.594757 1.45015 -14.4582
 814.000000 -0.589855 1.47224 -14.2816
 815.000000 -0.525251 1.35072 -13.1569
 816.000000 -0.670794 1.42221 -13.6577
 817.000000 -0.531379 1.45238 -14.6286
 818.000000 -0.643193 1.44157 -13.89
 819.000000 -0.487741 1.42562 -13.8894
 820.000000 -0.553834 1.41831 -14.5881
 821.000000 -0.744938 1.13943 -11.5319
 822.000000 -0.379767 1.44262 -11.3866
 823.000000 -0.703542 1.38873 -13.4746
 824.000000 -0.579622 1.41603 -14.6456
 825.000000 -0.504955 1.49783 -14.5436
 826.000000 -0.485336 1.49237 -14.4585
 827.000000 -0.54328 1.44746 -14.6569
 828.000000 -0.614957 1.34268 -14.2561
 829.000000 -0.582372 1.426 -14.6466
 830.000000 -0.477574 1.47613 -14.3128
 831.000000 -0.431844 1.49566 -13.795
 832.000000 -0.790425 1.37409 -11.4665
 833.000000 -0.464436 1.5863 -13.7998
 834.000000 -0.525084 1.52761 -14.2385
 835.000000 -0.449081 1.60625 -13.5539
 836.000000 -0.549534 1.49756 -14.401
 837.000000 -0.622787 1.2783 -13.26
 838.000000 -0.658763 1.31022 -14.0602
 839.000000 -0.487802 1.38573 -13.1152
 840.000000 -0.609227 1.35891 -14.3928
 841.000000 -0.599807 1.52324 -13.1741
 842.000000 -0.535173 1.41053 -14.373
 843.000000 -0.671717 1.43283 -13.4658
 844.000000 -0.568338 1.48766 -14.3391
 845.000000 -0.626081 1.33492 -14.2238
 846.000000 -0.390049 1.55344 -13.5033
 847.000000 -0.494536 1.39068 -13.3791
 848.000000 -0.683844 1.29493 -13.9224
 849.000000 -0.500645 1.48686 -14.5434
 850.000000 -0.638978 1.22481 -12.2064
 851.000000 -0.608187 1.30271 -13.569
 852.000000 -0.438408 1.52014 -14.0762
 853.000000 -0.61367 1.40198 -14.5542
 854.000000 -0.591328 1.3756 -14.4631
 855.000000 -0.725408 1.2627 -13.5459
 856.000000 -0.523967 1.54171 -14.0433
 857.000000 -0.539111 1.62676 -11.633
 858.000000 -0.787915 1.15161 -12.0564
 859.000000 -0.658305 1.39765 -14.1557
 860.000000 -0.697714 1.28754 -13.8355
 861.000000 -0.612188 1.53769 -12.503
 862.000000 -0.745832 1.33344 -13.257
 863.000000 -0.559529 1.33701 -13.5255
 864.000000 -0.621978 1.43289 -14.3158
 865.000000 -0.555587 1.39529 -14.4091
 866.000000 -0.480405 1.47996 -14.3683
 867.000000 -0.613839 1.39037 -14.5537
 868.000000 -0.569732 1.47965 -14.4154
 869.000000 -0.612992 1.48629 -13.6953
 870.000000 -0.387393 1.49316 -12.7464
 871.000000 -0.430313 1.66009 -12.5643
 872.000000 -0.517158 1.51991 -14.38
 873.000000 -0.63275 1.41118 -14.3669
 874.000000 -0.884235 1.0742 -10.7603
 875.000000 -0.580902 1.36617 -14.2967
 876.000000 -0.534633 1.33981 -13.1006
 877.000000 -0.435153 1.53195 -14.0734
 878.000000 -0.407507 1.64046 -13.109
 879.000000 -0.541855 1.40848 -14.4191
 880.000000 -0.525862 1.36616 -13.5147
 881.000000 -0.42904 1.67773 -12.1142
 882.000000 -0.501276 1.39854 -13.6767
 883.000000 -0.586704 1.46326 -14.4171
 884.000000 -0.526689 1.422 -14.403
 885.000000 -0.668111 1.40761 -13.9049
 886.000000 -0.459349 1.5233 -14.2929
 887.000000 -0.598815 1.48236 -14.0119
 888.000000 -0.734022 1.28489 -13.6025
 889.000000 -0.564305 1.47809 -14.4778
 890.000000 -0.672521 1.2042 -12.2184
 891.000000 -0.546536 1.39197 -14.2779
 892.000000 -0.65505 1.39795 -14.1967
 893.000000 -0.390002 1.61933 -13.3567
 894.000000 -0.589659 1.52416 -13.368
 895.000000 -0.53401 1.50984 -14.3847
 896.000000 -0.633528 1.26588 -13.1365
 897.000000 -0.664788 1.36961 -14.2401
 898.000000 -0.654142 1.38103 -14.3053
 899.000000 -0.709431 1.30935 -13.8721
 900.000000 -0.375169 1.59038 -13.3535
 901.000000 -0.64225 1.2967 -13.8125
 902.000000 -0.564888 1.50407 -14.1579
 903.000000 -0.53114 1.52667 -14.1988
 904.000000 -0.558303 1.41559 -14.5944
 905.000000 -0.469604 1.40869 -13.1895
 906.000000 -0.55826 1.43958 -14.6695
 907.000000 -0.38941 1.52911 -13.3021
 908.000000 -0.527729 1.53888 -14.0494
 909.000000 -0.556294 1.50755 -14.2097
 910.000000 -0.600501 1.4284 -14.5542
 911.000000 -0.585 1.416 -14.6419
 912.000000 -0.72389 1.33369 -13.6415
 913.000000 -0.751977 1.46196 -10.4385
 914.000000 -0.422034 1.67522 -12.2599
 915.000000 -0.720132 1.33778 -13.6758
 916.000000 -0.666686 1.42119 -13.7528
 917.000000 -0.492681 1.48829 -14.5009
 918.000000 -0.418436 1.45389 -12.8349
 919.000000 -0.651642 1.39219 -14.2772
 920.000000 -0.436078 1.58811 -13.8329
 921.000000 -0.605577 1.32287 -13.9057
 922.000000 -0.500394 1.50684 -14.5055
 923.000000 -0.589062 1.37806 -14.4733
 924.000000 -0.437253 1.54352 -14.1008
 925.000000 -0.661877 1.33261 -14.228
 926.000000 -0.582385 1.50261 -13.9334
 927.000000 -0.609947 1.39497 -14.5702
 928.000000 -0.75246 1.38171 -12.4134
 929.000000 -0.500457 1.42961 -14.1564
 930.000000 -0.571404 1.33714 -13.7224
 931.000000 -0.741551 1.40691 -12.2048
 932.000000 -0.6248 1.42696 -14.3356
 933.000000 -0.319648 1.6585 -12.3296
 934.000000 -0.750548 1.13092 -11.3855
 935.000000 -0.393681 1.62183 -13.3504
 936.000000 -0.828962 1.24289 -12.265
 937.000000 -0.590083 1.45272 -14.4801
 938.000000 -0.482097 1.41729 -13.6389
 939.000000 -0.415945 1.48286 -13.2961
 940.000000 -0.499369 1.56561 -13.8879
 941.000000 -0.493211 1.54584 -14.2108
 942.000000 -0.595652 1.27315 -12.6792
 943.000000 -0.715163 1.2538 -13.4815
 944.000000 -0.485651 1.52145 -14.4193
 945.000000 -0.548564 1.4916 -14.4686
 946.000000 -0.631358 1.31425 -13.9957
 947.000000 -0.436732 1.53157 -14.0903
 948.000000 -0.75181 1.35691 -12.8463
 949.000000 -0.501777 1.44406 -14.337
 950.000000 -0.628196 1.37766 -14.488
 951.000000 -0.474819 1.4648 -14.1818
 952.000000 -0.598313 1.45893 -14.3349
 953.000000 -0.57145 1.38166 -14.3972
 954.000000 -0.584746 1.48091 -14.2342
 955.000000 -0.853888 1.28344 -11.2609
 956.000000 -0.689379 1.41413 -13.3957
 957.000000 -0.681459 1.27531 -13.7051
 958.000000 -0.637492 1.39335 -14.4129
 959.000000 -0.48429 1.54897 -14.2079
 960.000000 -0.547347 1.48948 -14.4958
 961.000000 -0.695934 1.40858 -13.3413
 962.000000 -0.671089 1.39865 -13.9552
 963.000000 -0.555486 1.50489 -14.2555
 964.000000 -0.458791 1.50322 -14.2484
 965.000000 -0.446124 1.53085 -14.1838
 966.000000 -0.445113 1.54519 -14.1585
 967.000000 -0.714863 1.2561 -13.5076
 968.000000 -0.422846 1.51468 -13.8124
 969.000000 -0.371622 1.5598 -13.1957
 970.000000 -0.632472 1.44375 -14.0418
 971.000000 -0.608627 1.49528 -13.6048
 972.000000 -0.774172 1.24706 -13.0981
 973.000000 -0.449866 1.52622 -14.2153
 974.000000 -0.728696 1.15426 -11.7116
 975.000000 -0.610577 1.3329 -14.1048
 976.000000 -0.383394 1.47537 -12.2856
 977.000000 -0.8874 1.14739 -11.3515
 978.000000 -0.472386 1.51596 -14.3845
 979.000000 -0.682351 1.23675 -13.0766
 980.000000 -0.559195 1.57163 -12.827
 981.000000 -0.653631 1.37422 -14.3314
 982.000000 -0.536218 1.3288 -12.8619
 983.000000 -0.489526 1.49463 -14.4887
 984.000000 -0.557594 1.3373 -13.4976
 985.000000 -0.452133 1.5899 -13.7955
 986.000000 -0.370179 1.52174 -12.7507
 987.000000 -0.389562 1.63206 -13.2151
 988.000000 -0.683054 1.37593 -13.9765
 989.000000 -0.681182 1.38972 -13.8814
 990.000000 -0.595406 1.42356 -14.6024
 991.000000 -0.559602 1.33884 -13.5653
 992.000000 -0.59887 1.36785 -14.43
 993.000000 -0.524867 1.40754 -14.2124
 994.000000 -0.859346 1.21098 -11.8078
 995.000000 -0.485619 1.40799 -13.5377
 996.000000 -0.528854 1.43055 -14.4998
 997.000000 -0.591639 1.4526 -14.4669
 998.000000 -0.548546 1.42457 -14.5964
 999.000000 -0.569068 1.39262 -14.487
 1000.000000 -0.68361 1.38002 -13.9342
 1001.000000 -0.425914 1.54439 -13.9879
 1002.000000 -0.446601 1.46421 -13.6845
 1003.000000 -0.528132 1.42905 -14.4814
 1004.000000 -0.643304 1.28469 -13.6224
 1005.000000 -0.489022 1.51365 -14.4589
 1006.000000 -0.609952 1.34487 -14.2529
 1007.000000 -0.630153 1.40782 -14.4137
 1008.000000 -0.850142 1.27442 -11.489
 1009.000000 -0.581591 1.46695 -14.4314
 1010.000000 -0.604437 1.359 -14.3736
 1011.000000 -0.408556 1.51082 -13.5074
 1012.000000 -0.662682 1.26927 -13.5157
 1013.000000 -0.481833 1.52888 -14.3746
 1014.000000 -0.524852 1.46299 -14.6239
 1015.000000 -0.624466 1.31202 -13.9108
 1016.000000 -0.652549 1.28712 -13.7359
 1017.000000 -0.376165 1.60033 -13.3498
 1018.000000 -0.686952 1.3207 -14.0654
 1019.000000 -0.720373 1.32437 -13.7361
 1020.000000 -0.467815 1.69545 -10.9132
 1021.000000 -0.656455 1.48603 -12.7091
 1022.000000 -0.381069 1.59277 -13.4294
 1023.000000 -0.692377 1.37684 -13.8212
 1024.000000 -0.726423 1.31414 -13.6859
 1025.000000 -0.430785 1.61838 -13.4252
 1026.000000 -0.491062 1.51757 -14.4463
 1027.000000 -0.469711 1.49551 -14.3327
 1028.000000 -0.287111 1.67154 -11.7157
 1029.000000 -0.569444 1.37071 -14.2477
 1030.000000 -0.699741 1.28069 -13.7732
 1031.000000 -0.448653 1.60821 -13.5225
 1032.000000 -0.506971 1.41958 -14.1201
 1033.000000 -0.364176 1.63116 -13.0555
 1034.000000 -0.708886 1.32481 -13.8771
 1035.000000 -0.593732 1.29069 -13.0825
 1036.000000 -0.618383 1.38928 -14.5373
 1037.000000 -0.827355 1.23218 -12.3354
 1038.000000 -0.657746 1.33489 -14.251
 1039.000000 -0.526476 1.4295 -14.47
 1040.000000 -0.450593 1.48254 -13.9852
 1041.000000 -0.5326 1.34366 -13.149
 1042.000000 -0.596117 1.28537 -12.9967
 1043.000000 -0.492173 1.57023 -13.8729
 1044.000000 -0.473252 1.60501 -13.3956
 1045.000000 -0.745736 1.44885 -11.0266
 1046.000000 -0.286218 1.60614 -11.4746
 1047.000000 -0.588955 1.50241 -13.829
 1048.000000 -0.504191 1.39335 -13.6353
 1049.000000 -0.505879 1.34618 -12.5805
 1050.000000 -0.870823 1.13787 -11.5152
 1051.000000 -0.705019 1.22738 -13.0668
 1052.000000 -0.495806 1.51179 -14.4789
 1053.000000 -0.461 1.61256 -13.3548
 1054.000000 -0.587629 1.25252 -11.9312
 1055.000000 -0.412309 1.57446 -13.8134
 1056.000000 -0.556398 1.42513 -14.6333
 1057.000000 -0.286771 1.4904 -9.23581
 1058.000000 -0.464778 1.54935 -14.2181
 1059.000000 -0.656223 1.33595 -14.2603
 1060.000000 -0.669867 1.41905 -13.7227
 1061.000000 -0.494313 1.57043 -13.8512
 1062.000000 -0.692007 1.19737 -12.317
 1063.000000 -0.457305 1.37479 -12.0115
 1064.000000 -0.691252 1.45855 -12.4398
 1065.000000 -0.384708 1.52074 -13.0991
 1066.000000 -0.493208 1.44218 -14.2039
 1067.000000 -0.308521 1.50329 -10.4036
 1068.000000 -0.421054 1.56993 -13.9024
 1069.000000 -0.504963 1.40699 -13.8952
 1070.000000 -0.682182 1.27726 -13.7319
 1071.000000 -0.415114 1.48642 -13.3312
 1072.000000 -0.322708 1.63691 -12.4651
 1073.000000 -0.604789 1.28775 -13.2002
 1074.000000 -0.53487 1.51474 -14.3222
 1075.000000 -0.549462 1.38408 -14.2067
 1076.000000 -0.546462 1.52864 -13.9993
 1077.000000 -0.480376 1.46086 -14.2215
 1078.000000 -0.502751 1.43343 -14.2362
 1079.000000 -0.484526 1.4812 -14.4156
 1080.000000 -0.564127 1.34572 -13.7758
 1081.000000 -0.349837 1.62643 -12.9182
 1082.000000 -0.651101 1.41939 -14.0481
 1083.000000 -0.574727 1.44902 -14.6116
 1084.000000 -0.709276 1.2932 -13.8222
 1085.000000 -0.791449 1.23766 -12.8751
 1086.000000 -0.597753 1.43187 -14.5564
 1087.000000 -0.310372 1.54847 -11.4219
 1088.000000 -0.656935 1.33724 -14.2651
 1089.000000 -0.481546 1.62815 -12.7453
 1090.000000 -0.402773 1.72506 -11.025
 1091.000000 -0.537863 1.43636 -14.6003
 1092.000000 -0.496796 1.48239 -14.5164
 1093.000000 -0.500864 1.42115 -14.0468
 1094.000000 -0.469251 1.50063 -14.3461
 1095.000000 -0.782509 1.39064 -11.3382
 1096.000000 -0.273629 1.60606 -11.0933
 1097.000000 -0.474095 1.57022 -13.9872
 1098.000000 -0.435603 1.57212 -13.975
 1099.000000 -0.657682 1.39638 -14.1742
 1100.000000 -0.866118 1.16174 -11.6955
 1101.000000 -0.592407 1.40161 -14.6108
 1102.000000 -0.45907 1.4918 -14.1891
 1103.000000 -0.652205 1.37901 -14.3309
 1104.000000 -0.785595 1.31497 -12.5998
 1105.000000 -0.631592 1.40311 -14.4242
 1106.000000 -0.437727 1.5215 -14.073
 1107.000000 -0.523648 1.47724 -14.6187
 1108.000000 -0.62526 1.4156 -14.4156
 1109.000000 -0.527447 1.4657 -14.6341
 1110.000000 -0.433498 1.59208 -13.7868
 1111.000000 -0.597118 1.44266 -14.4955
 1112.000000 -0.49292 1.44818 -14.2652
 1113.000000 -0.58461 1.49738 -13.9881
 1114.000000 -0.589226 1.47262 -14.2846
 1115.000000 -0.801791 1.15284 -12.0812
 1116.000000 -0.653793 1.36194 -14.3433
 1117.000000 -0.600416 1.36227 -14.3857
 1118.000000 -0.772966 1.48427 -9.00564
 1119.000000 -0.723188 1.24487 -13.374
 1120.000000 -0.44237 1.49882 -14.002
 1121.000000 -0.69648 1.28951 -13.8541
 1122.000000 -0.581101 1.46833 -14.4225
 1123.000000 -0.782983 1.35671 -12.0366
 1124.000000 -0.462707 1.54738 -14.2276
 1125.000000 -0.361312 1.6792 -12.4281
 1126.000000 -0.577953 1.4005 -14.586
 1127.000000 -0.471366 1.42345 -13.5261
 1128.000000 -0.478917 1.62145 -12.9545
 1129.000000 -0.555167 1.38803 -14.3224
 1130.000000 -0.768784 1.26507 -13.1908
 1131.000000 -0.377795 1.58028 -13.3884
 1132.000000 -0.564531 1.51704 -13.9524
 1133.000000 -0.294949 1.67467 -11.8439
 1134.000000 -0.547405 1.53031 -13.9583
 1135.000000 -0.467684 1.5684 -14.0327
 1136.000000 -0.595351 1.36718 -14.407
 1137.000000 -0.526485 1.4453 -14.5762
 1138.000000 -0.434984 1.55798 -14.049
 1139.000000 -0.460373 1.42025 -13.2114
 1140.000000 -0.560505 1.4491 -14.6602
 1141.000000 -0.520199 1.48254 -14.6043
 1142.000000 -0.873005 1.22545 -11.4307
 1143.000000 -0.485906 1.53547 -14.3307
 1144.000000 -0.460681 1.39792 -12.7145
 1145.000000 -0.607897 1.39602 -14.5771
 1146.000000 -0.514665 1.58241 -13.3712
 1147.000000 -0.557406 1.51646 -14.0605
 1148.000000 -0.484381 1.57133 -13.9138
 1149.000000 -0.563018 1.44739 -14.6588
 1150.000000 -0.82035 1.20397 -12.4302
 1151.000000 -0.55732 1.48421 -14.4749
 1152.000000 -0.6195 1.31238 -13.8722
 1153.000000 -0.778578 1.29013 -12.9663
 1154.000000 -0.592502 1.39057 -14.5682
 1155.000000 -0.550971 1.30639 -12.6105
 1156.000000 -0.514755 1.43644 -14.4138
 1157.000000 -0.78715 1.3552 -11.9468
 1158.000000 -0.837509 1.21928 -12.1873
 1159.000000 -0.590853 1.42829 -14.6111
 1160.000000 -0.648532 1.3686 -14.3775
 1161.000000 -0.558923 1.43382 -14.6639
 1162.000000 -0.504673 1.46924 -14.5319
 1163.000000 -0.351389 1.4337 -10.1238
 1164.000000 -0.679987 1.30869 -14.0367
 1165.000000 -0.572139 1.42555 -14.6602
 1166.000000 -0.619954 1.39354 -14.5307
 1167.000000 -0.410372 1.41071 -11.5415
 1168.000000 -0.34176 1.58444 -12.726
 1169.000000 -0.40054 1.55614 -13.6818
 1170.000000 -0.647828 1.40896 -14.2017
 1171.000000 -0.827654 1.17483 -12.1968
 1172.000000 -0.575267 1.34432 -13.9097
 1173.000000 -0.640642 1.30788 -13.9653
 1174.000000 -0.599931 1.42426 -14.5752
 1175.000000 -0.470953 1.55155 -14.204
 1176.000000 -0.651193 1.30034 -13.9196
 1177.000000 -0.392073 1.50281 -13.0267
 1178.000000 -0.651679 1.32457 -14.1859
 1179.000000 -0.801127 1.24108 -12.7467
 1180.000000 -0.412692 1.40381 -11.4242
 1181.000000 -0.523659 1.41389 -14.2778
 1182.000000 -0.549081 1.4414 -14.66
 1183.000000 -0.511171 1.54666 -14.0861
 1184.000000 -0.561891 1.47701 -14.5056
 1185.000000 -0.617441 1.36577 -14.4612
 1186.000000 -0.52335 1.46855 -14.6237
 1187.000000 -0.528838 1.54227 -13.9814
 1188.000000 -0.537625 1.46012 -14.6537
 1189.000000 -0.662161 1.36167 -14.2821
 1190.000000 -0.639068 1.43518 -14.0481
 1191.000000 -0.683453 1.31849 -14.077
 1192.000000 -0.466244 1.55059 -14.2105
 1193.000000 -0.643824 1.29551 -13.8055
 1194.000000 -0.691083 1.30386 -13.9695
 1195.000000 -0.425114 1.62484 -13.3345
 1196.000000 -0.501851 1.49721 -14.5384
 1197.000000 -0.832184 1.29495 -11.6896
 1198.000000 -0.794119 1.31695 -12.3711
 1199.000000 -0.650482 1.36661 -14.3651
 1200.000000 -0.470778 1.52873 -14.3466
 1201.000000 -0.466194 1.59053 -13.7225
 1202.000000 -0.37667 1.56465 -13.321
 1203.000000 -0.606847 1.3587 -14.3815
 1204.000000 -0.581401 1.53385 -13.313
 1205.000000 -0.700679 1.34415 -13.9211
 1206.000000 -0.593359 1.38954 -14.5644
 1207.000000 -0.636663 1.28217 -13.5108
 1208.000000 -0.452734 1.45582 -13.684
 1209.000000 -0.543299 1.419 -14.526
 1210.000000 -0.619572 1.46263 -13.9824
 1211.000000 -0.608432 1.28577 -13.213
 1212.000000 -0.550393 1.27134 -11.5739
 1213.000000 -0.328098 1.65997 -12.4337
 1214.000000 -0.88721 1.09402 -10.9865
 1215.000000 -0.759529 1.08955 -10.4301
 1216.000000 -0.658136 1.36152 -14.3134
 1217.000000 -0.563224 1.46314 -14.5963
 1218.000000 -0.479347 1.42203 -13.6678
 1219.000000 -0.596163 1.44478 -14.4882
 1220.000000 -0.559584 1.38396 -14.3174
 1221.000000 -0.56383 1.34973 -13.846
 1222.000000 -0.430125 1.41507 -12.2755
 1223.000000 -0.631066 1.31925 -14.0617
 1224.000000 -0.695699 1.20773 -12.5985
 1225.000000 -0.581957 1.36886 -14.3373
 1226.000000 -0.272079 1.64981 -11.3808
 1227.000000 -0.582557 1.43906 -14.6149
 1228.000000 -0.294207 1.71201 -11.4773
 1229.000000 -0.607761 1.4439 -14.379
 1230.000000 -0.371458 1.62889 -13.139
 1231.000000 -0.568519 1.66555 -9.41168
 1232.000000 -0.326812 1.72799 -11.3999
 1233.000000 -0.397608 1.64554 -13.0332
 1234.000000 -0.69691 1.34494 -13.9657
 1235.000000 -0.55484 1.42893 -14.6425
 1236.000000 -0.48889 1.49967 -14.4859
 1237.000000 -0.67663 1.29541 -13.9291
 1238.000000 -0.398206 1.45035 -12.1743
 1239.000000 -0.728511 1.44315 -11.7296
 1240.000000 -0.496283 1.55351 -14.0974
 1241.000000 -0.533928 1.4337 -14.5611
 1242.000000 -0.351272 1.56577 -12.8011
 1243.000000 -0.454654 1.59828 -13.6588
 1244.000000 -0.711735 1.3718 -13.523
 1245.000000 -0.534201 1.38789 -14.0582
 1246.000000 -0.507628 1.47557 -14.5666
 1247.000000 -0.510733 1.57348 -13.6178
 1248.000000 -0.40442 1.50713 -13.376
 1249.000000 -0.677898 1.30841 -14.0397
 1250.000000 -0.55854 1.43506 -14.6654
 1251.000000 -0.785298 1.27943 -12.9031
 1252.000000 -0.655196 1.41758 -14.0032
 1253.000000 -0.451062 1.54251 -14.2037
 1254.000000 -0.656319 1.31742 -14.1265
 1255.000000 -0.393505 1.55661 -13.5752
 1256.000000 -0.536368 1.43353 -14.5763
 1257.000000 -0.730097 1.25023 -13.4198
 1258.000000 -0.580544 1.41017 -14.632
 1259.000000 -0.634663 1.33588 -14.2612
 1260.000000 -0.418316 1.56662 -13.891
 1261.000000 -0.577572 1.43028 -14.6539
 1262.000000 -0.569412 1.47919 -14.4231
 1263.000000 -0.55502 1.41575 -14.5786
 1264.000000 -0.611119 1.46044 -14.1466
 1265.000000 -0.767303 1.30426 -13.0839
 1266.000000 -0.719789 1.28768 -13.7291
 1267.000000 -0.506127 1.54191 -14.1897
 1268.000000 -0.6168 1.27067 -12.9957
 1269.000000 -0.492618 1.51922 -14.4392
 1270.000000 -0.692874 1.37772 -13.8043
 1271.000000 -0.530413 1.44835 -14.6119
 1272.000000 -0.817358 1.03297 -9.68361
 1273.000000 -0.64278 1.35097 -14.3648
 1274.000000 -0.495714 1.38781 -13.3439
 1275.000000 -0.434626 1.57749 -13.9304
 1276.000000 -0.395141 1.44544 -11.9612
 1277.000000 -0.803718 1.23521 -12.7091
 1278.000000 -0.663307 1.39808 -14.0812
 1279.000000 -0.632956 1.33243 -14.2233
 1280.000000 -0.639612 1.24467 -12.7304
 1281.000000 -0.304988 1.82163 -8.75874
 1282.000000 -0.526728 1.55561 -13.7656
 1283.000000 -0.647297 1.43534 -13.9071
 1284.000000 -0.629938 1.38424 -14.4837
 1285.000000 -0.544814 1.5288 -14.0175
 1286.000000 -0.598953 1.47793 -14.0785
 1287.000000 -0.616947 1.4349 -14.3572
 1288.000000 -0.502025 1.46048 -14.4683
 1289.000000 -0.489865 1.53774 -14.3055
 1290.000000 -0.499895 1.53133 -14.3388
 1291.000000 -0.596556 1.30904 -13.5355
 1292.000000 -0.700295 1.3589 -13.8432
 1293.000000 -0.500194 1.57718 -13.6696
 1294.000000 -0.791783 1.33063 -12.2367
 1295.000000 -0.634056 1.37034 -14.4535
 1296.000000 -0.532904 1.53704 -14.0226
 1297.000000 -0.447358 1.46385 -13.6946
 1298.000000 -0.585025 1.49017 -14.0976
 1299.000000 -0.565724 1.4623 -14.5882
 1300.000000 -0.753278 1.20522 -12.8563
 1301.000000 -0.391512 1.53674 -13.4173
 1302.000000 -0.585574 1.40821 -14.6287
 1303.000000 -0.701839 1.36366 -13.7818
 1304.000000 -0.607846 1.32761 -14.0041
 1305.000000 -0.684329 1.29953 -13.9601
 1306.000000 -0.414857 1.56307 -13.8652
 1307.000000 -0.737162 1.327 -13.467
 1308.000000 -0.688633 1.297 -13.9314
 1309.000000 -0.522923 1.53527 -14.1513
 1310.000000 -0.430015 1.4599 -13.246
 1311.000000 -0.71642 1.36111 -13.5496
 1312.000000 -0.665724 1.2781 -13.6784
 1313.000000 -0.529786 1.47388 -14.6304
 1314.000000 -0.758706 1.25425 -13.2769
 1315.000000 -0.592802 1.31943 -13.6892
 1316.000000 -0.78323 1.25082 -12.9969
 1317.000000 -0.503465 1.43047 -14.2107
 1318.000000 -0.519932 1.36906 -13.4574
 1319.000000 -0.592135 1.31547 -13.6019
 1320.000000 -0.63466 1.47671 -13.4421
 1321.000000 -0.52886 1.47185 -14.6331
 1322.000000 -0.56225 1.40792 -14.5661
 1323.000000 -0.558875 1.38701 -14.3471
 1324.000000 -0.557213 1.45435 -14.6543
 1325.000000 -0.70511 1.24264 -13.3181
 1326.000000 -0.436784 1.46861 -13.5448
 1327.000000 -0.517856 1.57314 -13.5295
 1328.000000 -0.74358 1.35453 -13.0691
 1329.000000 -0.450679 1.59031 -13.7938
 1330.000000 -0.586354 1.43106 -14.6238
 1331.000000 -0.66271 1.41996 -13.8438
 1332.000000 -0.646944 1.43584 -13.9063
 1333.000000 -0.458832 1.46979 -13.9848
 1334.000000 -0.721079 1.36455 -13.4222
 1335.000000 -0.538936 1.5157 -14.2756
 1336.000000 -0.530308 1.45496 -14.6304
 1337.000000 -0.61208 1.43191 -14.4345
 1338.000000 -0.22646 1.56491 -8.65824
 1339.000000 -0.65416 1.45455 -13.4535
 1340.000000 -0.534513 1.46674 -14.6452
 1341.000000 -0.44962 1.61626 -13.3697
 1342.000000 -0.585025 1.45077 -14.5368
 1343.000000 -0.607525 1.44329 -14.3872
 1344.000000 -0.672176 1.43423 -13.4313
 1345.000000 -0.686475 1.37325 -13.9462
 1346.000000 -0.393153 1.5834 -13.5939
 1347.000000 -0.680013 1.27762 -13.731
 1348.000000 -0.569937 1.33365 -13.6304
 1349.000000 -0.444777 1.41114 -12.5999
 1350.000000 -0.410426 1.61437 -13.4921
 1351.000000 -0.573884 1.49899 -14.1175
 1352.000000 -0.556072 1.46104 -14.6352
 1353.000000 -0.706199 1.2719 -13.6808
 1354.000000 -0.623042 1.42525 -14.37
 1355.000000 -0.688196 1.28994 -13.8732
 1356.000000 -0.556185 1.36603 -14.0196
 1357.000000 -0.543576 1.50485 -14.3682
 1358.000000 -0.36815 1.57941 -13.2274
 1359.000000 -0.620037 1.36523 -14.4592
 1360.000000 -0.695205 1.28991 -13.8606
 1361.000000 -0.461 1.5974 -13.6385
 1362.000000 -0.533555 1.45547 -14.6425
 1363.000000 -1.15701 0.981155 -6.32376
 1364.000000 -0.583004 1.35096 -14.1099
 1365.000000 -0.546031 1.40253 -14.3972
 1366.000000 -0.623495 1.34653 -14.3291
 1367.000000 -0.514195 1.36859 -13.327
 1368.000000 -0.427877 1.52702 -13.9662
 1369.000000 -0.593872 1.44206 -14.5266
 1370.000000 -0.635499 1.46712 -13.611
 1371.000000 -0.646163 1.21688 -12.1199
 1372.000000 -0.288518 1.56865 -11.0453
 1373.000000 -0.759999 1.1577 -12.0639
 1374.000000 -0.62757 1.42923 -14.2807
 1375.000000 -0.538391 1.3966 -14.2413
 1376.000000 -0.773038 1.1593 -12.1537
 1377.000000 -0.809223 1.15711 -12.126
 1378.000000 -0.493712 1.48422 -14.5
 1379.000000 -0.448463 1.53899 -14.1961
 1380.000000 -0.339995 1.64496 -12.6908
 1381.000000 -0.876353 1.03097 -10.0509
 1382.000000 -0.538856 1.42549 -14.5414
 1383.000000 -0.80029 1.19129 -12.5417
 1384.000000 -0.729408 1.2553 -13.4686
 1385.000000 -0.440337 1.50883 -14.0436
 1386.000000 -0.523777 1.39147 -13.9548
 1387.000000 -0.529664 1.36938 -13.653
 1388.000000 -0.526297 1.29427 -11.6278
 1389.000000 -0.684227 1.39089 -13.8166
 1390.000000 -0.291057 1.56863 -11.1292
 1391.000000 -0.385612 1.65589 -12.8595
 1392.000000 -0.661077 1.38808 -14.1902
 1393.000000 -0.364414 1.72891 -11.2855
 1394.000000 -0.66086 1.26663 -13.4547
 1395.000000 -0.508258 1.42474 -14.2071
 1396.000000 -0.442604 1.58722 -13.8453
 1397.000000 -0.607073 1.45093 -14.3163
 1398.000000 -0.746086 1.35546 -13.0002
 1399.000000 -0.473839 1.5576 -14.1413
 1400.000000 -0.57051 1.39176 -14.4886
 1401.000000 -0.526773 1.46807 -14.6326
 1402.000000 -0.535944 1.30189 -12.1163
 1403.000000 -0.427135 1.71563 -10.9755
 1404.000000 -0.559941 1.39063 -14.3978
 1405.000000 -0.633314 1.32972 -14.1965
 1406.000000 -0.589925 1.40109 -14.6092
 1407.000000 -0.534249 1.43657 -14.58
 1408.000000 -0.66654 1.25599 -13.3078
 1409.000000 -0.680275 1.25844 -13.452
 1410.000000 -0.414339 1.52239 -13.7265
 1411.000000 -0.675026 1.38552 -14.018
 1412.000000 -0.528948 1.42808 -14.4807
 1413.000000 -0.67661 1.31711 -14.0989
 1414.000000 -0.450748 1.47132 -13.8608
 1415.000000 -0.44639 1.4833 -13.9221
 1416.000000 -0.570296 1.40346 -14.5753
 1417.000000 -0.673871 1.38731 -14.0201
 1418.000000 -0.753488 1.26599 -13.3664
 1419.000000 -0.639538 1.4093 -14.3036
 1420.000000 -0.760656 1.25519 -13.2623
 1421.000000 -0.418957 1.57076 -13.8828
 1422.000000 -0.728336 1.36348 -13.2858
 1423.000000 -0.533733 1.54341 -13.9029
 1424.000000 -0.394802 1.37191 -9.82082
 1425.000000 -0.84502 1.28722 -11.4516
 1426.000000 -0.405416 1.39161 -10.8191
 1427.000000 -0.705369 1.36092 -13.7464
 1428.000000 -0.468649 1.46522 -14.0935
 1429.000000 -0.661964 1.32315 -14.1712
 1430.000000 -0.497126 1.51412 -14.469
 1431.000000 -0.465251 1.54575 -14.2437
 1432.000000 -0.671469 1.43727 -13.3925
 1433.000000 -0.553752 1.54396 -13.5991
 1434.000000 -0.586262 1.39944 -14.5997
 1435.000000 -0.583235 1.42812 -14.6416
 1436.000000 -0.322509 1.6171 -12.4557
 1437.000000 -0.561742 1.42815 -14.6567
 1438.000000 -0.470597 1.48123 -14.2637
 1439.000000 -0.632405 1.23902 -12.468
 1440.000000 -0.77079 1.25039 -13.144
 1441.000000 -0.510123 1.46805 -14.5636
 1442.000000 -0.638505 1.28423 -13.5685
 1443.000000 -0.539531 1.36312 -13.707
 1444.000000 -0.440913 1.52966 -14.1319
 1445.000000 -0.611667 1.44911 -14.2784
 1446.000000 -0.443234 1.39877 -12.2436
 1447.000000 -0.875933 1.13834 -11.4617
 1448.000000 -0.651388 1.34721 -14.3254
 1449.000000 -0.529972 1.49273 -14.5516
 1450.000000 -0.335951 1.61936 -12.717
 1451.000000 -0.595076 1.35602 -14.2858
 1452.000000 -0.705446 1.37566 -13.5999
 1453.000000 -0.684139 1.26281 -13.5399
 1454.000000 -0.507445 1.50192 -14.5316
 1455.000000 -0.351273 1.54696 -12.6009
 1456.000000 -0.49598 1.45334 -14.3525
 1457.000000 -0.598162 1.3994 -14.6013
 1458.000000 -0.665546 1.35727 -14.259
 1459.000000 -0.776524 1.25801 -13.0884
 1460.000000 -0.439781 1.61293 -13.4836
 1461.000000 -0.605394 1.48727 -13.8178
 1462.000000 -0.543655 1.45906 -14.6587
 1463.000000 -0.61832 1.37293 -14.4974
 1464.000000 -0.578783 1.42631 -14.6541
 1465.000000 -0.501927 1.42172 -14.0721
 1466.000000 -0.653982 1.43572 -13.7791
 1467.000000 -0.598595 1.48494 -13.9736
 1468.000000 -0.483497 1.48525 -14.4232
 1469.000000 -0.556325 1.29011 -12.2849
 1470.000000 -0.541064 1.40996 -14.4266
 1471.000000 -0.498229 1.59825 -13.2444
 1472.000000 -0.715875 1.23903 -13.2939
 1473.000000 -0.454311 1.51708 -14.2448
 1474.000000 -0.568273 1.45659 -14.6067
 1475.000000 -0.666762 1.30911 -14.0565
 1476.000000 -0.516374 1.58903 -13.1894
 1477.000000 -0.599032 1.31932 -13.7685
 1478.000000 -0.535769 1.52921 -14.1156
 1479.000000 -0.264333 1.6203 -10.9603
 1480.000000 -0.552452 1.54021 -13.698
 1481.000000 -0.556913 1.38885 -14.3496
 1482.000000 -0.42449 1.56429 -13.9499
 1483.000000 -0.706601 1.14715 -11.2187
 1484.000000 -0.499801 1.48535 -14.5383
 1485.000000 -0.616437 1.34645 -14.3034
 1486.000000 -0.677017 1.43242 -13.3559
 1487.000000 -0.413451 1.52957 -13.762
 1488.000000 -0.545843 1.43258 -14.6228
 1489.000000 -0.56845 1.47888 -14.4351
 1490.000000 -0.539545 1.32943 -12.9528
 1491.000000 -0.803463 1.22047 -12.6867
 1492.000000 -0.564946 1.31526 -13.135
 1493.000000 -0.452631 1.57851 -13.9404
 1494.000000 -0.635393 1.38255 -14.4531
 1495.000000 -0.715689 1.38268 -13.301
 1496.000000 -0.508888 1.54568 -14.1187
 1497.000000 -0.445464 1.52002 -14.1598
 1498.000000 -0.642509 1.31057 -14.011
 1499.000000 -0.349687 1.57161 -12.813
 1500.000000 -0.515629 1.45306 -14.54
 1501.000000 -0.369827 1.61901 -13.195
 1502.000000 -0.58568 1.47414 -14.3087
 1503.000000 -0.76928 1.22733 -13.0391
 1504.000000 -0.560733 1.46839 -14.5774
 1505.000000 -0.519555 1.49177 -14.5745
 1506.000000 -0.719363 1.33139 -13.7217
 1507.000000 -0.526502 1.56353 -13.6098
 1508.000000 -0.700048 1.22434 -12.9787
 1509.000000 -0.628688 1.36883 -14.4659
 1510.000000 -0.755877 1.18977 -12.6281
 1511.000000 -0.408013 1.5427 -13.7461
 1512.000000 -0.398726 1.5988 -13.5806
 1513.000000 -0.621469 1.28433 -13.3707
 1514.000000 -0.462814 1.53459 -14.2918
 1515.000000 -0.552815 1.49078 -14.4456
 1516.000000 -1.05328 1.07866 -8.13437
 1517.000000 -0.695881 1.29875 -13.9197
 1518.000000 -0.491721 1.43885 -14.1422
 1519.000000 -0.670425 1.3602 -14.2111
 1520.000000 -0.63614 1.35395 -14.3905
 1521.000000 -0.612866 1.47382 -13.9185
 1522.000000 -0.656093 1.28425 -13.7147
 1523.000000 -0.624869 1.35913 -14.425
 1524.000000 -0.420985 1.48026 -13.3723
 1525.000000 -0.768252 1.28835 -13.1552
 1526.000000 -0.451714 1.52657 -14.2317
 1527.000000 -0.496969 1.49621 -14.5244
 1528.000000 -0.637847 1.35902 -14.4095
 1529.000000 -0.368023 1.45178 -11.2264
 1530.000000 -0.376004 1.50802 -12.6918
 1531.000000 -0.559331 1.42298 -14.6344
 1532.000000 -0.350544 1.48795 -11.5218
 1533.000000 -0.475767 1.58823 -13.6956
 1534.000000 -0.738529 1.29715 -13.5612
 1535.000000 -0.506527 1.47559 -14.5608
 1536.000000 -0.493082 1.44701 -14.2552
 1537.000000 -0.669868 1.40294 -13.9288
 1538.000000 -0.552929 1.39616 -14.3942
 1539.000000 -0.592882 1.46063 -14.3786
 1540.000000 -0.455788 1.43994 -13.4857
 1541.000000 -0.572188 1.44753 -14.6296
 1542.000000 -0.540775 1.38864 -14.1614
 1543.000000 -0.409076 1.63997 -13.1145
 1544.000000 -0.724389 1.21686 -12.9795
 1545.000000 -0.666356 1.30121 -13.9788
 1546.000000 -0.390356 1.59739 -13.5167
 1547.000000 -0.524173 1.49128 -14.5724
 1548.000000 -0.681805 1.26856 -13.6141
 1549.000000 -0.743913 1.32152 -13.3877
 1550.000000 -0.45039 1.59742 -13.6909
 1551.000000 -0.50929 1.35081 -12.7876
 1552.000000 -0.623065 1.37168 -14.4868
 1553.000000 -0.371218 1.7155 -11.6067
 1554.000000 -0.571278 1.36406 -14.1752
 1555.000000 -0.528923 1.52001 -14.3047
 1556.000000 -0.73333 1.27634 -13.5816
 1557.000000 -0.58626 1.42278 -14.6391
 1558.000000 -0.438585 1.55831 -14.07
 1559.000000 -0.489296 1.53024 -14.3683
 1560.000000 -0.437586 1.55267 -14.0851
 1561.000000 -0.631673 1.2415 -12.5197
 1562.000000 -0.551574 1.41193 -14.5305
 1563.000000 -0.562797 1.49197 -14.3442
 1564.000000 -0.652965 1.39229 -14.2614
 1565.000000 -0.499363 1.44328 -14.2992
 1566.000000 -0.609174 1.45334 -14.2627
 1567.000000 -0.361857 1.61665 -13.1152
 1568.000000 -0.674861 1.33183 -14.1693
 1569.000000 -0.872763 1.29404 -10.5282
 1570.000000 -0.515094 1.53391 -14.2324
 1571.000000 -0.627839 1.2967 -13.6861
 1572.000000 -0.539437 1.518 -14.2405
 1573.000000 -0.519279 1.44353 -14.5123
 1574.000000 -0.478757 1.47631 -14.3278
 1575.000000 -0.766389 1.17505 -12.4089
 1576.000000 -0.671035 1.29449 -13.9134
 1577.000000 -0.295184 1.66036 -11.9057
 1578.000000 -0.770195 1.24938 -13.1473
 1579.000000 -0.505994 1.48573 -14.566
 1580.000000 -0.66769 1.30918 -14.0571
 1581.000000 -0.491683 1.47239 -14.4394
 1582.000000 -0.561327 1.30373 -12.7715
 1583.000000 -0.352828 1.66547 -12.6063
 1584.000000 -0.511729 1.4647 -14.5631
 1585.000000 -0.728289 1.22992 -13.185
 1586.000000 -0.634457 1.36224 -14.4297
 1587.000000 -0.624869 1.36679 -14.4647
 1588.000000 -0.811511 1.2623 -12.5032
 1589.000000 -0.629887 1.41197 -14.3918
 1590.000000 -0.535466 1.43535 -14.5809
 1591.000000 -0.74075 1.4105 -12.1488
 1592.000000 -0.495548 1.46636 -14.4425
 1593.000000 -0.56343 1.35738 -13.9746
 1594.000000 -0.566784 1.55427 -13.1184
 1595.000000 -0.4395 1.46747 -13.5856
 1596.000000 -0.408329 1.52681 -13.6544
 1597.000000 -0.514976 1.42352 -14.2825
 1598.000000 -0.638481 1.29232 -13.7111
 1599.000000 -0.596705 1.43649 -14.5391
 1600.000000 -0.533344 1.36515 -13.6362
 1601.000000 -0.51987 1.40144 -14.0527
 1602.000000 -0.654745 1.33233 -14.2421
 1603.000000 -0.66283 1.29784 -13.9331
 1604.000000 -0.613197 1.28024 -13.1616
 1605.000000 -0.586852 1.55093 -12.7636
 1606.000000 -0.730877 1.21448 -12.9622
 1607.000000 -0.515594 1.42159 -14.2677
 1608.000000 -0.430049 1.66189 -12.5221
 1609.000000 -0.652082 1.33132 -14.2381
 1610.000000 -0.580101 1.47552 -14.3557
 1611.000000 -0.558164 1.40632 -14.5306
 1612.000000 -0.496459 1.47115 -14.476
 1613.000000 -0.552558 1.42574 -14.6213
 1614.000000 -0.591776 1.4127 -14.6283
 1615.000000 -0.582563 1.44269 -14.5995
 1616.000000 -0.524365 1.49429 -14.5562
 1617.000000 -0.460138 1.6401 -12.7332
 1618.000000 -0.584184 1.58777 -11.7395
 1619.000000 -0.701369 1.37705 -13.6606
 1620.000000 -0.741273 1.35529 -13.1104
 1621.000000 -0.449322 1.49931 -14.108
 1622.000000 -0.704906 1.22691 -13.0579
 1623.000000 -0.584427 1.40924 -14.6311
 1624.000000 -0.582811 1.37945 -14.4527
 1625.000000 -0.596637 1.42651 -14.5865
 1626.000000 -0.614754 1.451 -14.2151
 1627.000000 -0.40174 1.59723 -13.6131
 1628.000000 -0.54787 1.52874 -13.9794
 1629.000000 -0.66965 1.26737 -13.5328
 1630.000000 -0.529653 1.41265 -14.3354
 1631.000000 -0.590469 1.40898 -14.6272
 1632.000000 -0.663928 1.33102 -14.2137
 1633.000000 -0.649979 1.22568 -12.4182
 1634.000000 -0.276569 1.68087 -11.4742
 1635.000000 -0.4378 1.61234 -13.501
 1636.000000 -0.449199 1.59645 -13.71
 1637.000000 -0.550988 1.33401 -13.3012
 1638.000000 -0.51243 1.5349 -14.2379
 1639.000000 -0.262606 1.76692 -10.2407
 1640.000000 -0.437389 1.63009 -13.1799
 1641.000000 -0.625691 1.3466 -14.3353
 1642.000000 -0.422226 1.45818 -13.0202
 1643.000000 -0.743908 1.27185 -13.4754
 1644.000000 -0.577999 1.37386 -14.3631
 1645.000000 -0.572686 1.60378 -11.5276
 1646.000000 -0.713532 1.10907 -10.2397
 1647.000000 -0.435395 1.56592 -14.0137
 1648.000000 -0.359082 1.57641 -13.0444
 1649.000000 -0.554905 1.46561 -14.6193
 1650.000000 -0.716426 1.28686 -13.7479
 1651.000000 -0.486156 1.49337 -14.466
 1652.000000 -0.941065 1.16971 -10.2323
 1653.000000 -0.576861 1.34181 -13.8869
 1654.000000 -0.543798 1.5183 -14.1925
 1655.000000 -0.486171 1.561 -14.0539
 1656.000000 -0.671442 1.38658 -14.0617
 1657.000000 -0.662325 1.21726 -12.397
 1658.000000 -0.52324 1.40139 -14.1029
 1659.000000 -0.53445 1.47602 -14.6236
 1660.000000 -0.616991 1.27309 -13.056
 1661.000000 -0.599816 1.39724 -14.5947
 1662.000000 -0.636241 1.48737 -13.179
 1663.000000 -0.69104 1.19324 -12.204
 1664.000000 -0.512574 1.55959 -13.8612
 1665.000000 -0.543495 1.46371 -14.6507
 1666.000000 -0.580399 1.47441 -14.3651
 1667.000000 -0.566141 1.56111 -12.9573
 1668.000000 -0.617575 1.3418 -14.2597
 1669.000000 -0.58682 1.37983 -14.4774
 1670.000000 -0.510514 1.53859 -14.2037
 1671.000000 -0.611332 1.38079 -14.5342
 1672.000000 -0.550764 1.48328 -14.5267
 1673.000000 -0.55019 1.46523 -14.6353
 1674.000000 -0.380149 1.55374 -13.3233
 1675.000000 -0.467728 1.46363 -14.0614
 1676.000000 -0.761109 1.35814 -12.5982
 1677.000000 -0.459717 1.51902 -14.2954
 1678.000000 -0.701788 1.2357 -13.1929
 1679.000000 -0.530049 1.51029 -14.4059
 1680.000000 -0.574481 1.36857 -14.2691
 1681.000000 -0.751291 1.31053 -13.3294
 1682.000000 -0.577353 1.36818 -14.2906
 1683.000000 -0.613387 1.39072 -14.5554
 1684.000000 -0.541147 1.43559 -14.6139
 1685.000000 -0.518048 1.5195 -14.3796
 1686.000000 -0.649411 1.37945 -14.3545
 1687.000000 -0.571777 1.50622 -14.0318
 1688.000000 -0.570537 1.35021 -13.9485
 1689.000000 -0.570353 1.39077 -14.4788
 1690.000000 -0.512446 1.45546 -14.5283
 1691.000000 -0.567069 1.40634 -14.5791
 1692.000000 -0.381539 1.49742 -12.6618
 1693.000000 -0.591537 1.42576 -14.6149
 1694.000000 -0.667656 1.40825 -13.9051
 1695.000000 -0.591255 1.42991 -14.604
 1696.000000 -0.484896 1.43986 -14.0475
 1697.000000 -0.617991 1.41374 -14.4913
 1698.000000 -0.509924 1.45162 -14.4844
 1699.000000 -0.674595 1.26254 -13.485
 1700.000000 -0.422941 1.45946 -13.0628
 1701.000000 -0.407841 1.58317 -13.74
 1702.000000 -0.540943 1.3504 -13.4714
 1703.000000 -0.531415 1.33377 -12.8789
 1704.000000 -0.557177 1.38202 -14.2676
 1705.000000 -0.657307 1.33038 -14.2259
 1706.000000 -0.579795 1.42508 -14.6526
 1707.000000 -0.776693 1.21172 -12.8662
 1708.000000 -0.398747 1.56964 -13.6758
 1709.000000 -0.767687 1.2668 -13.2053
 1710.000000 -0.527147 1.43729 -14.5344
 1711.000000 -0.340691 1.45465 -10.3246
 1712.000000 -0.486789 1.53534 -14.3309
 1713.000000 -0.678419 1.31787 -14.0965
 1714.000000 -0.599893 1.31384 -13.6769
 1715.000000 -0.506136 1.42804 -14.2185
 1716.000000 -0.544604 1.44767 -14.66
 1717.000000 -0.517156 1.41785 -14.2424
 1718.000000 -0.412261 1.5094 -13.567
 1719.000000 -0.540688 1.4965 -14.4743
 1720.000000 -0.707961 1.36708 -13.6449
 1721.000000 -0.573664 1.46387 -14.5263
 1722.000000 -0.628735 1.46671 -13.7516
 1723.000000 -0.481423 1.54405 -14.2625
 1724.000000 -0.432094 1.54547 -14.0522
 1725.000000 -0.328415 1.66505 -12.3947
 1726.000000 -0.61872 1.35295 -14.3716
 1727.000000 -0.585095 1.43053 -14.6303
 1728.000000 -0.487513 1.51826 -14.4373
 1729.000000 -0.573852 1.54433 -13.2178
 1730.000000 -0.629875 1.38219 -14.4842
 1731.000000 -0.683457 1.30578 -14.0078
 1732.000000 -0.552164 1.42676 -14.6243
 1733.000000 -0.452042 1.65086 -12.5575
 1734.000000 -0.382572 1.59366 -13.4458
 1735.000000 -0.306934 1.6273 -12.1464
 1736.000000 -0.612747 1.38022 -14.5309
 1737.000000 -0.488344 1.48393 -14.4595
 1738.000000 -0.719877 1.29874 -13.7614
 1739.000000 -0.742555 1.21826 -13.034
 1740.000000 -0.48529 1.44531 -14.1232
 1741.000000 -0.653994 1.4029 -14.1706
 1742.000000 -0.539804 1.4936 -14.5045
 1743.000000 -0.61407 1.43961 -14.347
 1744.000000 -0.686446 1.3628 -14.0168
 1745.000000 -0.663852 1.40128 -14.0427
 1746.000000 -0.52727 1.67797 -10.1215
 1747.000000 -0.749517 1.18783 -12.5788
 1748.000000 -0.528358 1.45367 -14.619
 1749.000000 -0.507713 1.47809 -14.5705
 1750.000000 -0.710495 1.36208 -13.648
 1751.000000 -0.401886 1.63081 -13.262
 1752.000000 -0.582665 1.49006 -14.1325
 1753.000000 -0.605368 1.40027 -14.5878
 1754.000000 -0.525912 1.50964 -14.4355
 1755.000000 -0.67201 1.28596 -13.8144
 1756.000000 -0.5639 1.20465 -9.74584
 1757.000000 -0.677289 1.34646 -14.1686
 1758.000000 -0.658622 1.41628 -13.9622
 1759.000000 -0.615263 1.39482 -14.5514
 1760.000000 -0.77795 1.25253 -13.0657
 1761.000000 -0.513092 1.60901 -12.7313
 1762.000000 -0.372562 1.54281 -13.0716
 1763.000000 -0.269026 1.73523 -10.8533
 1764.000000 -0.716672 1.25758 -13.5216
 1765.000000 -0.474917 1.45127 -14.031
 1766.000000 -0.346092 1.6725 -12.4693
 1767.000000 -0.548143 1.29536 -12.2359
 1768.000000 -0.517143 1.52694 -14.3039
 1769.000000 -0.478691 1.56452 -14.0432
 1770.000000 -0.541177 1.42093 -14.5248
 1771.000000 -0.428005 1.48508 -13.5941
 1772.000000 -0.581948 1.46204 -14.4738
 1773.000000 -0.612414 1.36658 -14.4605
 1774.000000 -0.520564 1.41451 -14.2455
 1775.000000 -0.680616 1.32783 -14.1247
 1776.000000 -0.536198 1.46832 -14.6433
 1777.000000 -0.502145 1.46838 -14.5099
 1778.000000 -0.567102 1.32555 -13.4115
 1779.000000 -0.537914 1.43618 -14.5997
 1780.000000 -0.594041 1.35553 -14.2721
 1781.000000 -0.376981 1.46019 -11.7391
 1782.000000 -0.33989 1.59587 -12.7461
 1783.000000 -0.707984 1.33784 -13.8512
 1784.000000 -0.540333 1.44605 -14.6461
 1785.000000 -0.302619 1.64041 -12.0748
 1786.000000 -0.559721 1.41729 -14.6099
 1787.000000 -0.708337 1.33772 -13.847
 1788.000000 -0.639267 1.41406 -14.2692
 1789.000000 -0.487482 1.51208 -14.4597
 1790.000000 -0.586332 1.36543 -14.3314
 1791.000000 -0.306181 1.64629 -12.1452
 1792.000000 -0.802336 1.22039 -12.6996
 1793.000000 -0.410064 1.64209 -13.0748
 1794.000000 -0.580001 1.43257 -14.644
 1795.000000 -0.697354 1.30625 -13.9508
 1796.000000 -0.505058 1.49986 -14.5374
 1797.000000 -0.48378 1.4291 -13.8718
 1798.000000 -0.642481 1.37046 -14.4143
 1799.000000 -0.598697 1.47212 -14.1662
 1800.000000 -0.498512 1.52292 -14.4132
 1801.000000 -0.582134 1.50225 -13.9437
 1802.000000 -0.621239 1.4437 -14.2115
 1803.000000 -0.605464 1.45542 -14.2866
 1804.000000 -0.550143 1.41472 -14.5419
 1805.000000 -0.852783 1.23965 -11.784
 1806.000000 -0.48242 1.53729 -14.3183
 1807.000000 -0.500888 1.47918 -14.5353
 1808.000000 -0.946951 0.873056 -7.36389
 1809.000000 -0.748246 1.29937 -13.4259
 1810.000000 -0.592773 1.41339 -14.626
 1811.000000 -0.538946 1.49762 -14.4745
 1812.000000 -0.526709 1.4593 -14.625
 1813.000000 -0.874649 1.11366 -11.2799
 1814.000000 -0.736054 1.41551 -12.1726
 1815.000000 -0.666079 1.41954 -13.7876
 1816.000000 -0.635833 1.381 -14.4516
 1817.000000 -0.629286 1.46072 -13.843
 1818.000000 -0.622957 1.44785 -14.1361
 1819.000000 -0.554834 1.38288 -14.2532
 1820.000000 -0.555796 1.42134 -14.614
 1821.000000 -0.646197 1.40001 -14.2909
 1822.000000 -0.580642 1.36095 -14.2276
 1823.000000 -0.516836 1.54868 -14.003
 1824.000000 -0.438243 1.53722 -14.112
 1825.000000 -0.656283 1.39671 -14.1901
 1826.000000 -0.964037 1.13899 -9.88967
 1827.000000 -0.805221 1.19243 -12.5159
 1828.000000 -0.680852 1.26228 -13.5164
 1829.000000 -0.521915 1.3579 -13.2517
 1830.000000 -0.740537 1.30019 -13.5311
 1831.000000 -0.392494 1.74109 -10.6362
 1832.000000 -0.530824 1.52364 -14.243
 1833.000000 -0.624704 1.37989 -14.504
 1834.000000 -0.74077 1.26906 -13.4922
 1835.000000 -0.592181 1.48825 -14.0212
 1836.000000 -0.256689 1.57828 -10.0977
 1837.000000 -0.720822 1.28321 -13.7021
 1838.000000 -0.510121 1.53714 -14.2248
 1839.000000 -0.457274 1.4057 -12.8101
 1840.000000 -0.595038 1.42315 -14.6052
 1841.000000 -0.593301 1.30674 -13.4387
 1842.000000 -0.516242 1.42552 -14.3212
 1843.000000 -0.460411 1.54384 -14.2416
 1844.000000 -0.421178 1.48667 -13.4707
 1845.000000 -0.550703 1.5044 -14.3104
 1846.000000 -0.507467 1.39873 -13.7978
 1847.000000 -0.598942 1.45711 -14.3472
 1848.000000 -0.568501 1.38393 -14.3978
 1849.000000 -0.513469 1.56849 -13.6834
 1850.000000 -0.700119 1.24214 -13.2906
 1851.000000 -0.593638 1.3751 -14.4691
 1852.000000 -0.618095 1.35965 -14.4221
 1853.000000 -0.606463 1.44361 -14.396
 1854.000000 -0.443589 1.56485 -14.0558
 1855.000000 -0.489162 1.47061 -14.4046
 1856.000000 -0.425393 1.60005 -13.6871
 1857.000000 -0.485058 1.57075 -13.9183
 1858.000000 -0.602846 1.53388 -12.8379
 1859.000000 -0.47817 1.38824 -12.9375
 1860.000000 -0.410871 1.47283 -13.0021
 1861.000000 -0.667961 1.30967 -14.0613
 1862.000000 -0.692544 1.22567 -12.9455
 1863.000000 -0.547143 1.44055 -14.6536
 1864.000000 -0.746262 1.29139 -13.4695
 1865.000000 -0.539803 1.519 -14.2232
 1866.000000 -0.471905 1.37881 -12.5384
 1867.000000 -0.702457 1.24096 -13.282
 1868.000000 -0.45464 1.4497 -13.6271
 1869.000000 -0.600929 1.34253 -14.1592
 1870.000000 -0.618205 1.40576 -14.5197
 1871.000000 -0.783517 1.20395 -12.7577
 1872.000000 -0.83612 1.34484 -10.6652
 1873.000000 -0.649098 1.30143 -13.9239
 1874.000000 -0.603334 1.5323 -12.8673
 1875.000000 -0.373694 1.64631 -12.9692
 1876.000000 -0.388596 1.59736 -13.4995
 1877.000000 -0.404354 1.59178 -13.6668
 1878.000000 -0.53952 1.48791 -14.5492
 1879.000000 -0.71137 1.34117 -13.7884
 1880.000000 -1.1355 0.914648 -6.90348
 1881.000000 -0.468373 1.45725 -13.9962
 1882.000000 -0.566619 1.41997 -14.6427
 1883.000000 -0.589388 1.42216 -14.6302
 1884.000000 -0.515103 1.49275 -14.5708
 1885.000000 -0.569001 1.4704 -14.5088
 1886.000000 -0.627081 1.45206 -14.0142
 1887.000000 -0.737954 1.28867 -13.5684
 1888.000000 -0.508241 1.4149 -14.0732
 1889.000000 -0.724772 1.23435 -13.2418
 1890.000000 -0.538522 1.44609 -14.64
 1891.000000 -0.691883 1.35711 -13.9754
 1892.000000 -0.62184 1.28983 -13.488
 1893.000000 -0.678623 1.41051 -13.6742
 1894.000000 -0.60546 1.3689 -14.4617
 1895.000000 -0.601122 1.48654 -13.9049
 1896.000000 -0.610916 1.36931 -14.476
 1897.000000 -0.670513 1.35635 -14.2177
 1898.000000 -0.709066 1.35712 -13.7164
 1899.000000 -0.539452 1.42051 -14.5081
 1900.000000 -0.364942 1.64919 -12.8856
 1901.000000 -0.581669 1.34709 -14.0354
 1902.000000 -0.529084 1.49088 -14.5652
 1903.000000 -0.569723 1.41058 -14.6126
 1904.000000 -0.625166 1.37845 -14.5
 1905.000000 -0.344585 1.73251 -11.2807
 1906.000000 -0.486672 1.39668 -13.331
 1907.000000 -0.514969 1.56119 -13.8053
 1908.000000 -0.49305 1.54278 -14.2458
 1909.000000 -0.690891 1.33197 -14.0533
 1910.000000 -0.929221 1.15154 -10.6025
 1911.000000 -0.54608 1.47861 -14.5827
 1912.000000 -0.37542 1.65464 -12.8614
 1913.000000 -0.464764 1.49793 -14.2912
 1914.000000 -0.650888 1.36112 -14.3605
 1915.000000 -0.580392 1.34062 -13.9124
 1916.000000 -0.405066 1.56137 -13.7529
 1917.000000 -0.368167 1.51976 -12.6675
 1918.000000 -0.500632 1.38233 -13.3341
 1919.000000 -0.551028 1.47597 -14.5777
 1920.000000 -0.534226 1.33135 -12.8816
 1921.000000 -0.573443 1.41146 -14.6262
 1922.000000 -0.528922 1.40519 -14.2348
 1923.000000 -0.501883 1.42657 -14.138
 1924.000000 -0.394634 1.55671 -13.5936
 1925.000000 -0.581778 1.36228 -14.2555
 1926.000000 -0.373802 1.66566 -12.6832
 1927.000000 -0.610516 1.40664 -14.5634
 1928.000000 -0.641265 1.4407 -13.9367
 1929.000000 -0.588255 1.39614 -14.5882
 1930.000000 -0.404826 1.54031 -13.6836
 1931.000000 -0.5298 1.33427 -12.8543
 1932.000000 -0.581391 1.51936 -13.6315
 1933.000000 -0.591464 1.40908 -14.6261
 1934.000000 -0.695747 1.33752 -14.0001
 1935.000000 -0.544423 1.36086 -13.7474
 1936.000000 -0.68522 1.3646 -14.0228
 1937.000000 -0.59843 1.3893 -14.569
 1938.000000 -0.710812 1.28127 -13.7444
 1939.000000 -0.830565 1.34445 -10.8513
 1940.000000 -0.572636 1.47739 -14.4116
 1941.000000 -0.450817 1.57041 -14.0258
 1942.000000 -0.624889 1.28995 -13.5275
 1943.000000 -0.628584 1.41961 -14.3521
 1944.000000 -0.65292 1.21001 -12.0525
 1945.000000 -0.566038 1.4388 -14.6663
 1946.000000 -0.559776 1.34915 -13.7736
 1947.000000 -0.551344 1.4027 -14.4475
 1948.000000 -0.56603 1.3917 -14.4576
 1949.000000 -0.608776 1.33328 -14.0958
 1950.000000 -0.573906 1.27159 -12.1697
 1951.000000 -0.568136 1.38585 -14.4152
 1952.000000 -0.367842 1.55933 -13.1148
 1953.000000 -0.343158 1.59728 -12.8177
 1954.000000 -0.590162 1.39188 -14.5707
 1955.000000 -0.587211 1.5011 -13.8822
 1956.000000 -0.645809 1.29223 -13.7686
 1957.000000 -0.678605 1.35337 -14.1461
 1958.000000 -0.527124 1.55447 -13.7823
 1959.000000 -0.494116 1.53574 -14.3139
 1960.000000 -0.822427 1.18897 -12.3386
 1961.000000 -0.52667 1.42402 -14.4225
 1962.000000 -0.696277 1.42809 -12.9806
 1963.000000 -0.808468 1.19903 -12.5344
 1964.000000 -0.384381 1.59756 -13.4544
 1965.000000 -0.569648 1.44967 -14.6317
 1966.000000 -0.62271 1.25883 -12.8061
 1967.000000 -0.449225 1.55238 -14.1532
 1968.000000 -0.561662 1.36492 -14.0743
 1969.000000 -0.613623 1.25273 -12.4867
 1970.000000 -0.352221 1.64582 -12.8194
 1971.000000 -0.41929 1.50444 -13.652
 1972.000000 -0.523771 1.5522 -13.8666
 1973.000000 -0.409454 1.54184 -13.7644
 1974.000000 -0.532683 1.57362 -13.288
 1975.000000 -0.646924 1.35122 -14.3549
 1976.000000 -0.452918 1.52494 -14.2414
 1977.000000 -0.622836 1.36638 -14.4646
 1978.000000 -0.447492 1.67466 -11.9538
 1979.000000 -0.604529 1.34951 -14.2734
 1980.000000 -0.765339 1.2606 -13.2276
 1981.000000 -0.622612 1.40013 -14.5055
 1982.000000 -0.3905 1.52602 -13.2929
 1983.000000 -0.486863 1.51748 -14.4392
 1984.000000 -0.501936 1.56047 -13.9503
 1985.000000 -0.716035 1.33301 -13.7617
 1986.000000 -0.546134 1.40026 -14.3733
 1987.000000 -0.606852 1.42402 -14.5293
 1988.000000 -0.617722 1.50657 -13.1665
 1989.000000 -0.562019 1.33786 -13.5863
 1990.000000 -0.545861 1.40582 -14.4298
 1991.000000 -0.55552 1.38988 -14.348
 1992.000000 -0.617627 1.53098 -12.5481
 1993.000000 -0.349366 1.55932 -12.694
 1994.000000 -0.769889 1.24812 -13.1464
 1995.000000 -0.55739 1.45981 -14.636
 1996.000000 -0.576247 1.42568 -14.6577
 1997.000000 -0.694516 1.35325 -13.9602
 1998.000000 -0.537208 1.55954 -13.5334
 1999.000000 -0.578931 1.55534 -12.8282
 2000.000000 -0.74304 1.32591 -13.3721
 2001.000000 -0.761573 1.44613 -10.5742
 2002.000000 -0.463753 1.49278 -14.2537
 2003.000000 -0.531155 1.43959 -14.5767
 2004.000000 -0.523528 1.42982 -14.4445
 2005.000000 -0.59891 1.40418 -14.6073
 2006.000000 -0.527736 1.48727 -14.5865
 2007.000000 -0.744565 1.25777 -13.4073
 2008.000000 -0.592905 1.37528 -14.4674
 2009.000000 -0.646623 1.42619 -14.0389
 2010.000000 -0.665557 1.34828 -14.258
 2011.000000 -0.796699 1.16448 -12.2539
 2012.000000 -0.343362 1.75054 -10.7971
 2013.000000 -0.720461 1.32482 -13.7333
 2014.000000 -0.671582 1.36924 -14.1683
 2015.000000 -0.581234 1.50273 -13.9494
 2016.000000 -0.332571 1.60024 -12.6105
 2017.000000 -0.484308 1.45243 -14.1905
 2018.000000 -0.479466 1.58545 -13.7154
 2019.000000 -0.595748 1.54752 -12.6438
 2020.000000 -0.595719 1.46118 -14.3406
 2021.000000 -0.426894 1.47909 -13.4868
 2022.000000 -0.490563 1.52313 -14.4157
 2023.000000 -0.530084 1.34302 -13.0789
 2024.000000 -0.712868 1.33053 -13.8144
 2025.000000 -0.550387 1.3263 -13.1079
 2026.000000 -0.213765 1.82602 -8.45735
 2027.000000 -0.655732 1.26094 -13.2998
 2028.000000 -0.597783 1.31672 -13.704
 2029.000000 -0.838043 1.14237 -11.8243
 2030.000000 -0.58749 1.49553 -13.9743
 2031.000000 -0.645183 1.35488 -14.3734
 2032.000000 -0.6956 1.29952 -13.9255
 2033.000000 -0.69249 1.42818 -13.0722
 2034.000000 -0.455146 1.55296 -14.172
 2035.000000 -0.602983 1.41512 -14.5853
 2036.000000 -0.518144 1.46738 -14.6036
 2037.000000 -0.824993 1.18356 -12.2807
 2038.000000 -0.62356 1.44793 -14.126
 2039.000000 -0.591701 1.43262 -14.5915
 2040.000000 -0.761992 1.37075 -12.3587
 2041.000000 -0.459282 1.42394 -13.2609
 2042.000000 -0.593332 1.31691 -13.6475
 2043.000000 -0.588198 1.32399 -13.7132
 2044.000000 -0.34766 1.53782 -12.3785
 2045.000000 -0.630412 1.34001 -14.2888
 2046.000000 -0.632456 1.40395 -14.4121
 2047.000000 -0.339552 1.65704 -12.5905
 2048.000000 -0.784648 1.23025 -12.9284
 2049.000000 -0.596359 1.46928 -14.236
 2050.000000 -0.692552 1.24246 -13.2567
 2051.000000 -0.488201 1.39314 -13.2897
 2052.000000 -0.480868 1.56231 -14.0625
 2053.000000 -0.624043 1.44353 -14.1737
 2054.000000 -0.424443 1.63845 -13.0888
 2055.000000 -0.636189 1.46665 -13.6056
 2056.000000 -0.541113 1.56428 -13.3624
 2057.000000 -0.530675 1.40353 -14.2355
 2058.000000 -0.472608 1.52409 -14.3694
 2059.000000 -0.46997 1.46213 -14.0803
 2060.000000 -0.674027 1.37581 -14.1033
 2061.000000 -0.931484 1.11299 -10.5902
 2062.000000 -0.630488 1.43222 -14.2113
 2063.000000 -0.63161 1.3723 -14.4663
 2064.000000 -0.665635 1.42725 -13.6832
 2065.000000 -0.633977 1.4028 -14.4036
 2066.000000 -0.683376 1.3077 -14.0205
 2067.000000 -0.620517 1.39587 -14.5259
 2068.000000 -0.576731 1.44653 -14.6129
 2069.000000 -0.627443 1.32807 -14.1522
 2070.000000 -0.440526 1.51151 -14.0621
 2071.000000 -0.833014 1.25789 -12.0833
 2072.000000 -0.667022 1.27329 -13.6116
 2073.000000 -0.359032 1.49521 -11.9553
 2074.000000 -0.398844 1.54262 -13.5959
 2075.000000 -0.388547 1.42039 -11.0778
 2076.000000 -0.46343 1.41908 -13.2603
 2077.000000 -0.55641 1.5089 -14.189
 2078.000000 -0.955548 1.16787 -9.8846
 2079.000000 -0.523785 1.44404 -14.5509
 2080.000000 -0.380621 1.46425 -11.9526
 2081.000000 -0.619119 1.57577 -11.1344
 2082.000000 -0.554997 1.421 -14.6087
 2083.000000 -0.709486 1.31025 -13.8729
 2084.000000 -0.685218 1.11776 -9.94265
 2085.000000 -0.527483 1.3595 -13.4042
 2086.000000 -0.3957 1.5737 -13.6365
 2087.000000 -0.574635 1.42641 -14.6596
 2088.000000 -0.65415 1.444 -13.6427
 2089.000000 -0.709729 1.32881 -13.859
 2090.000000 -0.60055 1.53909 -12.7553
 2091.000000 -0.741668 1.40484 -12.2461
 2092.000000 -0.658748 1.46338 -13.1719
 2093.000000 -0.437897 1.48911 -13.8348
 2094.000000 -0.51108 1.41849 -14.1663
 2095.000000 -0.491948 1.50957 -14.48
 2096.000000 -0.58788 1.47887 -14.2211
 2097.000000 -0.520791 1.53957 -14.1074
 2098.000000 -0.473466 1.49766 -14.3758
 2099.000000 -0.769351 1.18912 -12.6275
 2100.000000 -0.611351 1.32838 -14.0468
 2101.000000 -0.513137 1.54415 -14.1068
 2102.000000 -0.766569 1.20324 -12.8158
 2103.000000 -0.489776 1.45716 -14.3108
 2104.000000 -0.443718 1.57383 -13.9848
 2105.000000 -0.494272 1.44758 -14.277
 2106.000000 -0.450932 1.6008 -13.6355
 2107.000000 -0.494867 1.41356 -13.8231
 2108.000000 -0.573419 1.49198 -14.2256
 2109.000000 -0.537925 1.50355 -14.4241
 2110.000000 -0.669077 1.2899 -13.855
 2111.000000 -0.602466 1.40749 -14.5978
 2112.000000 -0.66637 1.35004 -14.2539
 2113.000000 -0.554427 1.48963 -14.4446
 2114.000000 -0.620074 1.37164 -14.4905
 2115.000000 -0.510789 1.47687 -14.5832
 2116.000000 -0.594963 1.47096 -14.2327
 2117.000000 -0.651414 1.32932 -14.2239
 2118.000000 -0.376604 1.53298 -13.0577
 2119.000000 -0.509426 1.53813 -14.2168
 2120.000000 -0.725099 1.56993 -7.78278
 2121.000000 -0.560563 1.49026 -14.3855
 2122.000000 -0.865003 1.24019 -11.4939
 2123.000000 -0.587089 1.41771 -14.6392
 2124.000000 -0.586134 1.39944 -14.5995
 2125.000000 -0.4519 1.4409 -13.4158
 2126.000000 -0.451472 1.52763 -14.2299
 2127.000000 -0.365245 1.70368 -11.9256
 2128.000000 -0.793584 1.35702 -11.7258
 2129.000000 -0.633917 1.30857 -13.9319
 2130.000000 -0.620641 1.33392 -14.1857
 2131.000000 -0.518747 1.45575 -14.574
 2132.000000 -0.424316 1.61115 -13.5459
 2133.000000 -0.537872 1.35217 -13.4507
 2134.000000 -0.861371 1.32763 -10.2197
 2135.000000 -0.559497 1.54535 -13.4695
 2136.000000 -0.478507 1.47398 -14.3087
 2137.000000 -0.467841 1.56213 -14.1035
 2138.000000 -0.826661 1.15599 -12.0363
 2139.000000 -0.624703 1.49225 -13.3329
 2140.000000 -0.507561 1.39987 -13.8197
 2141.000000 -0.641216 1.34249 -14.3195
 2142.000000 -0.6368 1.39996 -14.3908
 2143.000000 -0.420156 1.70623 -11.3865
 2144.000000 -0.617965 1.50714 -13.1475
 2145.000000 -0.341263 1.57837 -12.6722
 2146.000000 -0.509859 1.48599 -14.5784
 2147.000000 -0.455978 1.56919 -14.0398
 2148.000000 -0.767414 1.17113 -12.3452
 2149.000000 -0.495254 1.45272 -14.3384
 2150.000000 -0.538127 1.38125 -14.01
 2151.000000 -0.426938 1.55525 -13.9936
 2152.000000 -0.256076 1.75995 -10.3027
 2153.000000 -0.426354 1.62326 -13.3575
 2154.000000 -0.357526 1.61489 -13.0641
 2155.000000 -0.632483 1.41837 -14.3167
 2156.000000 -0.573222 1.53285 -13.4951
 2157.000000 -0.470276 1.5048 -14.3652
 2158.000000 -0.519486 1.4192 -14.2891
 2159.000000 -0.336783 1.56792 -12.4679
 2160.000000 -0.56305 1.38222 -14.3301
 2161.000000 -0.681442 1.35611 -14.1081
 2162.000000 -0.347748 1.45848 -10.6884
 2163.000000 -0.693629 1.38962 -13.6597
 2164.000000 -0.339235 1.64069 -12.7068
 2165.000000 -0.615223 1.37413 -14.5045
 2166.000000 -0.711864 1.31106 -13.8518
 2167.000000 -0.437019 1.50423 -13.9615
 2168.000000 -0.441098 1.62698 -13.2176
 2169.000000 -0.702112 1.28108 -13.7716
 2170.000000 -0.643458 1.39402 -14.3546
 2171.000000 -0.499931 1.47283 -14.5107
 2172.000000 -0.607279 1.53694 -12.6482
 2173.000000 -0.597438 1.43481 -14.5431
 2174.000000 -0.684072 1.33398 -14.1114
 2175.000000 -0.597259 1.38207 -14.5301
 2176.000000 -0.400864 1.57308 -13.6996
 2177.000000 -0.611212 1.40559 -14.5615
 2178.000000 -0.427053 1.60826 -13.5844
 2179.000000 -0.646388 1.45282 -13.648
 2180.000000 -0.601051 1.46743 -14.1969
 2181.000000 -0.393942 1.56873 -13.6114
 2182.000000 -0.65998 1.3932 -14.1681
 2183.000000 -0.629968 1.35385 -14.3936
 2184.000000 -0.647193 1.47923 -13.1024
 2185.000000 -0.749565 1.36598 -12.7629
 2186.000000 -0.476532 1.4843 -14.351
 2187.000000 -0.597248 1.53782 -12.8675
 2188.000000 -0.570608 1.48087 -14.3939
 2189.000000 -0.410859 1.56145 -13.823
 2190.000000 -0.573807 1.45547 -14.5827
 2191.000000 -0.533403 1.48556 -14.584
 2192.000000 -0.548107 1.58049 -12.8218
 2193.000000 -0.684578 1.40966 -13.5673
 2194.000000 -0.692829 1.28525 -13.825
 2195.000000 -0.448653 1.52664 -14.2045
 2196.000000 -0.577732 1.53697 -13.3141
 2197.000000 -0.567245 1.42886 -14.6636
 2198.000000 -0.595562 1.29867 -13.2979
 2199.000000 -0.568209 1.48321 -14.3916
 2200.000000 -0.651171 1.33343 -14.2533
 2201.000000 -0.520553 1.54282 -14.0598
 2202.000000 -0.559001 1.56264 -13.0664
 2203.000000 -0.486438 1.47237 -14.3871
 2204.000000 -0.483136 1.54489 -14.2519
 2205.000000 -0.605218 1.3587 -14.3744
 2206.000000 -0.546312 1.40632 -14.439
 2207.000000 -0.528488 1.4699 -14.6348
 2208.000000 -0.56399 1.31768 -13.174
 2209.000000 -0.516659 1.60905 -12.6638
 2210.000000 -0.486724 1.42686 -13.8905
 2211.000000 -0.72732 1.12342 -10.885
 2212.000000 -0.404192 1.54378 -13.6912
 2213.000000 -0.492062 1.60403 -13.1947
 2214.000000 -0.623596 1.45639 -14.0089
 2215.000000 -0.665185 1.3017 -13.9821
 2216.000000 -0.617903 1.35163 -14.3579
 2217.000000 -0.422457 1.50229 -13.6899
 2218.000000 -0.63136 1.3825 -14.4765
 2219.000000 -0.58561 1.47711 -14.2729
 2220.000000 -0.528284 1.40639 -14.2422
 2221.000000 -0.507135 1.49258 -14.561
 2222.000000 -0.548806 1.38485 -14.2094
 2223.000000 -0.634624 1.4673 -13.6254
 2224.000000 -0.737239 1.22283 -13.0945
 2225.000000 -0.657686 1.38515 -14.2484
 2226.000000 -0.71452 1.34159 -13.7393
 2227.000000 -0.473724 1.31884 -10.8225
 2228.000000 -0.44123 1.46045 -13.5135
 2229.000000 -0.361809 1.43656 -10.5901
 2230.000000 -0.850225 1.06524 -10.6296
 2231.000000 -0.753409 1.24629 -13.2766
 2232.000000 -0.502516 1.4655 -14.4998
 2233.000000 -0.442099 1.55577 -14.1014
 2234.000000 -0.489138 1.46369 -14.357
 2235.000000 -0.401633 1.59134 -13.6479
 2236.000000 -0.688706 1.20761 -12.5182
 2237.000000 -0.459292 1.56853 -14.0452
 2238.000000 -0.584465 1.41109 -14.6353
 2239.000000 -0.458441 1.41368 -13.0228
 2240.000000 -0.664697 1.48264 -12.5739
 2241.000000 -0.398822 1.58153 -13.6609
 2242.000000 -0.550193 1.48752 -14.4949
 2243.000000 -0.336147 1.60823 -12.7101
 2244.000000 -0.449434 1.48308 -13.9714
 2245.000000 -0.504164 1.47706 -14.5504
 2246.000000 -0.308375 1.67591 -12.0449
 2247.000000 -0.5553 1.50912 -14.1986
 2248.000000 -0.530625 1.44656 -14.6062
 2249.000000 -0.410231 1.60976 -13.5449
 2250.000000 -0.688109 1.30225 -13.9703
 2251.000000 -0.481269 1.48585 -14.4054
 2252.000000 -0.790846 1.16602 -12.2834
 2253.000000 -0.571542 1.44289 -14.6471
 2254.000000 -0.719039 1.24802 -13.4128
 2255.000000 -0.759925 1.20596 -12.8616
 2256.000000 -0.562255 1.44032 -14.6689
 2257.000000 -0.595307 1.30028 -13.3297
 2258.000000 -0.675564 1.33451 -14.172
 2259.000000 -0.560068 1.47645 -14.5229
 2260.000000 -0.406623 1.55366 -13.7621
 2261.000000 -0.806257 1.36262 -11.2256
 2262.000000 -0.4222 1.46148 -13.0821
 2263.000000 -0.639796 1.44162 -13.949
 2264.000000 -0.593764 1.44279 -14.5226
 2265.000000 -0.33904 1.6215 -12.7685
 2266.000000 -0.690138 1.22256 -12.861
 2267.000000 -0.546699 1.43947 -14.6497
 2268.000000 -0.509714 1.65146 -11.5078
 2269.000000 -0.509626 1.55516 -13.967
 2270.000000 -0.527863 1.45824 -14.6275
 2271.000000 -0.50958 1.47761 -14.5786
 2272.000000 -0.578789 1.40375 -14.6048
 2273.000000 -0.684715 1.17435 -11.6159
 2274.000000 -0.663976 1.31033 -14.0668
 2275.000000 -0.345529 1.40154 -8.91225
 2276.000000 -0.610294 1.46636 -14.0762
 2277.000000 -0.459635 1.43128 -13.413
 2278.000000 -0.554812 1.36084 -13.9119
 2279.000000 -0.566032 1.47213 -14.5165
 2280.000000 -0.663565 1.45628 -13.2058
 2281.000000 -0.405374 1.40033 -11.0775
 2282.000000 -0.473234 1.47501 -14.2507
 2283.000000 -0.649326 1.32243 -14.1645
 2284.000000 -0.608873 1.37813 -14.5232
 2285.000000 -0.673929 1.30996 -14.0583
 2286.000000 -0.550153 1.45343 -14.6646
 2287.000000 -0.530131 1.51313 -14.3754
 2288.000000 -0.819485 1.13242 -11.7585
 2289.000000 -0.419623 1.54532 -13.9152
 2290.000000 -0.458926 1.41868 -13.1432
 2291.000000 -0.589136 1.46847 -14.3351
 2292.000000 -0.521214 1.53815 -14.1247
 2293.000000 -0.743418 1.30082 -13.4906
 2294.000000 -0.70729 1.46106 -11.9097
 2295.000000 -0.646593 1.3611 -14.3831
 2296.000000 -0.522653 1.55867 -13.7593
 2297.000000 -0.499136 1.58297 -13.5664
 2298.000000 -0.483417 1.39573 -13.2356
 2299.000000 -0.686857 1.31605 -14.0494
 2300.000000 -0.542827 1.42194 -14.5444
 2301.000000 -0.604576 1.46723 -14.1496
 2302.000000 -0.627101 1.4794 -13.5479
 2303.000000 -0.556061 1.38715 -14.3207
 2304.000000 -0.398203 1.60006 -13.5684
 2305.000000 -0.539084 1.30774 -12.3636
 2306.000000 -0.680851 1.33264 -14.1336
 2307.000000 -0.564068 1.46988 -14.5474
 2308.000000 -0.421187 1.66263 -12.5841
 2309.000000 -0.942661 1.17353 -10.1625
 2310.000000 -0.41758 1.55262 -13.8992
 2311.000000 -0.59704 1.38758 -14.5599
 2312.000000 -0.689955 1.33035 -14.061
 2313.000000 -0.637284 1.38779 -14.4313
 2314.000000 -0.504291 1.44253 -14.3525
 2315.000000 -0.423263 1.64304 -13.0033
 2316.000000 -0.61826 1.34643 -14.3107
 2317.000000 -0.609702 1.38783 -14.5583
 2318.000000 -0.583821 1.39022 -14.543
 2319.000000 -0.525941 1.36204 -13.4283
 2320.000000 -0.584511 1.51204 -13.7228
 2321.000000 -0.600603 1.32271 -13.848
 2322.000000 -0.501974 1.39483 -13.6197
 2323.000000 -0.435184 1.49724 -13.8702
 2324.000000 -0.628909 1.34033 -14.2878
 2325.000000 -0.457462 1.35776 -11.5227
 2326.000000 -0.620311 1.36964 -14.4815
 2327.000000 -0.506357 1.54959 -14.0818
 2328.000000 -0.732441 1.35185 -13.3367
 2329.000000 -0.672364 1.29556 -13.927
 2330.000000 -0.437992 1.45962 -13.4277
 2331.000000 -0.507496 1.47355 -14.5621
 2332.000000 -0.947091 1.25403 -8.91789
 2333.000000 -0.449921 1.68321 -11.6542
 2334.000000 -0.679562 1.49097 -11.9298
 2335.000000 -0.618247 1.18223 -10.4663
 2336.000000 -0.533589 1.45041 -14.6325
 2337.000000 -0.441451 1.56795 -14.0265
 2338.000000 -0.643996 1.3539 -14.3737
 2339.000000 -0.694587 1.29923 -13.9279
 2340.000000 -0.246694 1.6494 -10.6721
 2341.000000 -0.555799 1.49352 -14.3923
 2342.000000 -0.359753 1.47322 -11.4845
 2343.000000 -0.710859 1.33341 -13.8304
 2344.000000 -0.572297 1.39839 -14.5507
 2345.000000 -0.478758 1.51345 -14.4219
 2346.000000 -0.48851 1.51087 -14.4663
 2347.000000 -0.664327 1.37819 -14.209
 2348.000000 -0.602019 1.34637 -14.2181
 2349.000000 -0.694097 1.27998 -13.7732
 2350.000000 -0.484793 1.61641 -12.9975
 2351.000000 -0.652035 1.38465 -14.3115
 2352.000000 -0.556529 1.31544 -12.9688
 2353.000000 -0.61264 1.39982 -14.5611
 2354.000000 -0.657393 1.19063 -11.5903
 2355.000000 -0.481439 1.43747 -13.9556
 2356.000000 -0.647788 1.39604 -14.2978
 2357.000000 -0.741735 1.33484 -13.3232
 2358.000000 -0.667008 1.24905 -13.1774
 2359.000000 -0.480897 1.4586 -14.2065
 2360.000000 -0.666918 1.27667 -13.6633
 2361.000000 -0.622129 1.45062 -14.1126
 2362.000000 -0.542871 1.50481 -14.3743
 2363.000000 -0.357644 1.41499 -9.79729
 2364.000000 -0.657754 1.39311 -14.1977
 2365.000000 -0.660737 1.42719 -13.7788
 2366.000000 -0.624942 1.30097 -13.7321
 2367.000000 -0.568397 1.51956 -13.8482
 2368.000000 -0.512955 1.42993 -14.3291
 2369.000000 -0.489146 1.56412 -13.9916
 2370.000000 -0.426443 1.49559 -13.6927
 2371.000000 -0.686511 1.36454 -14.0057
 2372.000000 -0.666179 1.3699 -14.2248
 2373.000000 -0.590132 1.35294 -14.2072
 2374.000000 -0.749639 1.23852 -13.2398
 2375.000000 -0.545851 1.45767 -14.6604
 2376.000000 -0.368227 1.57123 -13.1961
 2377.000000 -0.692099 1.30196 -13.9543
 2378.000000 -0.561636 1.39497 -14.4561
 2379.000000 -0.488184 1.56548 -13.9777
 2380.000000 -0.577969 1.3578 -14.157
 2381.000000 -0.51312 1.49541 -14.5602
 2382.000000 -0.602563 1.39501 -14.5862
 2383.000000 -0.622669 1.38883 -14.5192
 2384.000000 -0.335884 1.65779 -12.544
 2385.000000 -0.548216 1.3884 -14.2506
 2386.000000 -0.814856 1.23889 -12.5341
 2387.000000 -0.594144 1.2748 -12.6928
 2388.000000 -0.4824 1.48385 -14.4074
 2389.000000 -0.501787 1.63502 -12.1986
 2390.000000 -0.510341 1.48888 -14.5753
 2391.000000 -0.4184 1.58954 -13.7686
 2392.000000 -0.733354 1.29265 -13.621
 2393.000000 -0.475967 1.45404 -14.0821
 2394.000000 -0.571133 1.38559 -14.4353
 2395.000000 -0.623122 1.44712 -14.1429
 2396.000000 -0.720031 1.36477 -13.4406
 2397.000000 -0.52657 1.41822 -14.3623
 2398.000000 -0.739172 1.311 -13.5192
 2399.000000 -0.541854 1.37574 -13.9746
 2400.000000 -0.467526 1.42202 -13.4141
 2401.000000 -0.686468 1.50037 -11.4473
 2402.000000 -0.509711 1.42863 -14.2737
 2403.000000 -0.614046 1.24313 -12.2335
 2404.000000 -0.456416 1.6103 -13.4358
 2405.000000 -0.570302 1.46461 -14.5448
 2406.000000 -0.603869 1.56364 -11.9635
 2407.000000 -0.75333 1.32272 -13.2067
 2408.000000 -0.60412 1.4779 -13.9982
 2409.000000 -0.472614 1.53205 -14.3388
 2410.000000 -0.7498 1.30313 -13.3894
 2411.000000 -0.639601 1.32273 -14.1435
 2412.000000 -0.558102 1.52347 -13.9315
 2413.000000 -0.676299 1.21803 -12.6091
 2414.000000 -0.528755 1.40882 -14.2789
 2415.000000 -0.611912 1.17986 -10.2277
 2416.000000 -0.534033 1.50383 -14.4458
 2417.000000 -0.523231 1.58258 -13.2329
 2418.000000 -0.427564 1.63417 -13.1563
 2419.000000 -0.397487 1.54456 -13.5838
 2420.000000 -0.743964 1.14547 -11.6665
 2421.000000 -0.754316 1.11502 -11.0312
 2422.000000 -0.814544 1.20965 -12.5197
 2423.000000 -0.501534 1.49142 -14.5461
 2424.000000 -0.506095 1.4307 -14.2498
 2425.000000 -0.49094 1.60485 -13.1908
 2426.000000 -0.565843 1.41941 -14.639
 2427.000000 -0.385832 1.50549 -12.9102
 2428.000000 -0.370911 1.54602 -13.0665
 2429.000000 -0.709396 1.30757 -13.8694
 2430.000000 -0.528898 1.54823 -13.8761
 2431.000000 -0.82018 1.25499 -12.374
 2432.000000 -0.740245 1.26617 -13.4831
 2433.000000 -0.608448 1.28174 -13.1209
 2434.000000 -0.558861 1.58571 -12.4392
 2435.000000 -0.649163 1.47614 -13.124
 2436.000000 -0.857152 1.2333 -11.733
 2437.000000 -0.502589 1.40624 -13.84
 2438.000000 -0.832126 1.25534 -12.1227
 2439.000000 -0.572025 1.448 -14.6285
 2440.000000 -0.481974 1.50628 -14.4465
 2441.000000 -0.4348 1.58688 -13.8443
 2442.000000 -0.610894 1.46693 -14.0585
 2443.000000 -0.680799 1.38709 -13.914
 2444.000000 -0.521049 1.47305 -14.6176
 2445.000000 -0.626481 1.33845 -14.2621
 2446.000000 -0.447256 1.58889 -13.8201
 2447.000000 -0.690491 1.30454 -13.9759
 2448.000000 -0.45016 1.63874 -12.8823
 2449.000000 -0.476351 1.47809 -14.3117
 2450.000000 -0.769125 1.15023 -11.9654
 2451.000000 -0.389063 1.67511 -12.488
 2452.000000 -0.39518 1.46782 -12.4737
 2453.000000 -0.59868 1.4103 -14.6095
 2454.000000 -0.339581 1.64733 -12.6695
 2455.000000 -0.613654 1.51009 -13.1765
 2456.000000 -0.686925 1.41216 -13.4803
 2457.000000 -0.653022 1.36364 -14.3486
 2458.000000 -0.47915 1.46879 -14.2765
 2459.000000 -0.696882 1.24861 -13.3784
 2460.000000 -0.574266 1.48782 -14.2713
 2461.000000 -0.749013 1.2862 -13.4388
 2462.000000 -0.633449 1.46438 -13.7017
 2463.000000 -0.479147 1.44672 -14.0429
 2464.000000 -0.454028 1.57248 -14.0062
 2465.000000 -0.621461 1.30309 -13.7337
 2466.000000 -0.511962 1.62083 -12.4193
 2467.000000 -0.528301 1.47306 -14.6307
 2468.000000 -0.636564 1.37284 -14.4465
 2469.000000 -0.531439 1.50153 -14.4805
 2470.000000 -0.710965 1.42523 -12.6592
 2471.000000 -0.798031 1.53502 -6.4289
 2472.000000 -0.62228 1.42641 -14.3692
 2473.000000 -0.558023 1.4527 -14.6569
 2474.000000 -0.713024 1.35816 -13.6396
 2475.000000 -0.399364 1.58907 -13.6394
 2476.000000 -0.516068 1.47942 -14.6013
 2477.000000 -0.551386 1.49094 -14.4548
 2478.000000 -0.513809 1.47094 -14.5897
 2479.000000 -0.765897 1.35697 -12.4943
 2480.000000 -0.590382 1.48338 -14.1232
 2481.000000 -0.476079 1.43894 -13.881
 2482.000000 -0.604474 1.58125 -11.3846
 2483.000000 -0.682782 1.37954 -13.9513
 2484.000000 -0.541541 1.34753 -13.4206
 2485.000000 -0.451949 1.50542 -14.1783
 2486.000000 -0.419928 1.54854 -13.9234
 2487.000000 -0.443058 1.38378 -11.8303
 2488.000000 -0.743625 1.38208 -12.6415
 2489.000000 -0.694007 1.26987 -13.6619
 2490.000000 -0.367859 1.63559 -13.0501
 2491.000000 -0.63749 1.28767 -13.6209
 2492.000000 -0.472833 1.43891 -13.8199
 2493.000000 -0.805149 1.20982 -12.626
 2494.000000 -0.531104 1.5741 -13.3034
 2495.000000 -0.594259 1.29491 -13.1908
 2496.000000 -0.577576 1.41619 -14.6457
 2497.000000 -0.432359 1.59149 -13.7921
 2498.000000 -0.691769 1.35807 -13.9717
 2499.000000 -0.700371 1.42053 -13.0262
 2500.000000 -0.47953 1.47614 -14.3355
