#! FIELDS time deep5.node-0 deep5.node-1 sigma_deep5.node-0 sigma_deep5.node-1 height
#! SET action OPES_METAD_state
#! SET biasfactor                     5.5
#! SET epsilon    0.001203859994828203
#! SET kernel_cutoff       3.666666666666667
#! SET compression_threshold                       1
#! SET zed      0.0508055173361052
#! SET sum_weights       1296.220720755594
#! SET sum_weights2       7134.801986399177
#! SET counter  992
#! SET adaptive_counter  500000
#! SET sigma0_deep5.node-0     0.07599181238814855
#! SET av_cv_deep5.node-0     0.05262926971307276
#! SET av_M2_deep5.node-0        66037.3135424084
#! SET sigma0_deep5.node-1     0.06814536661397927
#! SET av_cv_deep5.node-1    -0.07270340497108793
#! SET av_M2_deep5.node-1        55559.1554040819
                   2500     0.6235307303815828    -0.0369454215893073    0.05054753987750667     0.0552636283233345      705.7061856303771
                   2500      0.725102552460251    0.03545035315994605    0.05382431939416495    0.05652820324077346       409.661958157189
                   2500     0.7069283101003051     0.2617299163114961    0.05588265945360316    0.05572006595773998      8.188050968937377
                   2500      0.606964868762307     0.3013341241125899    0.05874212280806387    0.06171066452267134      5.542179004839338
                   2500     0.6443524096202148     0.1919131907675802    0.05049873669269941    0.05648348096077974      34.91668476220956
                   2500     0.4119889607645269    -0.1019243365377632     0.0543493799147264     0.0561166691256514      22.65587493730611
                   2500     0.6860623711938404   -0.01059148849253226    0.04799397359463423    0.05190405817534271      516.6403614115458
                   2500     0.4768612614434616   -0.08681841972335494    0.04965069843564207    0.04908430407465503      77.79759806674677
                   2500     0.3288954790614073    -0.1077441222327345    0.04924509344112716    0.05028747787055154      2.772369773850182
                   2500     0.4428148444883001     0.1094518408526067    0.03395161611107905    0.03525235209213382     0.1453088824828417
                   2500      0.269178718328476   -0.04313734546303749    0.04268054604014199    0.04815909790861781    0.01719994267562533
                   2500     0.7276001994230947     0.1789317438877656    0.05514353039274789    0.05686221902806304      28.13454871098887
                   2500     0.4737552809946137     0.3354309109017481    0.04858140186551561    0.05150162517291696      1.067761851605489
                   2500     0.5562647996727046   -0.06697956083586759    0.05580639179164856    0.05711188088664654      447.6239243927157
                   2500     0.7553212646258332      0.104209870918486     0.0596529833152231    0.06163037341395544      105.0550805304063
                   2500      0.515109812174925     0.1760500819690661    0.05506329583072319    0.05938968781507354      2.338504087151407
                   2500     0.6653785976075497     0.1243753208164763    0.05064623760138318    0.05395104892921861      63.34234904051875
                   2500     0.5593477836056228     0.2328326279799473    0.05425480210985108    0.05647136435965173      4.103069923241423
                   2500     0.5938127646618917     0.1112091646757128    0.05365619470826898    0.06222475440652306      36.22782960077912
                   2500     0.5161217755255806   -0.01118872385676379    0.05418050086047568    0.05696871194848389      32.68340649927297
                   2500     0.2377850880625884    -0.1081002430540662    0.05217218063974535    0.05188021265363987     0.3132097508722228
                   2500     0.4530894777282064     0.2062640966096604     0.0501770455688221    0.05536121361219207     0.1963795611554026
                   2500     0.7470715641975403     0.3776584565639496    0.03653794037219722    0.04066699915603056    0.02004568393756172
                   2500     0.4629241824150085     0.1513921767473221    0.03574051638460204    0.03986469446777863    0.06658570282538363
                   2500     0.5266566513483484     0.3934405564184493    0.05753182798684646     0.0559496773096609     0.5054288376596564
                   2500     0.6364021839827626    0.04745226975340378    0.05343747340762514    0.05801662945115488      111.9101417014564
                   2500     0.5794095997703517    0.04406034638330902     0.0472631964796761    0.04964025964120802      86.52819073351407
                   2500     0.8349412713405725     0.3400119941445932    0.05145021268468095    0.05308112918387217    0.06492559939037006
                   2500     0.8139005303382874    0.01420352142304182    0.03132863546305473    0.03555438800283799      1.611142900879828
                   2500     0.2178376466035843      0.238375648856163    0.03089922640897016    0.03442840052915679    0.01989385879196513
                   2500     0.4017785539477884    0.08338487311782737    0.05580135489594117    0.05700938358047487     0.1925719883638691
                   2500     0.3207409977912903     0.2954545021057129    0.03035824398651329    0.03394681148009849    0.02053562138754348
                   2500     0.7527982592582703     0.3153117299079895     0.0301549060119636    0.03374151479704712      0.108393061141749
                   2500     0.6780915593159383     0.3327345424454487    0.04475852654021547    0.05025301669764376     0.3137703073476151
                   2500     0.3252813816070557     0.2188637256622314    0.02947908778261744    0.03285292524607829    0.02289280727233089
                   2500      0.412600782427797     0.4428973018379694    0.03186565983508725    0.03200256514079782    0.06614408855611736
                   2500      0.488471833055224     0.2549849808386704     0.0364320046132408    0.04885906644473818     0.1815555359844492
                   2500     0.5558046698570251     0.1643390357494354    0.02851832286796101    0.03190349982819244     0.7861675838245119
                   2500     -0.695955910686011    -0.1267919785674693    0.05232358612330473    0.05570671912741593     0.2165607956049182
                   2500    -0.8063903842692645    -0.9560383665866347    0.05745182573009665    0.06917225406643099       9.15093120456716
                   2500    -0.8293606374253035    -0.8415111205961754    0.05912511359877998    0.06506405670929997      4.888894128836863
                   2500    -0.7271997479181378    -0.9268498569700199     0.0610378878665858    0.05762734333715579     0.5117242952664742
                   2500    -0.7526166379575738    -0.8239039074861082    0.05753307540379429     0.0658742716575038      5.259726341797338
                   2500    -0.7598334027174956    -0.4554448011100813    0.05936960996115975      0.060457090864501     0.6689922762561291
                   2500    -0.7666071174452006    -0.6305805923138639    0.06039924037787184    0.06281405554406511      1.668695465825504
                   2500    -0.7885774252568267    -0.7283466665945115    0.05733829950090279    0.06177262626329699      2.599799561167957
                   2500    -0.5809564682257015    0.04692143585917536    0.05705989622495002    0.06430238153198113      0.724378297269152
                   2500    -0.6535545492766806   -0.06482030424671992    0.05653984665119042     0.0650976630875614     0.7525637541938172
                   2500    -0.7108588607964305    -0.1997948176725584    0.05262048200699469    0.06007492068905784     0.3267354786704239
                   2500    -0.7381844339153081    -0.2807867180330093    0.05390830780731064    0.06134115557527655     0.4430647892704995
                   2500    -0.7827789886499605     -1.064832107436308    0.05812835119657681    0.06952346206578465     0.9494037361262184
                   2500    -0.3944041577447871     0.2600644527384012    0.05368178177993857    0.06650188143056752     0.1477200378939719
                   2500    -0.7208906104802537     -1.065857587900253    0.05438642046527522    0.06361364449466102      0.444437171246143
                   2500    -0.7597539789954633    -0.3649042212029466     0.0533712341283035    0.05956252305761942     0.3937136802252324
                   2500    -0.7207210213807528    -0.7214042059571847    0.05510792412253206    0.05958757158400927     0.4143783509205919
                   2500    -0.8880390678163341    -0.9167020784836882    0.05916385569102655    0.05909297455909172      0.887016997857621
                   2500    -0.6620206236839294    -0.7485578656196594    0.04580850453281696    0.04991275438402334    0.01270455758658474
                   2500    -0.5235099978503621     0.1364177011321295    0.05621055416432776    0.06177999590983774     0.2502665933412563
                   2500    -0.7505786629027996    -0.5477364344860296    0.05330752621239795      0.059659537339648     0.3716670738803681
                   2500    -0.6661810278892517     -1.201279759407043    0.04507905774489191    0.05140669728608027   0.009151422242436903
                   2500    -0.6845250737904468    -0.5484023921004004    0.05532611998261691    0.05556510172685558    0.06024464389244283
                   2500     0.1619619570997002     0.3934253165803933    0.05352837958139355    0.06043524802457977    0.02422831689511194
                   2500    -0.6510058641433716    -0.2002104669809341    0.04505022141444411     0.0553938457608812    0.01699258504654197
                   2500    -0.7301193895790328     -1.160405523304045    0.05131367350744263    0.06127385256898875    0.07225076691732825
                   2500    -0.1512601524591446     0.4145561754703522    0.04348475704439113     0.0580393232224884    0.00838540603588931
                   2500    -0.8053856242708549    -0.5296991538796079    0.05650245765278931    0.06189103803146665     0.2087433643841783
                   2500    -0.4619287184435538     0.2225525177040163     0.0556585543566003    0.06565484432693758     0.1819943803700471
                   2500    -0.6783525943756104    -0.3240933418273926    0.04226577263714298    0.06261615087158778    0.02538216961076332
                   2500    -0.3528164923191071      0.187484547495842    0.04234442885071311    0.06296413477305716    0.01297021571701318
                   2500    -0.2290770245641149     0.3480566929025603    0.05665784960608917    0.06433769606274517    0.05281496668595992
                   2500     -0.870345910695921     -1.077864289940422    0.05522008404990677    0.06019939305896917     0.1173615666015349
                   2500    -0.9680882096290588    -0.9518489837646484    0.04233762745580131    0.06382852904036636     0.0209310306028075
                   2500     0.4449830858149208     0.2780713406182355    0.06005345935331802    0.05859906752054924     0.1249274162173492
                   2500     0.3127569938620971     0.4298744970163608     0.0519267135442672    0.06495976547037634    0.02690371371938582
                   2500     0.0280008427798748     0.4518495202064514    0.04958452284660727     0.0639497568149649   0.006692509685547098
                   2500      0.425165121734776     0.3977660871656625    0.06007918447752679    0.06391636089471936     0.1828691684942193
                   2500     0.3812442319201505     0.1733672889386663    0.05863939990108274    0.06017207467283159    0.03073829122988133
                   2500    -0.0959388681577235     0.4390576876341373    0.05618288445923358    0.05937746183639461    0.01408588353590896
                   2500     0.8784331290594547     0.2497947705891944    0.05826447425498257    0.05683973143810258     0.0698689465968946
                   2500     0.3649648729895626     0.3578312540260117    0.05578395876099566    0.05939162542455381    0.05683529706564873
                   2500     0.1210401132702827     0.3189134299755096    0.05215362105291407    0.05932571996843845    0.00732761841932105
                   2500     0.6952194571495056     0.3845770061016083    0.04949222253987475    0.05628257788020616    0.06871577346187392
                   2500     0.3051168918609619     0.0398748554289341      0.049194018916598    0.05592264174784929    0.01486711576863328
                   2500      0.841322492377595     0.1117264744955159    0.06443615116949425    0.05802675265298233      2.504737601211077
                   2500     0.2492250785357462     0.4617177966025556    0.05418768414617809    0.05599957622179542    0.01758552042089117
                   2500    -0.2449896037578583     0.2337925136089325    0.05196358333465972    0.05631280364029859   0.007878552888767458
                   2500    -0.6287200450897217    -0.9044670462608337    0.05192093506455805    0.05638021205154939    0.01460318729681616
                   2500    -0.1482922258918579      0.309986954673832    0.05917504029249077    0.05765078700815385    0.02415633370003053
                   2500    -0.4808712199815364    0.06817072582293508    0.05834818227151284    0.06128137696421992    0.05608994183458894
                   2500    -0.8922268748283386    -0.7457263469696045    0.05128552175837654    0.05716918250039941    0.05346564413078352
                   2500    0.06647191941738129     0.2665145695209503    0.05130566196574938     0.0573946019035055   0.007534678119917228
                   2500    -0.7426476734297146    -0.9912181382674797    0.05683376064015538    0.05815297800342444     0.7527262527334277
                   2500    -0.3233579573666606     0.3099058203108593    0.06078320746445981    0.06088668232612494    0.06936097607240151
                   2500     0.2466533462314106     0.3085753449843094    0.05979381453511669    0.05890954934318451    0.01597034229060773
                   2500     0.4335611462593079    0.03819012641906738    0.05351451470693669    0.05573946535950154     0.3890180870444605
                   2500    -0.4215728640556335    0.04992416501045227    0.05596866530158445     0.0569165731680091   0.008552396812819435
                   2500    -0.8585297465324402    -0.6912927627563477    0.05588869387246308    0.05694726336974976    0.07042596024850079
                   2500    -0.5310581922531128   -0.02641282789409161    0.05562040473243305    0.05709853785663691    0.01858072004454019
                   2500      0.270962432404211     0.2145149022682624    0.06083848415857613    0.06240241722104659    0.01530852630249213
                   2500    -0.3211759350428871     0.1195474795911878    0.05957905471224053    0.05786041989036001    0.01484697410332621
                   2500     0.3625340163707733     0.2538887858390808    0.05925960130549748     0.0568131894713678    0.01456650648558097
                   2500     0.7676090520814117  -0.004277804864367214    0.06199355510539419    0.06022526595411476      18.96883360807423
                   2500     0.5392629461935758     0.3244000087499769     0.0606922102193141    0.05603346682162155     0.3812677308618868
                   2500      0.772557009351417        0.2524287738804    0.06232885673873307    0.05820669654514587      1.470304461685668
                   2500    -0.6896423697471619    -0.4634537398815155    0.05921505428087123    0.05504732620722788    0.02489297957887704
                   2500    -0.6644030809402466    -0.8598281145095825    0.05949111723208723    0.05519653713794987    0.05637490306021477
                   2500    -0.9320123195648193    -0.8230161666870117      0.060063429716276    0.05552330658262079    0.06351064289796941
                   2500    -0.6628759503364563     -1.107881903648376    0.05990069615759384    0.05615858784991576    0.02556688999095288
                   2500    -0.8781318664550781     -1.000886201858521    0.05969444269686294    0.05622456988553529     0.1569951652677657
                   2500  -0.002145760226994753      0.395348459482193     0.0607642566841376    0.05668280222605517   0.006621556296825457
                   2500    -0.6510706543922424     -1.346962571144104    0.06083152441439536    0.05688171316291422   0.006133990929843752
                   2500    -0.8139786124229431     -1.127779603004456    0.06085818556850571    0.05699106921213444     0.0577478093264021
                   2500   -0.07578927278518677     0.3770559728145599    0.06084981235747418    0.05708936996170583   0.007354771549339357
                   2500    -0.8049958348274231     -1.189257621765137    0.06170928164698817    0.05726990762054542    0.02098685830847717
                   2500    -0.2492740750312805     0.1650578081607819    0.06170056094748222    0.05733258382265414   0.006835690813973067
                   2500     0.8032643795013428     0.1987976431846619    0.06202355916437087    0.05738624262533792     0.9517185118337319
