#! FIELDS time deep14.node-0 deep14.node-1 sigma_deep14.node-0 sigma_deep14.node-1 height
#! SET action OPES_METAD_state
#! SET biasfactor       16.03631500507211
#! SET epsilon   3.735419329000485e-08
#! SET kernel_cutoff       5.848558909940468
#! SET compression_threshold                       1
#! SET zed     0.01408037041530056
#! SET sum_weights       1413.519475214458
#! SET sum_weights2       18101.65441232807
#! SET counter  992
#! SET adaptive_counter  500000
#! SET sigma0_deep14.node-0     0.05638465821556657
#! SET av_cv_deep14.node-0      0.1631913663776503
#! SET av_M2_deep14.node-0       81420.37520689731
#! SET sigma0_deep14.node-1     0.07875546919729795
#! SET av_cv_deep14.node-1     0.09419266691749607
#! SET av_M2_deep14.node-1       82677.36380342217
                  16000    -0.8734814785609097     0.1934556227630452    0.05118004431632658    0.05225135939805154     0.9862125752207596
                  16000    -0.8319991534985639    -0.1193156886581612    0.05120527297357508    0.05489653464179439    0.03437070552014348
                  16000    -0.9794893763914482     0.2653347428602213    0.05114766780238309    0.05562632011629407      28.55323946734178
                  16000    -0.8190753791766794     0.2914668151734554    0.05206046950349866    0.05819281908932348    0.07702265737008537
                  16000     0.6289986649962513     0.3094987958307863    0.05600966560886062    0.05847018170651232      25.27041722375427
                  16000     0.7156462991133382    -0.2017628481106855    0.05465454411031748     0.0626639421129479      68.53080697692779
                  16000     0.7766137610991485    -0.5831967267236096    0.05137190370816114    0.06164243192421773      346.3984533536034
                  16000      0.597774408205027     0.8404029846125309    0.05199149451454303    0.05936766602068012      619.9594679788472
                  16000     0.6259779219520161    0.06743985802634411    0.06228528632980956    0.06502542083803695       28.7033018760871
                  16000     0.6000709899349804     0.4731704323555592    0.06034878255746404    0.06766773838791339      37.05976723704345
                  16000     0.6048837526108142      0.770024305505153    0.05292049742868379    0.06001820318493295       97.6906518020398
                  16000     0.6855005977680954     0.1431298308205781    0.06007084169789598    0.06284125755738733      5.723047481971959
                  16000     0.5734318494796753    -0.3823103904724121     0.0843710896961978    0.08010147270359222     0.0330786620943379
                  16000     0.7155152359546961      0.363713256417961    0.05185403997821671    0.06167379443548088      5.491038732320693
                  16000     0.7467097753410242    -0.4282885825020576    0.05299115573806681    0.05613698764952069       123.901941173089
                  16000     0.7399572588834695    -0.2950317195577377    0.05437227037386026    0.05796014174114329      60.06971347405255
                  16000     0.5838540257198056     0.6497749628001481    0.05154973718050863    0.06254365830560719       122.749878237352
                  16000     0.0997276955424681   -0.01584367665405919    0.05952244101556029    0.06607655741121529  3.375231265287599e-05
                  16000     0.2224523002831089    -0.1612823396435985    0.05348271455115028    0.05853522123176635   0.000557951781646319
                  16000     0.2697128774754454     0.1894919478563683    0.05785299982174307    0.05439212192560248   0.009674520857192366
                  16000     0.6979437971506161     0.7683045479913273    0.05082148053865577    0.05907701829574669      45.18480965948256
                  16000     0.6173499438221571     0.1528378124571975    0.05237993157107527    0.05944284366611792      33.99732352958898
                  16000     0.1072319833587126     0.0764229291535386    0.05835609044147733    0.06949244213747288  1.591666843472216e-06
                  16000     0.1684467046232525      0.101962630702493    0.05229872659073545    0.05455849256835121   0.003332922850271318
                  16000    0.03585804566265584    -0.1151286015538345    0.04990128028933989    0.05727839541442104  0.0001102188648782162
                  16000   -0.02427340737296921    0.07095813757920477    0.05275810970755956    0.05911030717282244  1.712046596374397e-05
                  16000     0.3809962272644043     0.7498525381088257    0.05319954723498883    0.06380218655987294    0.07254254397259612
                  16000   -0.09696782593976365    -0.2311278781279993    0.05241075772474173    0.06447890946015612  2.920637625643283e-06
                  16000     0.2705636643853242     0.2937215552436802    0.05279566515841202    0.05733647514749635   0.003920436984422755
                  16000    0.04601271823048592     0.5220519304275513    0.05309141271066538    0.06369338909946017  1.427580963703303e-07
                  16000    -0.1756159805216719     0.3949319141814808    0.05032695824583036    0.06373252095329829  6.289883390492759e-07
                  16000    -0.2800628685491365     0.1331356287765791    0.05200128619454633    0.05625282934536167   8.58852711620591e-07
                  16000    -0.9018394933247533    -0.1722149546377448    0.05102166802141225    0.05600294649180115   0.007902990225377859
                  16000    -0.8705123583128858    0.03676450546473436    0.05375390936164149    0.05589710392957109     0.2641520806443299
                  16000    -0.8180276269010475    -0.8087340666856866    0.05053553097402332    0.05813121837714978   0.004877783877267839
                  16000    -0.7610320192137093     0.1887386043235163    0.04899835275845015    0.05613838600204574   0.009056726342745031
                  16000    -0.8474389941246525    -0.7278540800272353    0.05307632344976164    0.05735329072969936   0.002206442193968086
                  16000    -0.8327519612213989    -0.4515324772265142    0.04979082419226698    0.05524941443211746   0.004274491175501605
                  16000    -0.8329704267412392    -0.5380507675775872    0.05418621914012277    0.05972427385205801   0.001194855599049947
                  16000    -0.8716561232422166     -0.314887723047221    0.04956263115292923    0.05802499097388936   0.002121940993263275
                  16000    -0.8075119198446427    -0.3351549392970918    0.05061579005870808    0.05775711340327482   0.007141226421081508
                  16000    -0.8278442975902572    -0.6514690035531031    0.04820324878353956    0.05678419844783417  0.0003326613577467032
                  16000   -0.05915307675203808     0.5576566513945462    0.04847434358327827    0.06074235140230549  7.100219503399674e-06
                  16000    -0.5782118080487397     0.5662992612169948    0.04747425574874168    0.05068413242210838  1.601859949578913e-05
                  16000     -0.930033868788427   -0.02357756830614014    0.04871897475986704    0.05286103809726243    0.03071498729418165
                  16000    -0.8963916906527815    -0.5936679387071282    0.05036496338855754    0.05800334126892411   0.003696171767219417
                  16000    -0.7530646055585757    -0.8996501941738961    0.04884689157661336    0.05581723322946155  0.0003782192364650946
                  16000    -0.6256616802478435     0.3277290579968566    0.04996975885158356    0.05226463124823762  0.0001135018005244285
                  16000      0.139757513596225     0.5104371155341666    0.04998161592664582    0.05019454298619738  9.796370941825557e-05
                  16000    -0.8154835633080501    -0.9065256293393973    0.04806647088376738    0.05139165039974557  0.0004061777371567598
                  16000    -0.7461214368701303     0.4835514314984944    0.04924322974210456    0.05145511053866379   0.005424782463678864
                  16000    -0.7043597330123491    0.09643628498252964    0.04595688453200262    0.04744828560194885   0.004314480185888351
                  16000     -0.542991217516368    0.08523821395340632    0.05204431888031828    0.05928567570239759  1.496910035470783e-06
                  16000    -0.9467752591102476     0.1345502630411344    0.05153174259541733    0.05511569445677758      1.324260269337172
                  16000    -0.6985044000786376    -0.6231678594293779    0.04598531160979909    0.04807524474790977  8.361465718943687e-05
                  16000     -0.751750159307082    -0.5753465505347505    0.05035041969447924    0.04975447342416247  0.0007220183846935321
                  16000    -0.9934349060058594    -0.3074628412723541    0.05108413893940483    0.06173599979759526   2.03445260339131e-06
                  16000    -0.7246209065079012    -0.5195069098872096    0.04829529822278853    0.05260899184937749  0.0001932887711736324
                  16000    -0.9847152233123779    -0.4621055126190186    0.05051635593370999    0.06168798647454848  7.135863856143213e-06
                  16000    -0.8897686044961727    -0.7857152863725375    0.04890346092900906    0.05103777488919865  0.0002652042192815933
                  16000    -0.3351445378133361    0.07778904694310332    0.05357506924356827    0.05282582809376821  1.194419181618384e-06
                  16000     0.3296506039117194    0.01233841997484146    0.05616938368352587    0.06265778268583036    0.03014418830156567
                  16000    -0.1169374754688544     0.2262315781323704    0.04953449570530422    0.05583995340552238  3.530478634970594e-06
                  16000    -0.3364827458059608     0.4463595426709375    0.05314421042294329    0.05447283950198432  1.199899470152231e-05
                  16000    -0.1921708755038101     0.6711241982608548    0.04803170710478141    0.05644833225910477  7.339052788759312e-07
                  16000     -0.107645974454009     0.6259561795905704    0.04837056684958145    0.06095897725132585  1.321122625380113e-06
                  16000    -0.4550899677201782     0.4150221940136259    0.05016054799761952    0.05955397580364999  2.168179888145168e-05
                  16000     0.1307597318334012     0.6207939854181334    0.05274078292610099    0.05736811141096562  4.202981641944873e-05
                  16000     -1.008026361465454    -0.1507108360528946    0.05244944113569375    0.06177678761674756  3.957557017353967e-06
                  16000    -0.2028753745385768     0.5934581376500517    0.04934223324554925    0.05167023308518833  7.583001486864266e-06
                  16000    -0.8537210534852364     0.3898307138342289    0.04691481133076428    0.04987075322869584    0.07376974866280497
                  16000    -0.9778226637353518     0.3463518164374712    0.05020961891709191    0.05296316985432385      7.547475795329129
                  16000    -0.7777218724231134    -0.6820438530545611    0.05081756073462443    0.06194160383022125  0.0001951173126017819
                  16000    -0.9276603465746455     -0.326966280266989    0.04775648066416201    0.05224499442185647   0.001054281153235313
                  16000    -0.9795188112843352    -0.2281375335584306    0.04946784536877822    0.05354368810275185  0.0003897268919700201
                  16000    -0.8016336405281129   -0.03945857931095799    0.05022008406665075    0.05398501215256903    0.04677199730683238
                  16000    -0.4510254004179096      0.214368585408395    0.05017063422563315    0.05704159513840413  8.060481981889397e-07
                  16000    -0.5001847743988037     0.6570742726325989    0.05133886960606764    0.06100459958476902  2.382234464870606e-07
                  16000    -0.2224351285547567     0.5076653056696255    0.04860024418325697    0.05768028645798361  1.211429938152658e-05
                  16000    -0.4574777895138735     0.5417871424868284    0.04860295879724455    0.05355943765401812  3.667341762914332e-05
                  16000    -0.5395178198814392      0.448090136051178    0.05127746101247365    0.06104675038034511  5.395920013975422e-06
                  16000    -0.9236287795131427    -0.4616310172351629    0.05179636801606829    0.05752697571348517   0.003685265553652046
                  16000    -0.8245078723874057    -0.2566046866190556    0.04981891217047365    0.05820227434500853   0.008807304755299684
                  16000    -0.3619239926338196    -0.6593681573867798    0.05006866280156488    0.06118981389264436  1.572944624871973e-07
                  16000    -0.6710706353187561     -0.878795862197876    0.04870146016627756    0.06039582224613157  6.062943371443022e-05
                  16000    -0.6329693028144607    -0.2730787792463554    0.04883330846459481    0.05622146269707839  6.258243129842139e-06
                  16000     0.5897254731206296     0.3998586472040385    0.05026486278701583      0.056426717626614      7.816144417391391
                  16000    -0.1794483694254051     -0.105523592080569    0.05195342708005379    0.05682131861251258  1.363942453840778e-06
                  16000    0.04919669613726055     0.1053572051265142    0.05777187243756212    0.06867751366125997  3.192385547913478e-05
                  16000     0.7821494512404223      -0.49571643079285    0.05022500304099591    0.05757397144571644      289.6161460490244
                  16000   -0.02968769893050194    -0.2100977450609207    0.05860936506196299    0.06595173213341457  1.163099414048735e-06
                  16000    0.09180893238943863    -0.1710400298857577    0.05698979088245285    0.05770706345794888   7.29949475054861e-05
                  16000    -0.1422623246908188    -0.1693013310432434    0.05848575634066672    0.06578050199564635  5.249447221844578e-07
                  16000     0.6777024810457347     0.4552827257664464    0.04887001460149266    0.05568165725736653      10.12508256875889
                  16000     0.1780157156985792   -0.01249082144752034    0.05591251931023403    0.06238117778878822     0.0007176815559715
                  16000     -0.417794106631239     0.6704384738467923    0.05126543707127491    0.05264058132107781   3.58197962657081e-06
                  16000    0.08384790271520615     0.2429369539022446    0.05718564049144773    0.06471909692673358  1.332686574300199e-05
                  16000    0.02286234541007194     0.7503184416165732    0.04913192876059443    0.05289665205222065  2.330554825876333e-06
                  16000    -0.6618080695356523      0.375748088616403    0.04886409369028952    0.05397152188470293  0.0006576495743935159
                  16000    -0.1035852528000414 -0.0003344742742295225    0.05288636890521244    0.05337880639843558  1.146862541078701e-05
                  16000     0.6864041615513421   -0.08002054481522135    0.05119664321367597    0.05658450985156282      125.1456212347242
                  16000     0.3816125452371613    0.08920364936158083    0.05500950829130451    0.05444969072065354    0.03448732564249252
                  16000      0.728062264752362     0.8763161160376649    0.04894466304493997    0.05732716067029753      7.700696441097786
                  16000     0.1650403290987015    -0.4293057322502136    0.05041213583400061    0.05814139561821501  3.141699188816478e-07
                  16000    -0.1095180817727147     0.4244462452893883    0.05060571526526522    0.05251479721800869     5.145880237324e-06
                  16000   -0.06103197395980697     0.2925083822034757    0.04869682865373745     0.0553353498642491  3.136979018614246e-06
                  16000     0.1938598617107095     0.2979136533249015     0.0499010790245449    0.05379963161332841  0.0009876835758567304
                  16000      0.394444078207016    -0.6230431199073792    0.05062099184109058    0.05799851820047378  1.703006209150082e-05
                  16000     0.6871537264355044     0.2112432544676349    0.05100119859545726    0.05429220357495611      10.89838999551645
                  16000     0.5274633790730321     0.2417828511470287    0.04929102854353501    0.05730943216406944      1.661470412610609
                  16000     -0.360383152961731    -0.4763573408126831    0.04916323362356247    0.05687315249552331  1.733261728645016e-07
                  16000     0.7766270637512207     0.1738103330135345    0.04860206819670942    0.05680642523873322      0.456752545259778
                  16000      0.656290680010024     0.3959241245921461     0.0490948887392907    0.05031430344387765      9.176163348138369
                  16000     0.6491425800429702    -0.1586169812416307    0.04949766360205091    0.04965155825548435      13.76948405326385
                  16000     0.6870934367179871     0.6741729378700256    0.04700778345091538    0.05595949370353059      3.293578662759112
                  16000     0.3287019253263027     0.4557563215553972    0.04700238421317497     0.0520167459370319   0.001607464500377629
                  16000    0.00421617991766145   0.005363950279402839    0.04933133480938388    0.05039928666108071  3.447559723462993e-05
                  16000     0.4388537406921387     0.2983837723731995    0.04567136225094273    0.05458860319959294    0.06312524914057878
                  16000     0.3542170644357382     0.2273200897751811    0.04764380117523778    0.05332004627159296   0.004820867897879908
                  16000     0.1089223317347439     0.4429020742539113    0.04661143316617997    0.05408393602900763  7.260113178537238e-06
                  16000     0.3439303338527679     0.3310596346855164    0.04534788052494167    0.05412208531537142   0.002009903341763956
                  16000    -0.1328215599060059     0.3294535577297211    0.04535412751443788    0.05409799271469833  3.888527879985429e-07
                  16000     0.2152168987797438     0.4993293255089811    0.04878196990607183    0.05168412882942155  8.523381853667408e-05
                  16000    -0.3984111566961214     0.5137608683369471    0.04893929366620324    0.05344539770256023  3.090984509083127e-05
                  16000    -0.6653651595115662     0.2426359802484512    0.04569819180616921    0.05374772917551106  2.505587005288374e-05
                  16000    -0.6785811686724641 -0.0004342527179813197    0.04984962720098288    0.05369975119619402  0.0004754467975051464
                  16000    -0.7832441911241498     0.1205534590091698    0.04846548212872482    0.05454170017369594    0.07849451355194609
                  16000    -0.6713320016860962    -0.4603878855705261    0.04642843733145327     0.0537147820662894  4.020001201284684e-06
                  16000    -0.6159637416227692     0.4590844731772186    0.04731590297874619     0.0491808108396142  0.0001051938132181948
                  16000    -0.2662241575719794     0.3449993626378118    0.04789696304901912    0.05270315295685232   1.12429835112389e-06
                  16000    0.08110973611536088     0.3829118100310298    0.04607357521863631    0.05259622295185942  1.907728706450268e-05
                  16000    -0.7311762080837103     0.2692157544871014    0.04657583601513181    0.04742589274751053   0.005290518771745863
                  16000    -0.6247379779815674    -0.3909205198287964    0.04629676295872567    0.05339414033188371  1.238957732638554e-06
                  16000    -0.3797638659975114   0.005875058096382448     0.0508083899358761    0.05013075006296771  5.766163955920296e-07
                  16000  0.0007996713057979607      0.606157517788929    0.04885649044460774    0.05308737662696589  5.628734011448483e-06
                  16000    -0.5553261637687683   -0.09507325291633606    0.04629739016021484    0.05339376823027971  4.772846497860482e-07
                  16000    0.07779876019010178     0.5974146787714675    0.04664174494112851    0.05141128362855315   2.70054197552705e-05
                  16000    -0.2834244163049009     0.5584075030536375    0.04987258446518302    0.05393523542757256   1.07876634050479e-05
                  16000    -0.9533488750457764    -0.6780751347541809    0.04628880899193751     0.0534768981270169  9.723421372992949e-05
                  16000    -0.3834599630349865     0.2371487542724766    0.04609937013897918    0.04908962156189723   1.01758142702722e-06
                  16000    -0.2317634896575592     0.7315995503442414    0.04901524794723166    0.05637760933655582  7.079153952013399e-07
                  16000    -0.3357784152030945     0.7196670174598694    0.04618248088019414    0.05345541373771585  2.780472656861735e-07
                  16000    -0.1932976438636648     0.2968386549342171    0.04774704144826863    0.05468024666513933  1.239966399238743e-06
                  16000    0.05785957869630946     0.4554689850727786    0.04747504491638968    0.05483038875764566  1.026491365922091e-05
                  16000    -0.4066840708255768      0.328478217124939    0.04608516771338072    0.05323931777710188  6.711263714567284e-07
                  16000     -0.118382275350641     0.5385267998585078    0.04878365601711826    0.05222561380117485  7.279977079034178e-06
                  16000     0.2410838666330291     0.6567102749281424    0.04865926264078476    0.05106684818243893  0.0004709196824996194
                  16000    -0.8459024815719813     0.5178984744509787    0.04686724556694227    0.05402334078022318   0.002521685931303032
                  16000    -0.5453785764466288     0.5232626940143619    0.04828424236698895    0.05692573936134179  1.528628797383131e-05
                  16000     0.2457043865185017     0.1206636873936493    0.05205789674726601    0.04967763105869361   0.006854548512481462
                  16000     -1.008636593818665   -0.07693038135766983    0.04588558636413182    0.05284615019965783  0.0001284334446214281
                  16000    -0.8368297815322876      0.155541867017746    0.04561255109164381    0.05272418383447791    0.02523265749230818
                  16000    -0.8823648523804988   -0.06752544005534028    0.04713499981430182    0.05366395660951657    0.06229462196998392
                  16000    -0.2454094737768173    0.03736157715320587    0.04519115578299344    0.05259701317854239  3.018327276798224e-07
                  16000   -0.09372104704380035    0.08097494393587112     0.0453555613651576    0.05268530920048684  2.349373651690511e-06
                  16000     0.1837585643333185      0.542214221588903    0.04980462884659001    0.05270900193281065  3.270596880587757e-05
                  16000     0.9088213443756104     0.6500294208526611    0.04685415169895903     0.0527383128825201  0.0004641918521434013
                  16000     0.9651107036595432   -0.01100245759983337    0.04797976399465693    0.05587631563517121  0.0001817396967893523
                  16000     0.9490273411633672     0.1675461933652246    0.04685326399664085    0.05345916386252713  0.0007040995737693642
                  16000     0.9632468851463575     0.3170296744860705     0.0503826151113017    0.05431110771157532  0.0003802331621219545
                  16000     0.9083776618370933      0.567467194182499    0.04748664323867684    0.05886097919226081  0.0006350319404350871
                  16000     0.9232527946374031     0.4727482794388502    0.04759536826629193    0.05350374326082561  0.0004876538924813922
                  16000     0.7996913194656372     0.7023807168006897    0.04755443384043438    0.05238034649038426     0.2777461866074331
                  16000     0.1294236183166504     0.3792625069618225    0.04730317061174395    0.05212352197451658  3.041601822614138e-05
                  16000    -0.4363112449645996    -0.3466252386569977    0.04741651895280582    0.05210668669570514  1.975335566439466e-07
                  16000     0.1538145691156387     0.6979936361312866    0.04870657978885787     0.0518947240590794  1.489591675966447e-05
                  16000    -0.2377596768676821     0.4234170916329359    0.04840878541733523     0.0531414832502416  5.527213300325152e-06
                  16000    0.07319831752521634     0.1687451671927269     0.0533264544390676    0.05166729798365971  6.631611863138528e-05
                  16000     0.7058371008912752     0.5728076092378644    0.04790708722192181    0.04920626302925742      2.475027752404358
                  16000      0.682476814238575     -0.270801814337209    0.04965390326536197    0.04856059935866868      9.772873561182665
                  16000     0.6359210014343262    -0.4531224071979523    0.04935182245581073    0.05111549681559278      1.384855369892104
                  16000     0.4172533748950202    0.03536950630153889    0.05066589789712343    0.05435731686292199    0.04816345034491505
                  16000     0.3297502398490906   -0.09653107821941376    0.04856850081422705    0.05020470765676577   0.001150551726416524
                  16000   -0.03659554259061115      0.396257136685109    0.04839348911906086    0.05080159088203578  2.543542813362398e-06
                  16000    -0.2932931184768677     0.1879175156354904     0.0485918964905634    0.05025770280389261  3.010019709382312e-07
                  16000      0.331960141658783     0.5640288591384888    0.04860268326415489    0.05026517363914426  0.0006772666927056852
                  16000    -0.7108688246102394      0.393634679465552    0.05048269733818568    0.05098827503038034   0.003518410645428306
                  16000    0.07844137400388718     0.7118566632270813    0.04877815491953682    0.05024684839041072  3.519972466599064e-06
                  16000    -0.3633959889411926     -0.147184282541275    0.04874470395536497    0.05018769276994159  2.001920460218485e-07
                  16000    -0.5054333150653643   -0.05106122609877307    0.04757438201463769    0.05035522923236525  1.166420559656883e-06
                  16000   -0.06645823270082474      0.729443371295929    0.04867000418847205    0.05011707107637181  4.884463871275403e-07
                  16000    -0.6220084428787231    -0.9867690801620483    0.04891528758209265    0.05053071220811792  4.004115611417568e-06
                  16000     -0.558070182800293    -0.5021125674247742    0.04887899942419628     0.0505210543918489  3.127904525284025e-07
                  16000    -0.7159495871855921    -0.9629788025144046    0.04872831461096823    0.04947595450734231  0.0002577787485141884
                  16000     -1.025939345359802     0.2374830693006516    0.04846674753052231    0.05041147291465303      1.463865812880748
                  16000     0.1853758400155652    -0.2169390949178851    0.05131650399635065    0.05281037590582852  0.0001797142778099213
                  16000     -0.418819397687912    -0.2096667289733887    0.04867648622313684    0.05056449157849311   2.24140695405104e-07
                  16000    -0.7326411008834839    -0.3974333703517914    0.04853784501482734    0.05059701666765114  0.0005238915492372292
                  16000     -0.772184349153841    -0.2182831605085995    0.04996502810282435    0.05262311133233162   0.004564825714139917
                  16000    -0.5607533996517483    -0.7025236679887691    0.04835545356446586     0.0559691637918095  7.323107860380722e-07
                  16000    -0.4734701812267303     -0.823157787322998    0.04841439964711389    0.05084789497535547  2.071507743163355e-07
                  16000    -0.4407176673412323    -0.7295160293579102    0.04820564687417109    0.05080540810292628  2.388002392941154e-07
                  16000  -0.009696985543725155     0.5199857989260307     0.0481994552221375    0.05605697951972122  6.580892871527836e-06
                  16000   -0.03275673786827911     0.6746598758034066     0.0495391229825804    0.05246859532182197  8.348200761264423e-06
                  16000   -0.07302598655223846      0.807637631893158    0.04821943283774607    0.05107430224826351  3.171568610054459e-07
                  16000    -0.2966821089840104     0.2408457945944685    0.04751503210043806    0.05098795665720254  1.806291130477661e-06
                  16000    -0.1590033322572708     0.7961044311523438    0.04808120370573914    0.05094938229837326  3.444232933667994e-07
                  16000    -0.8404534335350283      0.100429778158162     0.0469654753306601    0.04918661821232907      0.133407202935379
                  16000    -0.3010091781616211     -0.567281186580658    0.04807470530725955    0.05119303303395809  2.200969143457711e-07
                  16000    -0.3303908705711365    -0.3972114622592926    0.04798796350303666    0.05125493258531376  2.296373566118963e-07
                  16000    -0.7429674863815308     0.0189787782728672    0.04791803140806035    0.05122263598463887   0.008287097246133574
                  16000      0.243159921029552    0.03276987218462839     0.0480666301502072     0.0511825824623582   0.004456749519265312
                  16000     0.3166973971765963    -0.1670466677071428    0.05099754915199946    0.04901668583371879  0.0005197573057895057
                  16000     0.2335706204175949   -0.07907242327928543    0.04816106652580976     0.0511117515795985  0.0006787336753016468
                  16000    -0.4243877232074738     0.2783779501914978    0.04817581014485863    0.05107816258680838  1.303251202912137e-06
                  16000    0.04708254671959131    -0.3499097142490811     0.0479294745861252    0.05027904494217012    1.3410621139519e-06
                  16000     0.3140838444232941     0.2569812536239624    0.04821114625982911     0.0509508870745814    0.00223179061209297
                  16000    -0.1286744177341461     0.6871556639671326    0.04824621972481107     0.0508966215870592  1.579128654759256e-06
                  16000     0.6957685891268097     0.2857075297135491    0.05002505093711533    0.05077228998847905      4.833102218640803
                  16000     0.1869963147862884      0.197420707305927    0.04773575348277102    0.04974905875619918    0.00230774281806171
                  16000      0.820836045064868    -0.6279031235174457    0.05087010647777902    0.04952449021343856      33.73308530908021
                  16000   -0.03092124871909618    -0.3865136504173279    0.04872484446430564     0.0504817238604629  3.537389972536265e-07
                  16000     0.1352192800025504   -0.08577968872756059    0.04781121461362314    0.05208617506368485  0.0003110499554135909
                  16000     0.6600440316854385     0.8753536094134767     0.0483391688983448    0.04987979418488988      51.96729633892974
                  16000    0.02480941265821457     0.3490879833698273    0.04817368644401407     0.0499133772805492  4.775663840148554e-06
                  16000     0.4319186806678772     0.2358223795890808    0.04808059236653256    0.04981642109089542    0.07458431385955626
                  16000     0.3990020453929901    -0.1352466493844986    0.04774142556314877    0.04948452986262212  0.0004205008770500645
                  16000     0.3123542368412018     0.3950675427913666    0.04771542537964021    0.04945915338029525  0.0006619739269672185
                  16000     0.7486259591199416   -0.02082252738107113    0.04836562990160554    0.04914053191847495      6.167653620900626
                  16000     0.7504997253417969     0.2459597885608673     0.0473906796480643    0.04933517504407926      1.084474942412687
                  16000     0.6939325192228898    0.01868488481465154    0.04885586680182857    0.05186481495326251       34.5402346580769
                  16000     0.6907367706298828    -0.4204592406749725      0.047129244810232    0.04912597481316653      8.342396068929277
                  16000    0.04459897056221962    -0.2054488509893417    0.04647882430170393    0.04877156814887243  1.545783669436525e-05
                  16000    0.00683274120092392     0.4228261411190033    0.04657955349180553    0.04866935366605232  4.095313284495374e-06
                  16000    -0.6150667667388916     0.2673869729042053    0.04662112145262222    0.04865443501264523  6.474975927661131e-05
                  16000    -0.7004713416099548     0.4536100924015045    0.04673901913919075     0.0485797520738872  0.0004662773185744676
                  16000    -0.7836379408836365     0.3957013785839081    0.04699336150032461    0.04857671740627477   0.004559055237325168
                  16000    -0.5010598861371293     0.3625649390939198    0.04893460416677622    0.04842915157878062   1.43515995167943e-05
                  16000     0.7118511272974942    -0.3504343119528124    0.04643442889263479    0.04755311339791032      15.48517327877067
                  16000    -0.1190860323412168    -0.4490942216381404    0.04729056228258814    0.04719461856660218  5.292097453279013e-07
                  16000     0.2727620601654053     0.5290175676345825    0.04686621987679623    0.04804783694339399  0.0001442431675221544
                  16000     0.2838357985019684     0.7610436081886292    0.04684519331310071    0.04805723357558721   0.002478186362067931
                  16000      1.053308844566345    -0.1836502254009247    0.04685497624356096    0.04804755399691712  3.041163504327255e-07
                  16000     0.8597707748413086     0.4711079299449921    0.04637667765525521    0.04779253850210145   0.006929880631131289
                  16000     0.8880704641342163     0.5141380429267883    0.04637079630606211    0.04776972258904272    0.00142961139890206
                  16000     0.6380770206451416      0.630541980266571    0.04605982142895005    0.04756834399807501      8.093013316687054
                  16000    -0.7035453319549561     0.6640951037406921    0.04546921298173446    0.04696787717715102  2.841401435862522e-06
                  16000    -0.8581163883209229     0.3419720530509949     0.0455760980014769    0.04696418180364512     0.1209862910218796
                  16000     -0.142560288310051    -0.6811425089836121    0.04596960524921705    0.04694921115377407  2.233119350299285e-07
                  16000    -0.7012725472450256    -0.7056664228439331    0.04595069515837282    0.04700027769570156  3.879043401913128e-05
                  16000    -0.7665813565254211    -0.9535476565361023    0.04589586339901654    0.04713726324079542  0.0001365308703381949
                  16000    -0.5968647003173828   -0.02985790744423866    0.04573418551116028    0.04707484179751501  3.980804331958019e-05
                  16000    -0.7012366056442261     -0.153243824839592    0.04569134126457336    0.04704769023381902  0.0005116408620793035
                  16000    -0.3240198493003845   -0.01914797350764275    0.04572732004678637    0.04707589610965732  3.884920855750765e-07
                  16000    -0.1610476821660995    0.06157892569899559    0.04576322768456739    0.04705468575978498  1.282460859300881e-06
                  16000    -0.5102644562721252     0.1640360504388809    0.04605755722738916    0.04692826074540154  7.030098950096341e-07
                  16000     0.6313244104385376     0.5832440853118896    0.04625235335192974    0.04679694874301291      6.208619501848762
                  16000     0.5839228630065918     0.7130113840103149    0.04623542042528967    0.04671961166574282      18.08350019495992
                  16000      0.104443296790123    -0.3849195837974548    0.04619460751520232    0.04662846551434934  5.206590996485018e-07
                  16000    -0.1001809760928154    -0.3012571632862091    0.04618007643388174    0.04655547351126169  7.538269634963715e-07
                  16000     0.3027713298797607    -0.2647152841091156    0.04616483905605349    0.04653947913024862  3.354719427951163e-05
                  16000    0.07021121680736542    -0.2657322883605957    0.04614787974220792    0.04652541045051255  9.369027204465351e-06
                  16000    -0.2226972728967667    -0.2613931000232697    0.04601755123239411    0.04636706273043762  3.006543516060673e-07
