#! FIELDS time deep29.node-0 deep29.node-1 sigma_deep29.node-0 sigma_deep29.node-1 height logweight
#! SET action OPES_METAD_kernels
#! SET biasfactor       12.02723625380408
#! SET epsilon   2.008904905162975e-06
#! SET kernel_cutoff       5.122093479753262
#! SET compression_threshold                       1
                  15010     0.9477455615997314     -11.77504634857178      2.507381252176572      12.71691270483978  5.979173072774214e-06     -12.02723625380408
                  15011      5.666828155517578     -13.78717708587646      2.282695339107049      11.52279179278476     0.2362589865961705     -1.635322466104419
                  15012     -7.461124897003174      -7.17057466506958      2.209802612467259      11.04591859737079  8.355460921446508e-06     -11.95981070369314
                  15013       -2.1581711769104      15.50006580352783       2.34267800739103      10.62302225061904  0.0007519112997020011     -7.440753585876871
                  15014     -2.451681137084961     -7.215874195098877      2.261247712042819      10.27380592766561    0.01380077524495467     -4.599695894439453
                  15015     -13.97034454345703     -7.826607704162598      2.474399998022685      9.929630802769324  1.456477551207977e-05     -11.39756301287172
                  15016     -21.56394195556641     -1.345004081726074      2.816504566425414      9.619219098200031  1.395879333676916e-05     -11.34232088567639
                  15017     -16.75904655456543    -0.1296830177307129      2.887067605810462      9.333583537987376  0.0005278400410956357     -7.715036597448332
                  15018     -8.672869682312012     -4.607892036437988      3.014831316023084      9.041550774462245    0.01566654164742032     -4.313033031360713
                  15019     0.8804106712341309      10.45038890838623      2.862374571070449       8.55689349924044     0.1733774193690761     -2.016075351966863
                  15020      1.162457585334778     -6.069268703460693      2.613039372143471      7.748480222722899      1.412286289599911    -0.1089590200864873
                  15021      1.723477244377136      16.23066902160645      2.456114302257704      7.245359913631159     0.9207852122907794    -0.6657663514068638
                  15022       2.41946005821228     0.8455437421798706       2.42325709010012      7.140568713635382       4.12200788763202     0.8050656898717182
                  15023     0.6411676406860352            16.92578125      2.290259842876301      6.740944226130685      2.088813149169113    0.01128164977061403
                  15024       3.69786810874939      9.573718070983887      2.182026047938462      6.414547230756208      4.059423559381832     0.5776835525335535
                  15025     -0.250307559967041      9.775531768798828      2.082471335571278      6.133414471337292      3.996320970144859     0.4705014444948557
                  15026     0.2573394775390625       19.8549976348877      1.994635765336893      5.898464618638619      3.471511705770687     0.2475640206528212
                  15027      5.733922004699707      9.453516006469727      1.925320738302835      5.686914220278281      3.140817744903484    0.07556387888552006
                  15028     -4.509436130523682      19.03342437744141      1.883949288071037      5.568289497357742     0.6268863057891582      -1.57871158323787
                  15029     -1.380738258361816      19.45132064819336      1.819131417903256      5.384675751267731      5.146183484247731     0.4579919373242844
                  15030       2.65254807472229      9.918432235717773      1.771416468023146      5.245915393478931      8.162285288519342       0.86657376275874
                  15031     -12.41441822052002     -4.475592613220215      1.758005800995462       5.18056772671138   0.008361781930862672     -6.037168647268621
                  15032     -10.59671211242676     -4.520406723022461      1.844702641023872      5.106885973265538    0.01803129944409418     -5.234917930278076
                  15033     -25.21611213684082      1.005533695220947      1.924665819787307      5.034302266223393  4.061783893175522e-05     -11.30245558423178
                  15034     -24.12119483947754      2.475561857223511      1.990623913063364      4.962978564800949  0.0001170643750384973     -10.22451204046761
                  15035     -19.94747543334961      4.524327754974365      2.029460305301477      4.895734964692677   0.000426771847557309     -8.925306364760148
                  15036     -20.76161575317383      3.270557165145874      2.045016491784504      4.831412698085152  0.0008705389345495145     -8.218032981565043
                  15037     -18.35403633117676     -5.104641437530518      2.059553993645622      4.770258927956917   0.001024193508029968     -8.061139431432698
                  15038     -15.28128337860107     -3.651238918304443       2.06888411057267      4.709372309018846   0.007688012052527112     -6.053708694619889
                  15039      5.504555702209473      -15.6849479675293      2.069927187467169      4.649728493353748     0.4500796237690296     -1.996188180609757
                  15040     -3.721569061279297     -10.02983570098877      2.087456706971128      4.600994729701611     0.2589323624481221     -2.551149107518992
                  15041      6.464805603027344     -7.748080253601074      2.065664222381519       4.52930010182314     0.9420484069966277     -1.285859032925964
                  15042      8.539935111999512     -8.154670715332031      2.069430058604988      4.466317182941105     0.7576963878989941     -1.515814780625606
                  15043      5.440093994140625     -12.66012954711914      2.059341855525098      4.390055707346487      1.615067512728409    -0.7810745512388124
                  15044      6.634825706481934     -15.64603042602539      2.040305521612574      4.313212530906781      1.936448659892506    -0.6265414081151318
                  15045     -1.244829535484314     -11.46676635742188      2.025088926077828      4.252824147467812      1.043949602925954     -1.265971574859461
                  15046      3.089818954467773     -8.735482215881348       1.99034097156801       4.16495021899063      3.392508222901361    -0.1255998448883493
                  15047      5.297610759735107     -3.429465770721436      1.956258857805738      4.077443794037635      4.276450666326029    0.06744788488849539
                  15048       3.62630295753479    -0.6782085299491882      1.927708533861964       3.99897697897061      7.892104982190988     0.6460538016174636
                  15049    -0.2450060844421387      11.55419158935547      1.894434404321292      3.949337194940697      8.707064382369756     0.7144231154945367
                  15050      4.198733329772949      -12.0290470123291      1.861850282789569      3.880670440919102      4.562069135871077    0.03317530885299316
                  15051    -0.2723513841629028     -8.211570739746094      1.837521138812542       3.82177754164023      2.834345906085375    -0.4712353861576754
                  15052      -4.82089376449585     -7.098033905029297      1.827930557291969      3.782255634458506     0.3995109628389374     -2.446188699781802
                  15053     -6.044878005981445     -2.984762191772461      1.814967667901105      3.747468811054671     0.2257376066813591      -3.03341337586351
                  15054     -13.92366981506348     -9.070991516113281      1.846531418201732      3.715036275087805    0.01564189233009259     -5.694284816768383
                  15055      6.875796794891357     -6.313375473022461      1.820668872327056      3.650093200837216      5.560404099981542     0.1474477617197095
                  15056     -8.617105484008789     -7.271949768066406      1.809619365827684      3.617995559736173     0.1266560947936761     -3.649422764165392
                  15057      3.593151807785034     -11.31553173065186       1.78625864212978      3.558159854040873       8.03936841021287     0.4715376575092555
                  15058      4.151924133300781     -12.78691101074219      1.766901656506242      3.507612763257212      10.92176016176886     0.7527406907849411
                  15059      3.952515363693237      5.169723510742188      1.743413920137071      3.459508108258888      10.44623883608387     0.6810339500534885
                  15060     -0.848851203918457      20.14338493347168      1.716944620082451       3.43241997629899      7.063644551166954     0.2665933447127596
                  15061       2.59987998008728      12.94662284851074      1.693802446969891      3.397799549163547      11.10199898311086     0.6950495101817339
                  15062     -1.878654003143311     -11.25085163116455       1.67653816897003      3.370820493595598      1.969605447183082     -1.052459190904448
                  15063      5.859569549560547     -16.21687698364258      1.656015820637669      3.326533622633983      6.972308983091188     0.1861121901510337
                  15064     0.7308503389358521     -8.418899536132812      1.636846109983765      3.284559624037648      6.407849295258804     0.0773478929026314
                  15065      5.302060127258301     -14.08514022827148      1.617943634663052      3.248861412401757      13.32393566911783      0.786843002702987
                  15066      2.988302230834961     -9.807388305664062      1.601291297232156      3.217145064612481      15.89197498007186     0.9429392971312491
                  15067      5.663217067718506     -5.527281284332275      1.582220385642638      3.177012294175195      10.12918584261418     0.4680116656857013
                  15068      7.129369258880615     -14.55701923370361      1.563737206230334       3.13751158687418      9.418836297037712      0.371040473048551
                  15069      7.379764556884766      -7.52418041229248      1.545212700045258      3.098838210676979      9.716552483411167     0.3778400427457158
                  15070      3.776842594146729      7.336745262145996       1.52699264239635      3.062814789640544      11.85586756660531     0.5532777939225414
                  15071      2.110106706619263       14.0477466583252       1.50848207931007      3.046246829840927      11.08592920384233     0.4685111785708796
                  15072     -6.223544120788574      6.204473972320557      1.499974011244721      3.033347248117914    0.07636169623053686     -4.519339243852863
                  15073    -0.3672633171081543      19.63730430603027      1.483742338266708      3.019196950496069      8.367461076567144     0.1617292197736303
                  15074       5.60087776184082      6.685747623443604      1.466834074572066      3.000031588019137      9.675929288521637     0.2891908189058866
                  15075     -11.45295333862305      7.961713790893555      1.479753864663258      2.982116258245628   0.001153626497420217     -8.742515525168951
                  15076     -23.44468116760254      1.116622447967529      1.517077229509549      2.963755967704558  0.0006226319865793699     -9.340491616407137
                  15077     -19.18842887878418     -5.340941429138184      1.554889801198374      2.944768015476853   0.002249602550316314      -8.03774667662176
                  15078     -4.515773773193359     -7.064047813415527      1.551884241585868      2.926008187779641     0.7635217023282305     -2.218884468024625
                  15079      1.454672336578369      18.71810913085938      1.536635780121967       2.90129593517511       9.40662533404493     0.2739875722436182
                  15080    -0.7857608795166016      18.61238479614258      1.523383151043041      2.881910155776398      13.47654925701612      0.618158353162675
                  15081      1.459935903549194      14.16256427764893      1.509568376062882      2.866376798631386      16.75449631776728     0.8213595468118658
                  15082      4.716102123260498     -2.232881546020508      1.497211719416192      2.842093260914202      9.835538141972782     0.2719678649835591
                  15083      7.723283767700195     -7.342007160186768      1.484728407953321      2.821729747608498      11.34850766302683      0.399488528353615
                  15084     0.3436498641967773      18.71141815185547      1.474163685119922       2.80034973567543      18.71393579444899     0.8849239554562095
                  15085      1.819425582885742       18.0426197052002      1.461327402805426      2.783910451165669      18.43644904145441     0.8553517390902979
                  15086     -5.747361660003662     -3.495866775512695      1.455156312117947      2.772115270666222     0.3772982272591365     -3.042175031594016
                  15087     0.9900448322296143     -9.930124282836914      1.443877612125083      2.753446028239513      8.676081289981624    0.07857580021769492
                  15088     -4.693629264831543     -8.511255264282227      1.437206443997286      2.742892797208268     0.7541718390490015     -2.372600316191523
                  15089      6.234185218811035     -6.577784061431885       1.42704221110919      2.721893022519414      17.49020103949666     0.7563926329355912
                  15090       -4.0589919090271     -9.607475280761719      1.419938173091146      2.709606236721519      1.132649498798981     -1.990203439086406
                  15091      2.681579113006592    -0.8472668528556824      1.409095471783265      2.688811982376864      8.340339417570046  -0.009028315262870743
                  15092     -1.804272413253784     0.5065503120422363      1.402008060401708      2.674762363631881     0.7186721709948362     -2.470763569717218
                  15093     -7.133136749267578     -5.250290393829346      1.395099884758186      2.661935216315801      0.397943808048617      -3.07160474291834
                  15094     -8.838866233825684     -8.587894439697266      1.389430292638578      2.649467636527065     0.1844418098469882     -3.849348400715561
                  15095     -23.33151435852051      3.698318481445312      1.408912076492277      2.636420866026186  0.0009505366174118183     -9.108423449377828
                  15096     -15.37654399871826      8.052074432373047      1.428533937855553      2.623647323496136  0.0005081508079963125     -9.725697801659839
                  15097      5.719696998596191     -13.40358924865723      1.420306248159997      2.604366334018048      19.00115900666776     0.7903822181145403
                  15098    -0.9060558080673218     -12.28042697906494      1.416550194858212      2.589214124467947      4.729833846278947    -0.6087107187728381
                  15099      6.423663139343262      -15.7963809967041      1.408159936417246      2.570071063808279      16.50459426758772     0.6276765035723415
                  15100     -4.397686958312988     -15.25343418121338      1.403966613629218      2.560231674877392     0.3278411247583573     -3.298006556771361
                  15101      5.179157257080078     -16.87147521972656      1.394369376386573      2.541919621632405      19.24276696770717     0.7603173821126672
                  15102     -3.433187246322632     -10.68550682067871      1.387587271212091      2.528904106008286       2.12839632217966     -1.451458363525264
                  15103     -21.90822601318359     0.5487408638000488      1.394290761738582      2.517531796192491   0.001780697805467951     -8.537264790235506
                  15104      6.018614768981934     -9.292422294616699      1.392860500671659      2.503259241515326      26.57448624812443       1.06672504664835
                  15105      6.098232746124268     -12.97894191741943      1.389183939233413      2.492647864370302      32.03478833679617      1.246704801953877
                  15106       5.43465518951416      4.165512561798096      1.383102044485798      2.475220564427937      10.94083473559473     0.1609807678154686
                  15107      2.312111139297485      14.82403945922852      1.373412384427207      2.471167172701068      19.75955091098749     0.7434463066417757
                  15108      2.493451118469238      14.07995319366455      1.364127280834136      2.463055663008443      23.16750563642361     0.8924885944536228
                  15109    -0.2024517059326172      20.22094917297363      1.353598401829883      2.460506613108032      19.52662542379215     0.7127330674765162
                  15110      3.230764389038086      15.26854991912842       1.34395239342261      2.452539265490395      21.72470800758704     0.8090093019706796
                  15111     0.3253417015075684      16.68412017822266      1.335280194573156      2.446342855339904      27.60261204985781       1.03946608704454
                  15112       6.63886833190918      5.691307067871094      1.327172961498548      2.434750468061293      8.122379935249311    -0.1946611034377892
                  15113      2.087116003036499      13.70984268188477      1.320482216446801      2.422192406283078      32.26199395765257       1.17438027685377
                  15114      4.029201030731201     -13.48007965087891      1.311834295156486      2.410058642348432       27.2464869902779     0.9938223869248004
                  15115     -3.421987533569336      -4.92388391494751      1.306302117342572       2.40622086296043      1.036702853438276     -2.280876583111435
                  15116      2.862346649169922      1.253822565078735      1.298745994686768      2.395904552686513      11.23430536013848    0.09195242698694178
                  15117      2.261602878570557       14.2862491607666      1.293748814149421      2.390711750680966      39.77257765292676      1.350133186456416
                  15118     0.7639575004577637      16.99210929870605      1.286979907173887      2.386323861929351      37.24906536963672      1.277499547492673
                  15119       0.10263991355896      17.59061241149902      1.280327984942988      2.381110661115557      38.74332387800856      1.309462109106548
                  15120     0.3046598434448242      20.25219917297363      1.272328073398463      2.371935514003359      33.55773230796703      1.155642282128123
                  15121    -0.4501724243164062      15.15578269958496       1.26421643687082      2.360197336714699      31.72451286235187      1.088107732696424
                  15122      1.104524970054626   -0.04497040808200836      1.258959850381872      2.348544328542939       5.22318124889268    -0.7249914543882636
                  15123    -0.6945888996124268     -10.56114101409912      1.253514316509469      2.339232485568896      5.138533625446053    -0.7496379817266472
                  15124     -19.25791549682617      1.468024492263794      1.267617836210098       2.33330159847752   0.001928752918457795      -8.62863763326448
                  15125      1.738947868347168      2.527272939682007      1.265824325188231      2.325390032621179      8.266545921124264    -0.2703515819035683
                  15126      7.840153217315674     -9.686742782592773      1.260363130190495      2.311943528602096      15.77437148602222     0.3656952970597375
                  15127     -0.110753059387207     -8.765467643737793      1.254487910367987      2.305838885339757       6.76192738415036    -0.4886997043409477
                  15128      1.244651794433594       16.8419075012207      1.252091186734932      2.302659771343576      49.96367986460174      1.507996647421055
                  15129    -0.4742294549942017     -8.047654151916504      1.246072806955066      2.294393546006237      7.231366378253162    -0.4332862560215853
                  15130       1.38457190990448      6.113468647003174      1.239995298917838       2.28501609863967       6.82556613777606    -0.5000237250260416
                  15131     0.8602426052093506     -10.19950675964355      1.233446763548517      2.274963248886537      10.92561585001113   -0.03929316610118035
                  15132     -2.611838102340698     -3.069912672042847      1.229355295547241      2.269004479180727     0.7837734358223458      -2.67998389477461
                  15133      2.348529100418091      13.74769973754883      1.224580710846391      2.261824087419695       47.3713453509254      1.414607960712595
                  15134      -3.69887900352478      6.451866626739502      1.220406373847658      2.259174278933956     0.2006736966164976     -4.054071481502731
                  15135      3.012826204299927     -11.96394729614258      1.213822891528625      2.247910609294797      21.16716841112322     0.5940476103978815
                  15136      5.618671417236328     -15.95827484130859       1.20757270460611      2.241464580262349      28.50171286504287     0.8835263129304621
                  15137      4.466923236846924     -0.435187041759491      1.202217542058758      2.231735876172063      12.06822089838963     0.0153434598799791
                  15138       -7.7794189453125     -6.767000198364258      1.199745318628598      2.226742957203676     0.3170362298940201     -3.628269632784459
                  15139      2.633763790130615      7.018889904022217      1.194614139694399      2.217089754117872      12.20703115074993    0.01385109011579599
                  15140     -2.278474807739258     -10.77123832702637      1.190070659834055      2.210237282757336      4.688815623751526    -0.9498870921195904
                  15141      4.142720222473145      8.346355438232422      1.184600572547439      2.199602746406541      16.92149429857741     0.3240874168886749
                  15142   -0.04492044448852539       20.2731990814209      1.179107119459633       2.19642285591288      45.79968834309253      1.313685151097711
                  15143      4.038185119628906     -13.33001041412354      1.173161003377275      2.188049361336826      35.74299358461951      1.056886857311327
                  15144      6.677292346954346     -9.845975875854492      1.166955047733875      2.179435139420779      28.61486918057019     0.8252103787262716
                  15145      5.423933029174805     -7.221386909484863      1.161341824959108      2.171008279364577      25.27719143299872     0.6924905801542034
                  15146      1.831613540649414      6.138704776763916      1.156160750062174      2.163206096382515      12.28178023020234   -0.03736654642448874
                  15147     -2.982070922851562      19.85039520263672      1.151342351430426      2.162056816060802      6.463923283304188     -0.683954696452833
                  15148     -10.04627323150635     -6.078153610229492      1.148774002972897      2.157792333248829     0.1252442966187667     -4.631887826951236
                  15149     0.4355475902557373      17.61200714111328      1.152191622864328       2.15966934758672      70.65431114383158      1.707240474963839
                  15150      0.222646951675415      -5.42699146270752      1.148272940919389      2.154806683699182      5.442947197366268    -0.8618989563063106
                  15151     -5.014991760253906       8.23602294921875      1.147093235400683      2.149719706912888    0.08149921329787406     -5.066772996988351
                  15152       2.90798282623291      5.124638080596924      1.142222230784859      2.141887530871192      18.83265249584964     0.3680756810671098
                  15153     -1.315311908721924       20.7178840637207      1.136557500009337      2.133870430075884      30.64117726762937     0.8461064864438225
                  15154       7.08969259262085      1.265929818153381      1.132585948973444      2.130256080539213      3.884314422838643     -1.224487504100876
                  15155     -3.633070945739746     -7.627564430236816      1.129575666271565      2.126160011752652      2.192485492399487     -1.800984256074547
                  15156     -15.66851806640625     -8.854201316833496      1.132129097415326      2.121468081543162   0.006702094007521689     -7.591306577070178
                  15157      -19.0441951751709      2.372722864151001      1.148962475409729      2.115287269494389   0.002463526857823029     -8.580290977124879
                  15158       -24.152587890625     0.5776877403259277      1.162818720175341      2.108912765149792   0.001138076963990739     -9.343575459678778
                  15159      3.168591737747192     -6.484991550445557      1.167485684229673      2.100133853766878      11.59702905281823    -0.1145771909954538
                  15160      7.654281616210938      5.675670623779297      1.169117043922578      2.093980573399072      4.095161178017245     -1.157057959367062
                  15161      5.352818012237549     -14.56558704376221      1.166057989992119      2.085884653892836      43.40914679630036      1.197312383751506
                  15162      -6.11240816116333      14.36750888824463      1.164878947615369      2.082247468855808    0.03598659573027933     -5.900723423782899
                  15163      4.848923683166504     -12.99392414093018      1.160357100567786      2.078002072014185      52.60265134606603      1.380721545809636
                  15164     -1.177807450294495      5.602550506591797      1.157350957277605      2.073856934763356      1.716549577963846     -2.046319591510081
                  15165      2.216304302215576      5.598831176757812      1.152507188805503      2.069598811331812      19.31523953525607     0.3680092372041069
                  15166      2.810309410095215      14.68586158752441      1.148474275477752      2.062999612928387      49.08463302668824      1.293961732489864
                  15167     -7.283557891845703     -1.500100255012512      1.146181697126639      2.059294632506452     0.2016680148810895     -4.204512428158282
                  15168     -20.43242835998535     -1.618632316589355      1.157018743284428       2.05383224019304   0.002427570926038578     -8.617489730370826
                  15169     -19.51053237915039     -3.439231395721436      1.160685625168809      2.048454731061994    0.00313446050651038     -8.361381272407067
                  15170     -13.82257461547852     -1.422983407974243      1.167871314050514      2.042634543060904   0.005207601518254923       -7.8503924423864
                  15171     -13.40606689453125     -2.277553558349609      1.173418054116238      2.037081167181002   0.008171432455063845     -7.397851839290594
                  15172     -22.08326148986816     -1.004287719726562      1.173007885600256      2.031608173418132   0.002851660714506414     -8.453634443583166
                  15173     -15.06764316558838   -0.09671401977539062       1.17617148904207      2.026256815485314   0.007023184517668718      -7.55226337963115
                  15174     -22.00908851623535     0.2422714233398438      1.177726712233857      2.020738071487141   0.004306728924747437     -8.042707392622409
                  15175      6.958809852600098     -17.34250068664551      1.176511367113215      2.014038445963749      18.60341086685063     0.3238607469200595
                  15176      6.656778335571289     -18.01216316223145      1.179693750153948      2.009226633390452      20.63216633326504     0.4276764186642695
                  15177    -0.6666104793548584     -9.010486602783203      1.181996293397542      2.002768879968455      10.67375230055447    -0.2326565533693573
                  15178     -3.434499025344849      9.998688697814941       1.18043544841406      1.999245504201676     0.9522593665229804     -2.652444252839752
                  15179       3.24947190284729     -15.15060806274414      1.177733508937942      1.990672734800663       33.5085710946874     0.9016860639608851
                  15180      2.336489915847778     -11.17240715026855      1.174893230979886      1.983743180040488      21.42829042020128     0.4486951910479743
                  15181      7.332427024841309     -8.369899749755859      1.172397604742228      1.975580694988396      27.74925708358943      0.700942661462719
                  15182     -9.443690299987793     -7.782341957092285      1.170899010849568      1.971158797951441     0.2004688144821446     -4.232882823194801
                  15183     -4.897721290588379     -9.715934753417969      1.172008022228431      1.965808896139339      1.706498408440675      -2.09311376598898
                  15184       4.88421630859375      -11.8223762512207      1.170690158441245      1.959191177450072      56.38306000697456      1.400114264978926
                  15185      3.909354209899902     -10.10978698730469      1.166983468889614      1.951501589694369      40.95545119836946      1.073326558465457
                  15186      7.432052135467529     -7.306307792663574      1.164532147047619      1.943225058488224      28.60706897963489     0.7081425930058786
                  15187      7.433559417724609     -8.348665237426758      1.161399942886153        1.9353645946756      36.12476512238697     0.9347208278027261
                  15188     -12.15939712524414     -5.403634071350098      1.159754281426593      1.930773413543549    0.02510971328981924     -6.340551384009717
                  15189     -23.04718208312988      -1.50441312789917      1.172624376142305      1.926724491617632   0.003530725810914602     -8.293365788392316
                  15190     -25.16337013244629      2.480085849761963      1.182886683745842      1.922799262314806   0.001106826409507253     -9.446698253940212
                  15191     -18.63533973693848      3.037672996520996      1.184295541653255       1.92156111322336   0.002861837229494576     -8.496185090127394
                  15192     -21.90592002868652    0.01000356674194336      1.186434416876613      1.917113919902884   0.006475633291126027     -7.680115132579328
                  15193     -24.38861274719238      2.743228673934937      1.192337817923563      1.912814235464724   0.002338072844009106     -8.696116419071602
                  15194       4.54437255859375      3.747213363647461      1.193939464745813       1.90581615633804      18.32814056603548     0.2684266027476506
                  15195      3.217366456985474     -4.783668041229248      1.195150881034407      1.903838385743107      10.13235429162262    -0.3243014831986991
                  15196     -5.262373924255371     -9.068215370178223      1.193117361198031      1.899580836318026      1.734642691182634     -2.093175458332016
                  15197     -8.179836273193359     -8.266470909118652      1.190463308676368      1.895304094588079     0.3683818020166336     -3.647093180396512
                  15198      8.084288597106934      6.150286197662354      1.191944251114074      1.891151824150176      3.512588950213517      -1.39305444053451
                  15199      1.775347113609314      8.257658958435059      1.189187808618939      1.885277943036804      16.86823266059409     0.1705982777225986
                  15200     0.6281516551971436      18.38087272644043      1.188200801291453       1.88729294456824      73.09158656344549       1.63711732309666
                  15201     -9.982334136962891      9.113015174865723      1.189009053895202      1.884323582381521   0.001237287663118568     -9.350324188285073
                  15202     -7.269630432128906     -8.105173110961914      1.189696702381817      1.880894203998541     0.7027811534351335     -3.009443703890789
                  15203      2.334357261657715      15.86411285400391      1.188224730047733      1.877844913445963      60.04399492626321      1.435483037392444
                  15204     -1.563881635665894      13.52824211120605       1.18459582430871      1.876899551703336      14.48876242291831     0.0102165530046244
                  15205      2.406915187835693       15.2190580368042      1.182585746097066      1.875807870168349      69.17746780236287      1.571238310497284
                  15206      6.624893188476562      4.774797439575195      1.180310098330044      1.872959147964606      9.955452908133354    -0.3707624279598413
                  15207     -1.296992778778076      3.058326959609985      1.179074559189739      1.869102149539546      1.013489597810387     -2.658592207580843
                  15208     0.2597630023956299       18.1576042175293      1.178381797230471      1.869505958998265      85.15712527883589      1.772134753347755
                  15209      2.591691017150879     -12.45123481750488      1.174078590118417      1.866053727994988      32.24613574839367     0.7955280994612136
                  15210      8.229978561401367      5.713046073913574      1.172314017600236      1.861711033975586      4.617813269076791     -1.151782832698347
                  15211     0.2647025585174561     -10.17657470703125      1.169635781939218      1.855982573522563      14.20719003587574   -0.03332484641161332
                  15212      5.395048141479492      6.258067607879639      1.165911156739745      1.851351920090532      18.86515666826639     0.2445560166935734
                  15213    -0.7352890968322754      14.74891948699951      1.161753175805282      1.845556351958659      41.27395128367839      1.020762910549243
                  15214      3.242443561553955      1.404561281204224      1.157968733935661      1.839809137994528      17.26519708887594     0.1428422905738152
                  15215    -0.5112335085868835     -6.766486644744873      1.154926037289671      1.836910708117645      8.836376014421189    -0.5311813293150119
                  15216      4.133877277374268     -8.235267639160156      1.151080474245266       1.83330821086461       29.8497801633188     0.6808209481741568
                  15217      1.451076745986938     -12.37657451629639      1.147365045461548      1.830077721828272      19.29188290041856     0.2393312464886022
                  15218     -3.471802473068237     -2.469614744186401      1.145718567959004      1.827626917610314     0.6007706116441176     -3.232671397013028
                  15219      5.982185363769531     0.6226168870925903      1.143494400904426      1.823198001455807      8.949782213363827    -0.5358695322615613
                  15220     -4.032457828521729     -17.13189697265625      1.141362673138223      1.821429693918161     0.1390118024044951     -4.703531496706831
                  15221      5.335271835327148     -16.20147705078125      1.137154482341482      1.816281473398531      44.83116655310498      1.066044246642825
                  15222    -0.8011674284934998     -4.301565170288086      1.134828030446701      1.814055137891918       3.83744014613273     -1.395328284235726
                  15223      6.824602603912354     -9.484409332275391      1.130947008860515      1.808420944180065      45.06219857299962      1.061373455261412
                  15224    0.04719114303588867      20.25873374938965      1.128176754976883      1.807454361794762      67.67722512563871      1.465092307055457
                  15225      3.745732307434082     -6.425243377685547       1.12483246019799      1.806447799530833      17.99276238201604      0.136786391380634
                  15226     -2.119587898254395     -10.67467021942139      1.122442736259909      1.802756774978657      6.499249677781269    -0.8856685754797351
                  15227     0.9195287227630615     -1.288475751876831      1.119856157173182      1.798986706781708      5.458365669101775     -1.064606442714845
                  15228      5.517471790313721     -15.02048778533936      1.116573318322825      1.793495033966096      62.09581223278672      1.360929586684064
                  15229      4.936546802520752     -1.482748508453369      1.113607043350334      1.791992049570021      11.34089444836227    -0.3428322872883655
                  15230     -25.36961936950684      2.832329273223877       1.11978423593082       1.78876854295377   0.001911006616334084     -9.027641384308609
                  15231     -11.39285469055176     -8.077566146850586      1.124965306382387      1.785123565143038    0.06132054774111176     -5.556580130438928
                  15232    -0.4597377181053162     -6.307687759399414      1.124769713297649      1.780387691676736      9.463754125146197    -0.5203010647021424
                  15233      4.538226127624512       6.20445728302002      1.121718057462221      1.774865652254349      26.06382822130895     0.4869550108799905
                  15234      5.338692665100098      11.60844326019287      1.119322589453087      1.774506740301045      9.322167097125551    -0.5435383855221809
                  15235     -7.901193141937256     -3.691012859344482      1.117792847017811      1.772077357940766     0.3387913558276662     -3.861041926330067
                  15236     -8.291486740112305     -9.181967735290527      1.123071549277614      1.768510074251753     0.5140850690471106      -3.44134138208376
                  15237       4.94318962097168     -13.46792793273926      1.122010157427085      1.766288173764576       81.1123205612348      1.617657324081408
                  15238      2.876512765884399     -13.09035873413086      1.119075954829236      1.762329614438216      45.43361096678237      1.033212372279076
                  15239     -3.490280151367188      5.543543815612793      1.117381743503282      1.760027970969567     0.2049130354065192     -4.371031357660018
                  15240     0.7110767364501953      18.14709281921387      1.116672337161918      1.765859405515434      99.88997898362882      1.820880321207874
                  15241     -1.190761804580688      14.12417888641357      1.113321883399527      1.762010475829269      30.11374446095948     0.6166057296152839
                  15242      1.631401300430298      8.489359855651855      1.110208843248427      1.762018630107566      15.29157230120108   -0.06386957926128345
                  15243     0.1974958181381226     -6.957034587860107      1.107374684976437      1.758013571783292      12.63285445324894    -0.2597021701938734
                  15244      7.657675266265869     -8.208199501037598      1.104012290241337      1.752509760751437      39.31540192608549     0.8694366670616571
                  15245     -15.74620532989502    -0.4376025199890137      1.104021824375799      1.750444834921632   0.006873319372864234     -7.783458128374765
                  15246     -14.57203578948975     -10.27925491333008      1.107737624720246      1.747359328710326   0.007951249561434883     -7.636180403684203
                  15247     -15.30686283111572      9.882789611816406      1.111251555155581      1.744939426851764   0.000294389980763566     -10.93057812580411
                  15248     -15.26366519927979     -9.797121047973633      1.113262570917131      1.741853049113357   0.009472537914983075     -7.459293609234948
                  15249     -19.18415451049805     -1.806411266326904      1.118074665116515      1.738664649540862   0.003992573178748134     -8.320773487485685
                  15250     -11.19223117828369     -5.374591827392578      1.118739853998689      1.735424977590796    0.07774777767275996     -5.353009733881712
                  15251     -10.82626342773438     -7.096692085266113      1.118989450386712      1.732236963420324     0.1548460971230696     -4.665663631202112
                  15252      4.845951080322266     -11.59019470214844      1.119070302602727      1.728759030666706      74.29083588876929      1.505710014889369
                  15253      4.955072402954102     -11.00900840759277      1.117219573698967      1.724963369505014      76.43992226493891      1.530374321531697
                  15254      7.313188552856445    -0.7062103748321533      1.118712520118267      1.721739641897938      3.893171505041002     -1.447441861088393
                  15255     -1.435560464859009      1.734626412391663      1.118003891745367      1.720329405343259      0.774751198415476     -3.063332363874287
                  15256       -2.4935142993927      5.949252128601074      1.117009967552278      1.717544934631435       0.47981726290518      -3.54497827005076
                  15257     -2.322439670562744      6.535199165344238      1.114993729316994      1.715245402311247     0.7127219528367337      -3.15243863086189
                  15258      2.199964046478271      2.109352350234985      1.112723396440075      1.710709914085206      15.27157005588038   -0.09246777826969503
                  15259      5.270589828491211      2.721292972564697      1.110678574116684      1.705913969016336      18.94476887612504     0.1184203492198127
                  15260     -3.602076768875122     -9.594989776611328      1.108945349495093      1.703473854287724      3.464756611097299      -1.58345824543294
                  15261     -1.727708339691162     -7.172039985656738      1.106438924434923      1.700090753983492      7.787562974880687    -0.7778233843536329
                  15262         2.106201171875      15.67386341094971      1.104470163437588      1.698088623837465      77.49157759152182      1.516858592351787
                  15263     -1.081916570663452     -10.20559120178223      1.102764701073968      1.696988004050751      12.00845448114084      -0.34989342101754
                  15264      -23.0809211730957     0.5774321556091309      1.107359733083968      1.694269418854738   0.005683493926401004     -8.003138589149689
                  15265     -25.22956848144531      3.059152603149414      1.110317552620125      1.692106521037236   0.002763528654582439      -8.72280631638785
                  15266     -5.450224876403809     -9.817087173461914      1.111875608741425      1.689424745005668      1.953199601558259     -2.162274411780023
                  15267      6.999001979827881     -3.521518707275391      1.111646674613046      1.686176030352112      11.94954309777705    -0.3531809602880883
                  15268     0.4528758525848389     -10.13520050048828       1.11057936344983      1.681792037789805      18.89349054196542      0.101379517909983
                  15269     -9.986325263977051     -8.161927223205566      1.114622417985003      1.679264095509054     0.3030677025832926     -4.029107360858631
                  15270     -12.74014854431152     -4.942621231079102      1.114217402477935      1.676462835415742    0.03638744756771829     -6.150872686181366
                  15271     -6.991935253143311     -5.842071533203125       1.11545094118648      1.673549793341765      0.729224208007169     -3.153747960083437
                  15272     -4.647382736206055      9.993410110473633      1.115116072541002      1.674430893233461     0.3010680896796227     -4.038166656856549
                  15273     -3.763838768005371     -2.860761642456055      1.113328306530328      1.672033935389696     0.6920134576085372     -3.208934733521452
                  15274      5.796463489532471     -6.925585269927979      1.111585365395795      1.666983722775282      40.98213490117008      0.867759659075257
                  15275     -1.546000480651855      -5.84073543548584       1.11028053291478      1.664283323915247      7.519814700429516    -0.8306308641515507
                  15276      1.293996930122375      5.731497764587402      1.108214010227577      1.660365864130166      14.20818813790711    -0.1985735456274218
                  15277     -3.614922285079956       -8.0323486328125      1.106130288892655      1.657691949314751      4.075016670176338     -1.451010892862125
                  15278     -5.352489471435547     -9.753694534301758      1.104293069650507      1.655027938634588      2.745068028403519     -1.849350549721138
                  15279      3.260634422302246     -10.71292495727539      1.101269349762088      1.650446325141075      56.30797694982149      1.166165760527078
                  15280      3.783427238464355      13.91137599945068      1.099190188208815      1.647254799306072      38.00388761228999     0.7691926492188609
                  15281      5.593873977661133      7.008259773254395      1.096582131682279      1.648942180427188      20.21409792102661     0.1365327756323533
                  15282     -12.51479816436768     -7.840276718139648      1.095739576344056      1.647008660868143    0.05676044127058451      -5.74070506651605
                  15283     -17.61081886291504     -2.239203929901123      1.102772492143494      1.644467328014886   0.004939022336658244     -8.177523571037941
                  15284     -22.48257827758789       3.63934850692749      1.108614571947849      1.641921965960775    0.00351994619808368     -8.512510656961103
                  15285     -14.63564777374268     -8.754549026489258      1.112568229377666      1.639340685128747     0.0158364451615625     -7.006655808043509
                  15286      1.028439521789551     -4.428037166595459      1.110760313324309      1.636468762183707      6.463782294698127    -0.9983795559530708
                  15287       1.72047746181488      10.69384860992432      1.109980784273257      1.634283265294696       22.1473866456001     0.2310868758896405
                  15288    0.05844485759735107      9.029681205749512      1.108394929473189      1.633943304782559      8.018603985081679    -0.7865060733097545
                  15289      3.927910089492798      12.29474449157715       1.10638932494091       1.63142129423234      28.72214205437108     0.4860421015191568
                  15290     0.4909152984619141     -9.999271392822266      1.105725641817257      1.628450075313433      21.94685492208349     0.2145746714652983
                  15291     -4.841680526733398     0.4420830011367798      1.108103511540355      1.626077650402921     0.1697154010821751     -4.646991256052463
                  15292     0.5937745571136475      17.16741943359375      1.108457954613193      1.626752772325923      108.2991075626613      1.812272925189456
                  15293      4.473568916320801      6.825489521026611      1.106587462647183      1.623330952746959      30.52556985144854     0.5421461205824563
                  15294     -4.824140548706055      17.35724067687988      1.105114693821022      1.624101544549702     0.6514240608407985     -3.305870228926679
                  15295      2.974890947341919      11.71086025238037      1.102488487504163      1.620881730700853      39.13636181264892     0.7854124986316146
                  15296     -15.30905151367188    -0.3513951301574707      1.101848165760265        1.6198932869763   0.009737409224151521     -7.514610666003865
                  15297     -25.17093658447266      2.008977890014648      1.107462907189112      1.617898951428902   0.003909097650656763     -8.423428288921984
                  15298      1.531070590019226     -7.631465435028076      1.109696337339619      1.614671039738101      16.88334094173429   -0.05263462537187255
                  15299     -1.852340936660767      9.254035949707031      1.107949371309719      1.612913439393228      3.779748904603113     -1.551969064403611
                  15300      3.944468021392822      7.200746059417725      1.105581507642883      1.611428759085277      33.63368306600022     0.6308410269695796
                  15301     -5.275228500366211     -5.231698036193848      1.105000144033398       1.61109000313311      1.313990246253488     -2.612354738429212
                  15302      6.274181365966797     -16.23849487304688      1.102306002555775      1.608354119613058      47.44845922726923     0.9700801032947042
                  15303     0.2874050140380859      16.98472023010254       1.10250879982879      1.608777004333083      114.1732005863605      1.848599503179469
                  15304      -5.17564582824707    -0.7465329170227051      1.101628848940925      1.607752609932149     0.2853981796177824     -4.144422457969377
                  15305     -23.50647354125977        1.5858473777771      1.105937889344835      1.605495844870357   0.006834712675901798      -7.87379412811327
                  15306     -12.82939529418945     -1.875396013259888      1.107804234143328       1.60313585779738    0.01577311018729198     -7.037286836045688
                  15307     -13.46616840362549     -3.700723648071289      1.110307680598546      1.601019270655518     0.0258304682973521      -6.54310257617742
                  15308      7.545419692993164     -6.804275989532471      1.108378309877382      1.597546421511489      42.02519006904864     0.8474564613600997
                  15309      3.668041229248047      11.74355888366699      1.107524412058936      1.594221180498583      36.96836225100601     0.7163953953054881
                  15310      1.538796663284302      14.55968761444092      1.105993620526465      1.594952909624887      90.38044076412162      1.609436556499462
                  15311      4.353943824768066       14.4708890914917      1.103634320335784      1.594068475366565       32.1199081270138     0.5721945564790849
                  15312      1.920269966125488        8.0672607421875      1.101631048216702      1.592503744810773      21.91578896516136     0.1871269757135379
                  15313      3.187417268753052      12.74711608886719      1.100056094052364      1.588231927083267      63.16958191654415      1.241625790221873
                  15314      3.783380031585693     -5.131078720092773      1.098243288248135       1.58490244836454      15.55341950493548    -0.1636644018328648
                  15315     -3.074370622634888     -9.698418617248535      1.096916801865302      1.585652046196677      6.111193426409434     -1.098558548502452
                  15316     -3.609103202819824     -10.77177333831787      1.095201203697339      1.584826166478443       5.39723347195853     -1.224880347831053
                  15317      4.490420818328857     -7.766618251800537       1.09263378624143      1.583384722655646      40.60802063953652     0.7899418130137656
                  15318     -3.030344009399414     -4.965276718139648      1.091117613143306      1.582695843809325       2.61464413027586     -1.954719543485866
                  15319     -20.99624252319336      1.744609117507935       1.09405014740531      1.581074346541083   0.006174968017209148     -8.001440123559943
                  15320     -17.99792289733887    -0.6058316230773926      1.096880335968113      1.579127472541314   0.006227280268759669     -7.991652712516405
                  15321     -17.92973709106445      1.446243047714233      1.098095243868087      1.577017902793955   0.005983068582571539     -8.031888630343603
                  15322     -14.30179405212402     -11.87376403808594      1.100144017372911       1.57511743349922   0.009785853005446092     -7.539226251901002
                  15323      2.594081401824951     -9.507283210754395      1.098078911587441      1.572033462138986      38.67214772279986     0.7388721616151528
                  15324      4.930052757263184      8.876845359802246      1.096311616501215      1.568684387214262      27.64147318157196     0.3993263929183836
                  15325      4.939616203308105      5.246251583099365      1.094999068539335      1.565410897984115      36.63905909265334     0.6778370451236501
                  15326      1.618053793907166      -4.34810209274292      1.094112833969942      1.563299154705461      8.281300872412867     -0.811437336604787
                  15327      1.471363544464111     -11.62311267852783      1.092353908011225      1.561928721569767      32.32398467967035     0.5478861770507393
                  15328     -18.79935264587402      4.837806224822998      1.094146128640687      1.561064441398054   0.002383182072095769     -8.966156159866774
                  15329     -6.579968452453613     -6.489105224609375      1.094783551799055      1.559649111528241      1.198437583607383     -2.746143434968857
                  15330     -14.98262786865234     -5.515034675598145      1.097559312546799      1.557492236026105    0.01499824108581859      -7.12583612243824
                  15331      -18.3273811340332     -1.437755107879639      1.098202390853503      1.555432682925335   0.009070792318844291     -7.629446921480729
                  15332     -15.47958946228027     -4.926836013793945      1.098826337627123      1.554146773315275    0.01543134399943782     -7.098364844123959
                  15333      1.390591859817505      5.176905155181885      1.098378155953522      1.551459203925916      16.65968599091154    -0.1161572847803543
                  15334      4.468241691589355      7.558526515960693      1.096827917777135      1.549423031339677      44.91874738192796     0.8729804991859498
                  15335     -9.893503189086914     -8.662765502929688      1.096777746545533      1.547778244441153     0.3322902993105643     -4.034728896368033
                  15336     -2.940663576126099     -10.58084297180176      1.098050341594746      1.545378743986849      7.851658851432258    -0.8726496306859148
                  15337      7.204616546630859     -3.720333099365234       1.09849692752393      1.542857102802147      17.33766566734241   -0.08171955533170269
                  15338     0.8132636547088623      17.61396026611328      1.099975926143781      1.545681484197296      135.6523410596322      1.978668823139294
                  15339    -0.7802023887634277      20.83208274841309      1.097490235350542      1.544832569261518       51.5871497210842      1.009034437540607
                  15340      1.345393538475037     -3.276925325393677      1.096766621500112      1.544500525864169      7.567289984409467    -0.9112776720858324
                  15341     -20.17643547058105      4.926662445068359      1.098169852020319      1.542824161954691   0.002433376632851805     -8.953395465025308
                  15342     -12.81032943725586     -5.835365295410156      1.099107553578627       1.54113707103071    0.05549419279734934     -5.826637531958002
                  15343     -7.524651050567627     -8.968172073364258      1.099703199426076      1.539681844337827        1.0223285615643      -2.91348061722432
                  15344      4.011515140533447      15.05898571014404      1.098050759654666      1.536910013246233      45.62535055582436     0.8815943109947628
                  15345     -10.04988193511963     -2.095462322235107       1.09795357086544      1.535823744743167     0.0424552943470487     -6.098968390107971
                  15346     -20.03507804870605     -6.410773754119873      1.100297668094183      1.534099569885213   0.001717109592326987     -9.305768182591876
                  15347      -18.8158016204834      2.202494144439697      1.101408604543582      1.532194725310694   0.008063088200635997     -7.759347237022347
                  15348     -13.61037254333496      2.854263305664062      1.102196204075101      1.530374929483091   0.004005668718435223     -8.459406917001909
                  15349     -13.58915424346924     -6.118897438049316      1.102746350241055      1.528375992309887    0.04826608894840427     -5.971196249361269
                  15350     -17.92865943908691     -2.327297687530518      1.103376251175069      1.526438218686577     0.0115277397198949     -7.403866811802347
                  15351      5.315961837768555     -2.419980525970459      1.103209227595723      1.524194619504457      12.23073680436225     -0.438537913748976
                  15352    -0.5938928127288818     -7.825015544891357      1.103798106082809      1.521201630932923      19.74448678815859    0.03895225648518253
                  15353      9.656533241271973     -11.99784469604492      1.104801980797347      1.520731133450521      3.839809868281957     -1.597899475361368
                  15354    -0.2684166431427002      -11.6450252532959      1.105642302926843      1.518677396256466      19.60920211977803    0.03208553837073187
                  15355      3.144522190093994     -7.530393123626709      1.103455990612545      1.515464182111169      33.05050830480092     0.5500261218604063
                  15356     0.6054726839065552      4.267331600189209      1.104020586720695      1.513577973773316      9.785666693723249    -0.6678259764817086
                  15357     -2.993775367736816     -10.71015167236328      1.103292771407287      1.511620775950724      9.509467621266666    -0.6984102035750724
                  15358     -2.979830741882324     -8.484844207763672       1.10151319064835      1.509381672902265      9.652269289403907    -0.6866016829333951
                  15359     -3.131168603897095      16.60633087158203      1.099898748268307      1.512195006701305      7.117343553551634    -0.9908647412782329
                  15360      3.620256900787354     -8.405210494995117      1.097818270943345       1.50939739689811       52.1974825213719     0.9978899113300403
                  15361      3.522257804870605      7.028887271881104       1.09644214251816       1.50685870705263      48.54297631931622     0.9223675232866888
                  15362    -0.5630791187286377     -10.87193489074707      1.094863606965585       1.50479181568509        24.813432098564     0.2484898079335291
                  15363     -17.74895286560059      6.204291343688965      1.096260775170076      1.503271685455608   0.001217761318353593     -9.673371811857798
                  15364     -19.86216163635254      1.267613172531128      1.097917310056299      1.502101208166244    0.01010214026728632     -7.556907677282715
                  15365      4.412563323974609     -14.27146816253662      1.097298831284987      1.499927544101233      96.96921895227962      1.610482281356014
                  15366     -3.097892761230469      16.82765769958496      1.096450026424301      1.499413846246403      8.643251891845447    -0.8082488080942458
                  15367      2.884490251541138     -3.799012184143066        1.0947326832809      1.498505939663366       14.7112695063122    -0.2785870580714275
                  15368      4.057062149047852     -4.771085739135742      1.093114612422434      1.495874009611985      22.53324426183831     0.1445537920905491
                  15369     -1.770811080932617      6.547747135162354      1.091782778803207      1.494546501263854      1.561549108277399     -2.526866570453494
                  15370     -7.249714851379395     -8.587682723999023      1.090577060865235      1.493441934938306      1.467088871520791      -2.59110914437027
                  15371     -5.757039070129395     -4.493127822875977      1.089291639847043      1.492332386395994      1.051944717440312     -2.925671239027333
                  15372       2.80656099319458      8.811101913452148      1.087040601930998      1.489569379719379      38.71422895961279     0.6759735655073514
                  15373      3.899925947189331      7.545122146606445      1.084757007358813      1.488109935652236      60.11195454463653      1.112891882042013
                  15374      2.754121065139771     -9.215715408325195      1.082716926385257      1.485308784798632      53.48242061247624     0.9922695831217854
                  15375      4.055586338043213     -5.987436294555664      1.080402025771355      1.482631599773015      36.21542382581564     0.5984572640084201
                  15376        7.9598388671875       3.72819972038269      1.079645966239987      1.481402839053459      5.252501971540513     -1.333852460829707
                  15377      1.036853671073914     -2.149187564849854      1.078854133568537      1.479464676609228      7.582626062916487    -0.9687402775832142
                  15378      7.366794109344482     -8.109285354614258      1.076812149799138         1.477254591973       57.4936792743251      1.053685667547683
                  15379      3.818315505981445     -12.62393474578857      1.075344806008432      1.475595631083462      100.7291876170321      1.611959019516233
                  15380      3.653902530670166      12.16641426086426      1.073133708216608       1.47302306904753      58.74483227228505      1.068923382576282
                  15381    -0.7525992393493652      11.70123291015625      1.071377355457679      1.472853454341575      18.78598602855797   -0.07292179006745486
                  15382      2.807519197463989       4.59093189239502       1.06902486483439      1.472877559482695      36.60260219796903     0.5919045673155239
                  15383      4.081258296966553      11.57943820953369       1.06688062459663      1.470460063453519      51.31770751561752     0.9261706037655311
                  15384      3.312042951583862     -1.237306833267212      1.065036615223964      1.469682900082549      14.34138936961996    -0.3509741108069953
                  15385     -21.63459014892578      5.114275455474854       1.06609857636279      1.468867788873316   0.002906819372688451     -8.854377778994509
                  15386     -13.59203815460205      4.073613166809082      1.068841741371174      1.467558643222397   0.003035994494086056     -8.809220093635714
                  15387     -11.96864986419678      3.654131412506104      1.070069436192256      1.466174627523777   0.001744759255970368     -9.362938111637302
                  15388     -12.18227195739746      6.620095729827881      1.070950132835741       1.46468036704649  0.0008399346890817921     -10.09418282333749
                  15389     -1.509799480438232     -4.494864940643311      1.071755048717637      1.463131854433612      5.866728941331001      -1.24300566176951
                  15390      6.082261562347412     -6.884498596191406      1.070400420024355      1.460637219385722      58.30940834369569      1.050489382033464
                  15391     -3.017854690551758      15.92741298675537      1.069098248446873      1.460037930027473      9.859266082151736    -0.7284899898076967
                  15392      6.207887649536133     -1.162981271743774      1.067818906721315      1.458253231318969      9.434052622097095    -0.7749964428697003
                  15393      6.219794273376465      11.75858783721924      1.066854214396042      1.457575228456913      9.453403955474242    -0.7743162034533762
                  15394    -0.2033965587615967      -3.57528281211853       1.06577212948948      1.456735065167807      6.590693195080363     -1.136623923903794
                  15395     -11.00476837158203     -3.129417896270752      1.065959747105093      1.455553141105323    0.04856574342369594     -6.047754977347895
                  15396     -14.28585815429688     -4.088278770446777      1.067699959403588      1.453967785538474    0.03703491918287222     -6.318270733745838
                  15397     -13.71681690216064     -2.360697269439697      1.070678615407339      1.452414734471983    0.03316148700819847       -6.4270256047598
                  15398     -8.617446899414062      3.018760204315186      1.070094287113742       1.45087811878682   0.007240630853391383     -7.950310877589168
                  15399     -23.50154876708984      1.355241298675537      1.071662501306651      1.449405497287583   0.009665839517222257     -7.660972327151448
                  15400     -7.356106758117676     -5.697655200958252      1.072260959212947      1.447710180449055       1.31095885374171     -2.751668265016835
                  15401      2.569680452346802      2.078622341156006      1.072080681042264      1.445769884230238      20.62089562970658   0.002368534825652707
                  15402      1.283141613006592      7.868154048919678       1.07118155373804       1.44325424802791      25.12371119826995     0.1972951515259043
                  15403       1.58303689956665      9.780406951904297      1.069791037755883       1.44212454894053      32.66769444570383     0.4577877258680482
                  15404      2.214046955108643     0.4124999046325684      1.068262136787813      1.441085328977941      16.60969368930906    -0.2207635019971528
                  15405      4.098588943481445       4.54231595993042       1.06655670525873      1.438041107104994      52.45860420103782     0.9255619680245978
                  15406      8.189709663391113     -11.95386028289795      1.066074695928614      1.437050895772099        18.430633911418    -0.1215890855613233
                  15407      -2.21406102180481    -0.6129343509674072      1.065620649344376       1.43585271733886     0.7286243238119242     -3.353460382395596
                  15408        5.1553955078125      -3.21111273765564       1.06458924753594      1.434014929112364      18.52296812404448    -0.1201009944426532
                  15409    -0.6002552509307861     -12.32971477508545      1.062893836511155      1.432762148299836      19.47518374470015   -0.07243926851011868
                  15410       4.02476692199707     -1.775431394577026      1.061686844020356      1.431304387356673      19.67159806756665   -0.06455860530510768
                  15411      0.921359658241272      -7.69005823135376      1.060089797719736      1.430015919398394      26.06854565448774     0.2145889648999852
                  15412     0.5429348945617676      17.50722312927246      1.060835191942096      1.433678887993536      156.1461808515837      2.007913258316487
                  15413      0.340442419052124      19.10171699523926      1.060874758437758      1.438449573567239      148.4503234138529      1.960730368603081
                  15414      2.645230293273926       13.9877233505249      1.058958242690863      1.439043193951583      96.03438340230608      1.523790695499665
                  15415     -1.801048398017883     -6.966282367706299       1.05739156899508      1.438446543087146       13.2768514947805    -0.4567888084317995
                  15416      -14.4512939453125    -0.5391635894775391      1.057254442719564      1.437882816473285    0.02220507480225952     -6.850766928014342
                  15417     -21.70985221862793     -3.822537422180176      1.059436938781246      1.436535366975827   0.002930084841605631     -8.874931774993545
                  15418     -18.00352478027344     -7.971590995788574      1.063700728451611      1.435028264086984   0.002351472498945399      -9.09195459674933
                  15419     -21.79516792297363      -2.68259334564209       1.06598948817107      1.433773400468261   0.005611769650553393      -8.22085565961363
                  15420     -8.186079025268555         -7.46533203125      1.067284303005968      1.432494440948463        1.4950393226455     -2.635492485504349
                  15421     -13.54884147644043      6.321049690246582      1.066721064170424      1.431304425009025   0.001101785737973677     -9.849826957343813
                  15422     -14.74819660186768      5.832674503326416      1.066254912208441      1.430085060429809   0.001228124906926459      -9.74256005790183
                  15423      -12.4768238067627      6.959945201873779      1.065460577397232      1.428771272271611   0.001244941274156598     -9.730624593409996
                  15424     -15.99621486663818      5.319506645202637      1.064617835343854      1.427450087863099   0.001160991909724968     -9.802154624070026
                  15425     -10.65715980529785      4.934777736663818      1.063641325972627      1.426151319256287   0.001343716355681656     -9.657818110086462
                  15426     -11.55216026306152      7.194746494293213      1.063090528361079      1.424667130528945   0.001617976255021127     -9.473640354662299
                  15427      -20.5185489654541     -3.737183094024658      1.062723783131952      1.423377457384959   0.006088905270107635     -8.149598885706801
                  15428      1.573304533958435     -5.987522125244141      1.062383693086884      1.422417533352591      20.83820596954677   -0.01251848127987783
                  15429      4.768425464630127     -11.84353351593018      1.063541878035658      1.423087960536727       124.310968851594      1.775040431357813
                  15430      7.120556831359863     -16.77809143066406      1.064253196408658      1.423000053353413       28.0937085084131     0.2884066691950071
                  15431      7.332539081573486      4.100472450256348       1.06520334513883      1.421368296941783      10.61776630683205    -0.6848652941781342
                  15432      2.506431102752686     -9.661170959472656      1.064799486172321      1.419115042070225      65.53070240779807      1.133159073596865
                  15433      7.275171756744385     -13.08038139343262      1.064447323534409      1.417449596910439      39.66953454067112     0.6297187475126328
                  15434      0.304135799407959     -9.956744194030762      1.063307239667717      1.415964948158222      37.75322373768911      0.578086526904383
                  15435    -0.3772504329681396      18.63681411743164      1.063834738869853       1.41714318457191      147.7795202755128      1.944064825344105
                  15436      7.486876010894775       9.49637508392334      1.063065602749297      1.418573358938309      4.227637961158017     -1.609727733902158
                  15437     0.6051404476165771      19.06881904602051      1.064745329826196      1.423634742340844      181.1373158163621      2.153024645780533
                  15438     0.3137304782867432        19.532958984375      1.065950049744417      1.428860965705169      182.0538208617614      2.162866757433616
                  15439    -0.3822319507598877      16.29301071166992      1.064836787475506      1.430298066831678      135.9037482759302      1.870471627686228
                  15440      1.959226250648499     -6.087274551391602       1.06346854839695      1.429591536552575      25.48547855366872      0.194853696373947
                  15441     -2.985479354858398     -4.251302719116211      1.062311663547626       1.42859770454248      3.093605452836195     -1.915701762195136
                  15442     0.2812126874923706      4.066390037536621      1.061077166813766      1.427525642643173      8.301309673636894    -0.9305391640159695
                  15443      4.714568138122559      12.29900360107422      1.059286088421706       1.42537075377983      42.99227735127191     0.7108679694453128
                  15444      3.744424819946289      13.40915679931641      1.057330295069897      1.422934105035109      81.36117993813468      1.345186735524782
                  15445     -4.570096969604492      7.780465126037598      1.056362802864329      1.422075955781478     0.2426759932387034     -4.471258323547601
                  15446      5.416751861572266      1.038105130195618       1.05487449743763      1.420019364833718      16.47887479882178    -0.2560081171552392
                  15447       5.91563606262207      -16.6093635559082      1.053132416587077       1.41926575628769      53.10552396512745     0.9120099228115275
                  15448        1.8685142993927      -13.3776388168335      1.051456245892725      1.418537077342712      38.22442659622441     0.5810972971125838
                  15449      5.081212043762207     -15.53455638885498      1.049753579910161      1.416356447802396      93.19838137817183      1.469193826108391
                  15450      6.404977321624756      7.580635070800781      1.048202857597879      1.415106726323444      22.81678003290274    0.05959864707817081
                  15451      1.397832632064819      4.534801006317139      1.046762928368023      1.413771430064678      21.85847775486361    0.01437255633256074
                  15452     -6.942111968994141     -7.388988971710205      1.045822613486607       1.41264015665978      2.106364002074679     -2.326952261316883
                  15453     -1.225890517234802      4.276277542114258      1.045026301774256      1.411843498080784      2.482824440942526     -2.163844521588838
                  15454     -6.319218635559082     -3.763846397399902      1.044084686171597      1.410711483338836     0.8965403316301359     -3.184156891983601
                  15455    -0.8712602257728577     -8.242617607116699      1.043348122707056        1.4088580739804      26.33368931019989     0.1938838010325669
                  15456     -1.565958976745605     0.8751875758171082      1.042442646810792      1.408129985206946     0.9249450027151722     -3.156371440458988
                  15457     -2.381580352783203      11.26022720336914      1.041283825910022      1.407060589600172      5.453610677876193     -1.383944532309284
                  15458      3.775115013122559      7.123483180999756      1.039411508928086      1.404988616875937      68.73861157307198      1.146815298721117
                  15459     0.1436457633972168      18.25741195678711      1.042365366235353      1.411549512719366      227.0806003115262      2.349305918008198
                  15460     -1.088309526443481     0.4836601614952087      1.041278737497093      1.412070957675347      1.448768839598835     -2.705958647440228
                  15461      1.958425641059875      15.87445640563965      1.039675416319486      1.410909536391396      120.9125180290955      1.716030743723382
                  15462     -7.048480987548828    -0.3515459299087524      1.038856915764189      1.410886687468493     0.1387585139086756     -5.054860485748846
                  15463      4.714055061340332     -10.69782066345215      1.038373952398604      1.409591061564889      104.7242933076537      1.570107064750663
                  15464      5.569229125976562     -14.57094669342041      1.036964998463427       1.40786626496838       108.863028000025      1.606284243771819
                  15465      6.499058246612549      -2.22116494178772      1.035989836565503      1.407718783691635      12.27153524049372    -0.5775694551485545
                  15466      5.121283054351807      3.199163675308228      1.034413707412201      1.406643618353933      29.41697964720738     0.2944336294501442
                  15467      6.412036895751953     -4.759086608886719      1.032852961206772      1.404469849415231      31.98037936106541     0.3749276371279413
                  15468      5.113884925842285     -13.20586967468262      1.031828579131688      1.404812283023228      142.7425970712967      1.870099551696999
                  15469       2.39161491394043     -9.972166061401367      1.030010516352109      1.403055876009996      62.13482538581296      1.035348594337503
                  15470     -8.002236366271973     -8.485541343688965      1.029145480879722      1.402089305793347      1.655077742730683     -2.591639376021895
                  15471     -22.08072090148926      2.980991125106812      1.030410366101139      1.400994522142533   0.007279855874351322     -8.017684391816795
                  15472     -12.22638320922852    -0.5977559089660645      1.033962792263684      1.399747294413099    0.01528168939691387     -7.273589102563753
                  15473      3.905917882919312     -11.17084503173828      1.032732884067293      1.397726247042933      115.9217092831616      1.657790753000241
                  15474      6.333988189697266      5.691929817199707      1.031639651785131      1.395915915063475      25.87719573152766     0.1558826370560377
                  15475     -1.236161828041077     0.1106098592281342      1.030769172477994       1.39472892090667       1.43396207749948     -2.738733007365934
                  15476     0.4943114519119263     -7.032410144805908       1.02924663858077      1.392986894454927      26.17679230689133     0.1629709594507401
                  15477    -0.4098799228668213      15.92777919769287      1.027711166262856      1.392383748158296      126.8567471375722      1.739230169133296
                  15478     -2.208410739898682      8.736368179321289      1.026882503140326      1.393255313726413      1.630215841011175     -2.615296769567481
                  15479      1.292383909225464      16.50370788574219      1.026235390700169      1.394585075369981      164.1497029444849       1.99709324303556
                  15480      7.285772323608398     -7.244218826293945      1.024389795229178      1.394545020833752      52.92295199978602     0.8633227743840685
                  15481      5.335054397583008     -6.063346862792969      1.022896361292721      1.393534128887321      38.91231810310697     0.5536124222623665
                  15482     -2.644812822341919     -18.38552093505859      1.022130603466142      1.393397651871662    0.03154576901020428     -6.564861080507685
                  15483      1.822266340255737      1.924232125282288      1.020914258542569       1.39194927655146      15.97461010229036     -0.339775398391348
                  15484     -10.60540008544922     -7.807512283325195      1.020221645467295      1.391011442341663     0.2846776340263797     -4.368526476860386
                  15485     -7.176009654998779     -9.969366073608398      1.022973250241967      1.389991539000538      1.302674875649756     -2.845748925815022
                  15486     -2.163776159286499      4.616162776947021      1.022314239486311      1.389200823476527      1.159642681012505     -2.963270193068627
                  15487     -1.718153357505798      5.979802131652832      1.021517379903357      1.389379366946182      1.738545976132707      -2.55898425529652
                  15488      3.417677879333496       8.54403018951416      1.019901538507433      1.388523294318752      51.64332665458516     0.8301282086691358
                  15489      4.899171352386475       13.5475902557373      1.018734379653542      1.386866639966316      38.38536435101755     0.5311046182329985
                  15490     -1.128414154052734      19.57755470275879      1.016830238068892      1.387160730264328      94.93238995998156      1.434934479186049
                  15491     -1.570244789123535      19.77603340148926      1.014925889663754      1.386649498066491      66.65314396159796      1.079028544434645
                  15492      4.473401069641113      8.266989707946777      1.013148545800949       1.38546375303571      58.62854446203787     0.9481397908401471
                  15493     -5.242835521697998      4.851521015167236      1.012232387581562      1.384290441281201    0.05791090807177397     -5.973683320367172
                  15494     -4.638429164886475      7.886625289916992      1.011321977395124      1.383216850612327     0.2536877417685427     -4.498160601537577
                  15495    -0.5123926997184753     -5.426856994628906      1.010312560763069      1.382381384847615      13.21844289884741    -0.5464992253655033
                  15496    -0.9682189226150513     -1.031493425369263      1.009352148844678      1.382524313194571      1.897150426604854     -2.488606957512464
                  15497      5.669849395751953      7.129268169403076      1.008015882892267       1.38036516771675      44.54062546100646     0.6645540378874386
                  15498     0.1569182872772217     -13.30038833618164      1.006975865799232      1.379130783104164      16.07472100610348    -0.3565266767123766
                  15499    0.05263376235961914      9.325996398925781      1.006057780398682      1.378604009556013      9.638406419801587    -0.8693129798276338
                  15500      6.950051307678223     -8.416692733764648      1.004506803124765      1.376377248334135      62.93532379864735      1.003879464227136
