#! FIELDS time tica_cv1_0 sigma_tica_cv1_0 height
#! SET action OPES_METAD_state
#! SET biasfactor                     1.2
#! SET epsilon   1.522997974471257e-08
#! SET kernel_cutoff       6.000000000000001
#! SET compression_threshold                       1
#! SET zed      0.1063803282591407
#! SET sum_weights       945.3443880692429
#! SET sum_weights2        958.654434984132
#! SET counter  992
#! SET adaptive_counter  500000
#! SET sigma0_tica_cv1_0     0.06681752273277917
#! SET av_cv_tica_cv1_0      -1.319921938682432
#! SET av_M2_tica_cv1_0       25191.11509897834
                   2500   -0.01932222901724653    0.02775520790302201      494.3652350801906
                   2500    0.02908310400077762    0.02744926274969362      544.4498884660686
                   2500    -0.1022615853195909    0.02727906776622423      101.2346426626659
                   2500     -0.236272931323861    0.02601337363606798      3.906755916252688
                   2500    -0.1422229889071531    0.02467458477036087      25.07271315305792
                   2500    0.07197712753663212    0.02457685276936702      208.2647508833405
                   2500     0.1860601855727437    0.02215770757399153      2.232767196137667
                   2500   -0.06122846322206549    0.02370726016447832      129.0170361024574
                   2500    -0.2899166974453048    0.02362925783928795      1.138855110509799
                   2500     0.1143273069707774    0.02513474235683696      46.60316329047939
                   2500    -0.1907499193501214    0.02354552254721247       14.4969421232193
                   2500     0.1543282666385706    0.01939340852390218      2.241611791047117
                   2500    -0.5809609916409711    0.01955673411462568     0.1701024594888937
                   2500     -1.280504617733292    0.05370343284921803      82.41110024842884
                   2500     -1.218409716228671    0.05329287647908009      71.58500422148632
                   2500     -1.421698073235198    0.05599059925895192      119.5491769236801
                   2500     -1.677659424067011    0.05670774159033594      3.153487011453096
                   2500     -1.063737036194101    0.05762345651760546      21.99443340209532
                   2500     -1.512851051267853    0.05674773340864027      47.57037269664325
                   2500     -2.342227912558613    0.05567484177805181      4.686001582426732
                   2500     -2.488744729008665    0.05689934648754713      8.776822624786075
                   2500     -1.343768197789154    0.05421873420597588      96.93305866161734
                   2500     -1.152302217573501    0.05520738860452661      49.72265791504409
                   2500    -0.8859063741933942    0.05476843426319299      1.654536357298216
                   2500     -1.591960982786946    0.05361120406526665      17.35027836813313
                   2500     -2.414532257949485    0.05533795287627653      16.31301712100276
                   2500     -1.809761292776389    0.05304276071218109     0.7296563000097023
                   2500     -2.128097550304868    0.06043555716764482      0.995447832904376
                   2500     -2.254140185138906    0.05517986768683016      1.737633873521477
                   2500      -2.58182023866346    0.05081820644101401      1.267545724109504
                   2500     -1.941131107619415     0.0489460412854168     0.2827221459924549
                   2500      -1.00587866485385    0.05452233057876113      2.650820640233201
                   2500     -1.873780389473301    0.05405241415463865      1.014352685891832
                   2500    -0.7110410978428577    0.05553399328766575     0.2585332783969361
