#! FIELDS time deep23.node-0 deep23.node-1 sigma_deep23.node-0 sigma_deep23.node-1 height
#! SET action OPES_METAD_state
#! SET biasfactor       16.03631500507211
#! SET epsilon   3.735419329000485e-08
#! SET kernel_cutoff       5.848558909940468
#! SET compression_threshold                       1
#! SET zed     0.00963606971670428
#! SET sum_weights       1833.118594333124
#! SET sum_weights2       24990.86706880177
#! SET counter  992
#! SET adaptive_counter  500000
#! SET sigma0_deep23.node-0     0.04333459033353099
#! SET av_cv_deep23.node-0    -0.07879358148155101
#! SET av_M2_deep23.node-0       72186.52715793034
#! SET sigma0_deep23.node-1     0.04204001437682554
#! SET av_cv_deep23.node-1     -0.7220324471090073
#! SET av_M2_deep23.node-1       93857.45058320843
                  25000    -0.2636117640090296      0.947930946104929    0.04619570887601577    0.05028155867355787       35.4827168397447
                  25000    -0.3791815412642758      0.825316898187229    0.05660687492746357    0.05784146177146095     0.1758759349361562
                  25000    -0.4851044372712737     0.5007113747317731    0.05198497598854099    0.05836686174390494   0.000809591757270594
                  25000    -0.4841470495119494     0.7316844606864946    0.05154141638421432    0.05816224735564061        0.0136499916955
                  25000    -0.5107925347788989     0.3712875808619003    0.05135303011397733    0.05569988164219832  4.286797708552428e-05
                  25000    -0.6123120137174958     0.4275374056923676    0.04818670295916583    0.06096962586855462  0.0003161270580271221
                  25000    -0.6377572509708025     0.6073798448099337    0.04896729588085043     0.0528985674241667  9.146697883189111e-05
                  25000    -0.2150325717838092    -0.8906836460936235    0.05627913416604403    0.05659392920506401      103.2854545169044
                  25000    -0.3024255850033474    -0.9187475828813371    0.05295992693526185    0.05890342159575702      235.4345393440379
                  25000   -0.09219288599070788    -0.8524690703052282    0.05732286718178618     0.0553680255887286      59.58994602240249
                  25000     0.1708665852001115    -0.8052191225371309    0.05581106487801307    0.05311274226968333      502.3164915008745
                  25000     0.4156878238237257    -0.7012775674357168    0.05302457636676006    0.05407305829424345      4.207200701716155
                  25000       0.32512082238936    -0.7377992064466633     0.0507534730846075    0.05373083196413071      6.769387405725208
                  25000     0.6110182405840623    -0.6306841550126052    0.05785476711390048    0.05592851530508519     0.5753817998893123
                  25000     0.7176514282098092    -0.5916722738288206    0.05522342044656062    0.05377333653666246     0.1875926817221276
                  25000    -0.6761537287315671    -0.6661377146538364    0.05044946341130083    0.05542913571919684    0.01048779408907062
                  25000     -0.376885232933346     -0.957146714369651    0.05221812654759188     0.0566599147433649      238.8091567931579
                  25000     -0.515944970212536    -0.7547405518650184    0.05569084657744001    0.05668603452340865    0.07826547605281273
                  25000     0.8537418414959157    -0.5020654146896658    0.05323029454574746    0.05478188537713684    0.01656955139347839
                  25000    -0.5492478445448966     0.6461636390960277    0.05389473644823247    0.05690657710200758   0.002141909377752671
                  25000    -0.7948241983447505    -0.2422813938086031    0.05350997716070439    0.05707549737523617  3.199449965564683e-05
                  25000    -0.7641040316691106    -0.5855842412418968    0.04634662959551624    0.05012590155809755   0.002450404623470638
                  25000    -0.7108439446507483    -0.5614049844502674    0.05671066020897081    0.05560987682183452    0.01248431020335307
                  25000     0.7428078410360663    -0.4564039496359163     0.0540162143462076    0.05306633586248283    0.01134833347803961
                  25000    -0.5773345479091132     0.1002268489250784    0.05810309660866786    0.06054067501765709  6.673591130376837e-06
                  25000    -0.7884544469349638    -0.1406784196257954    0.05022121195846638    0.06083440989654246  5.027392970245934e-05
                  25000    -0.6826497070278147     0.3456964778988783    0.04980439915119119    0.06150093262843481  9.593447944702228e-05
                  25000    -0.9064819294035353     0.1540377374801804    0.05177849777283505    0.05842377156278758  5.571182579771548e-06
                  25000    -0.5027752957107925    -0.8246947520012603    0.04742089962881692    0.05426929370792925     0.2880837949865191
                  25000    -0.7020771454581861     0.2410522441524145    0.05302078847657642    0.05812997480380246  9.605724389373952e-05
                  25000    -0.5736585706820659   -0.03891013544018848    0.05375300876304521     0.0573265481589056  5.136994227289715e-06
                  25000    -0.6802594642645674     0.4624822350830082    0.05291402273505959    0.06202509215417014   7.37653295922756e-05
                  25000    -0.5709339577712916     0.3356954874264202    0.05486586630027786    0.05615737366507964  0.0001745586590052215
                  25000    -0.6091148425100918    -0.6578827286919907    0.05282739109744576    0.05433029775769696     0.0457367829428021
                  25000    -0.7164952604477773     0.5196445667982678    0.05859320617788739    0.06029917726135419   8.57160715838891e-05
                  25000     -0.744506940751155   -0.01315136313391033    0.05340733696045277      0.061840445184937  1.801835751638563e-05
                  25000    -0.3746359668003017    -0.2734163642343892    0.06247993972270328    0.05709695995585327  4.208958634613212e-06
                  25000     0.5094400063618353    -0.6750302601245358    0.05466229410879919    0.05552982568996861      1.248780073909344
                  25000    -0.5833184937542958    -0.4861321451433888    0.05526210825522864     0.0549092686667226  0.0004370845397466446
                  25000    -0.9859253696050266   -0.03168283534377796    0.05134710895008622    0.05592410774627466  5.239806233697967e-07
                  25000    -0.7103365834326028    0.07802490602440075    0.05770280573017216    0.05695248037187561  2.218607816961373e-05
                  25000    -0.6977059103600635    -0.3462856992386195    0.05895790447404142    0.06081948514596013  8.078868254953955e-05
                  25000    -0.5228629747671351   0.006398674411894729    0.05555203585488944    0.05652815166415956   2.42586869445633e-06
                  25000    -0.9125858101375901    -0.1845662981232893    0.05503919279169047    0.05912694347242415  1.555497327714373e-05
                  25000     -0.935799850287682    -0.2851085833230175    0.05210473881838679    0.05679229210160198  4.082501844865954e-06
                  25000    -0.8010055141310574    -0.5360816383239011    0.05191165646520144    0.05673827712771989   0.007067089920326343
                  25000    -0.8237127611916828     0.4136597269573475    0.05132325601195611    0.05905757286571722  2.660517867493131e-05
                  25000    -0.4162429132938831    -0.2099480423337186    0.05158431221246988    0.05671794803999241  9.997037069181935e-07
                  25000    -0.1529009193181992     0.5119583010673523    0.06239814448910324    0.06363743889481997  5.208832787890269e-08
                  25000    -0.4118531942367554    -0.3989995121955872    0.06228507823473014    0.06367272859669339  2.503892964129868e-06
                  25000    -0.2077036798000336    -0.4011018574237823    0.06219194993694567    0.06367242566125762  7.785195033896332e-08
                  25000     -0.212384358048439    -0.5162798166275024    0.06210280960424679    0.06364778125057455  0.0001025641998193274
                  25000    -0.4002015894677116      0.500550215011171    0.04783969218296078    0.05464024118142553  9.272167086810347e-05
                  25000    0.01203075267314642    -0.8288801663700659    0.05425487816859875    0.05412503024577527      63.40801960691492
                  25000     0.5116397834654461    -0.5055998401486385    0.05437953289244823    0.05655612717725624   0.005521614903781102
                  25000    -0.1407880736138125    -0.7688669969938191    0.05521119378303269    0.05694301866851559      2.084322948154155
                  25000     0.1694541424512863    -0.6107956171035767    0.05561109040180223    0.05395951640509176    0.05276804662766878
                  25000    -0.7235706853940816    -0.1333169974846539    0.04732298572779694    0.05117632031319833  5.310255097524528e-06
                  25000    -0.8703959084827492   -0.03078093961177259    0.05164442976009949    0.05305791460949941  6.200983548452496e-06
                  25000    -0.3538454389361432    -0.3723276928522006    0.05263304465917321    0.05633220055206251  2.110238386890976e-06
                  25000    -0.4804990348218842    -0.2293537408043678    0.04988486531499883    0.05832707316296915  1.696602523893407e-06
                  25000      -0.48313145452767     0.1330460909901237    0.04832760435426202    0.05154545720747606  1.464544548094739e-06
                  25000    -0.9748213807748042    0.04662714008805774    0.05364671436494455    0.06052475981998633  9.198651971741186e-07
                  25000    -0.8220231761217988    0.02819315372141249    0.05120379171634656    0.05625890130648212  8.107082540339183e-06
                  25000    -0.8173827530157817    -0.3418259470811482    0.04678493362528768    0.05166773238105343  0.0001022289938710834
                  25000    -0.5569318288504987     0.2399610213442165    0.04825036867109573    0.05293327434448032  4.556142829208727e-05
                  25000     -0.777477924407046     0.1036943825332238    0.04764393938848147    0.05671712648541272  1.225420253699687e-05
                  25000    -0.3561312623144068     0.6085390034509452     0.0488091922107075    0.05296873683123093  0.0002238236705100376
                  25000    -0.3067145943641663     0.7843524217605591    0.05400367856107435    0.05513444046711241   0.009568358406800702
                  25000    -0.4418413557708237     0.8038872961499955    0.04769242771413003    0.05349441384443461    0.01813925906617869
                  25000    -0.5540275998580885     0.4762883430068206    0.04990260706733951     0.0546027939585546   0.000277342836162695
                  25000    -0.6146981905134626    -0.7656579203332454     0.0484501348013848    0.05165301815593842    0.00601064677679208
                  25000    -0.3872097069967987     0.6676933732504385    0.04853942276943637    0.05257329982925635   0.002281876426893393
                  25000    -0.4781301027305924    -0.5374475248351517    0.05013890603033014     0.0542656728292937  0.0004428180086004151
                  25000    -0.7887820342002715     0.2156358192066535    0.04835814649830423    0.05551710808065258  3.675209229949664e-05
                  25000    -0.4282388744262681    -0.7364865231813051    0.05161499517345295    0.05336556551842996     0.1147123769785766
                  25000    -0.8845731719055657    0.05471830508037825    0.04850035408563391    0.05613516457053416  2.812015944550941e-06
                  25000    -0.6518368647848323     0.2773183935924446    0.04968195107797314    0.05172511936138036  0.0001094118222980262
                  25000    -0.3265394497144777    -0.5561759122781442    0.05319538843080435    0.05493320802621696  8.285986388241454e-05
                  25000    -0.3604749143123627    -0.1642322689294815    0.04978534684219563    0.05573464229271091  2.624520026935654e-07
                  25000    -0.4349847766958039     0.5939615053344878    0.04868242211504592    0.05366383372020457  0.0003255362408539753
                  25000    -0.7986787916234229     -0.426196629821592    0.04815278204358435    0.05600093078202518  0.0003890649162003605
                  25000    -0.7609095146014664     0.3354367971006081    0.04617296655837199    0.05628025398551219  2.282621634068108e-05
                  25000    -0.5282378791727999   -0.08993926839209718    0.04689986687191022     0.0513602064795306  1.411212845868938e-06
                  25000    -0.5358976958756291    -0.6970273256363947    0.04817391517997797    0.05229473586277875    0.06262633922094829
                  25000     0.8233624070707182    -0.4231708196137379    0.04872625537326102    0.05235455162442875   0.003126022540737085
                  25000     0.5574913024902344    -0.5741933584213257    0.04956273982055755    0.05457376945971052    0.02565724181162529
                  25000     0.9246558229865854    -0.4370533705024387    0.05027495199689207    0.05352966684496004   0.002787431396189598
                  25000     0.3438144624233246    -0.5756556391716003    0.04857405088507563    0.05273541318143653    0.01050584393495167
                  25000    -0.2722539007663727    -0.3629283308982849    0.04916820261944508    0.05257803224949918  1.057168027383433e-06
                  25000    -0.2859519439545909    -0.4789132610146609      0.052496397423537    0.05256049210382932  3.685874953272415e-05
                  25000     -0.481307067495641     0.6335419282815699    0.04650758892096945    0.05005303688534662  0.0008494381301665627
                  25000     -0.791350171026312     0.5135417886290231    0.04802380831455408    0.05174361521922763   1.58123588522198e-05
                  25000    -0.5158361823164149    0.08356494397696683    0.04649428508509655    0.05086313868733564  1.805421192191103e-06
                  25000    -0.9022761583328247    -0.4338174164295197    0.04776273542179514    0.05204313598860889  1.788872736319234e-05
                  25000    -0.4154790937900543     0.7319921851158142    0.04746734534395074    0.05225314059462065    0.00355567962367726
                  25000    -0.6142514944084428     0.1996803694787945     0.0467986750572533    0.05150479792975347  1.595113813420615e-05
                  25000    -0.8834319327612105    -0.2690023743803086    0.04903533658994558    0.05327860011901821  9.986400558133221e-06
                  25000    -0.8650329432345331    -0.1277339158936573    0.04731416515904151    0.05145976407451637  4.957532708429636e-06
                  25000    -0.9513891935348511     0.2959133684635162    0.04706616414691305    0.05217911832408578  1.723008580933226e-07
                  25000    -0.6884655952453613    -0.4188179671764374     0.0470942060879734    0.05240153155155201  5.153114701833145e-05
                  25000    -0.5804273357435158     -0.136085640390631    0.04501284005898215    0.05507218302122012  7.364155154468055e-07
                  25000    -0.6574945354720859     0.1608870424806205    0.04791156409903929    0.05430739208491112  1.645532068767971e-05
                  25000    -0.6307916641235352    -0.5692500472068787    0.04648245716202982    0.05230942487988598  0.0008414738814725471
                  25000    -0.7699432969093323    -0.3192953765392303    0.04645046173885895     0.0522923679823563  1.766830376087202e-05
                  25000    -0.8366600922492275     0.2769072260073667    0.04900852813103029    0.05172070977959737  6.308218955183194e-06
                  25000    -0.9022582049899069    -0.3719055101320353    0.04781438481543396    0.05484196231376736  2.584291208181343e-05
                  25000    -0.7335984973504123    -0.4622283393319731    0.04461863775511775    0.05160325230731816  0.0006365380393125166
                  25000    0.09306105950814644    -0.8159465438148383    0.04717893934234126    0.05029621531222309      55.34186708048655
                  25000    -0.5059740543365479      0.580864429473877    0.04532717889618924     0.0523289644264986  0.0002167171978281466
                  25000     0.6060005823069275    -0.4853765781299381    0.04868116990767065    0.04977188444357764   0.006843885322906426
                  25000     0.6694833040237427    -0.4513406753540039    0.04591857873553916    0.05136228512241272   0.001563513513027295
                  25000    -0.8505958914756775     0.2090524286031723    0.04618517933486024    0.05079362213639407  3.167968481479349e-06
                  25000    -0.2258998577353202    -0.8158995735742918    0.04870877284249202    0.05044846287695949      11.86855838706568
                  25000    -0.6436123847961426    -0.2256850600242615    0.04588835211194196     0.0507456016139558   1.86503590354564e-06
                  25000    -0.8703497648239136     0.1091163977980614    0.04557696460211479    0.05091200778532683  2.139632370530862e-06
                  25000    -0.6750471926702508    -0.6075691084978806    0.04676907883392918    0.05175880308528542   0.007328592557537377
                  25000    -0.7880997061729431    -0.6479597091674805    0.04510933618125375    0.04915646289512501  0.0004391489812482708
                  25000    -0.6235048770904541     0.5437370538711548    0.04509437278171656    0.04922710265546404  4.272576048014217e-05
                  25000    -0.4737690985202789    -0.3064145147800446    0.04502923409313168    0.04941973263375764    6.0095923902271e-07
                  25000     -0.411083310842514    -0.9008909463882446    0.04438790475682928    0.04896098391781409       7.14096979629353
                  25000   -0.06895271688699722     -0.714970588684082    0.04444651365014703    0.04839734473192146     0.3268314170056594
                  25000    -0.8481088876724243    -0.4765878021717072    0.04414715084615031      0.048476511271059  0.0002432269569064167
                  25000     0.6372299790382385    -0.5479804277420044    0.04442093568436502    0.04822141809645214    0.01840022828161815
                  25000     0.2285704426492856    -0.7818143334960035    0.04406333263261633    0.04889375551489118       24.7556505306427
                  25000    -0.3265677690505981     0.2741841971874237    0.04430732717250783    0.04791028136782953  1.016048194426349e-07
                  25000     0.1510696560144424    0.05874588340520859    0.04429267431539193    0.04810735756995804  9.278355930582954e-08
                  25000    -0.5178463459014893    -0.5888108611106873    0.04432911172615661    0.04819508805715387   0.001020330092312469
                  25000    -0.5213339924812317    -0.4896136820316315    0.04438324117578402    0.04817332278445311  7.700921987047154e-05
                  25000    -0.5585811445261172     0.7224424450627048    0.04409426101067223    0.05379050384426558   0.001577092489424504
                  25000    -0.4175911250053849     0.3446292476774495    0.04494829285629434    0.04923253883279265  5.055641429684978e-06
                  25000    -0.5787265637436138    0.02410020900531436    0.04475587618893617    0.04850521187221829  2.308579641482363e-06
                  25000    -0.3493998646736145    -0.8415002822875977    0.04415795337434687    0.04839647929045921      4.517178289451622
                  25000    -0.6705520040955406   -0.01385413853739171    0.04378569151099202    0.05187511023876831  3.416451505573851e-06
                  25000    -0.2951209843158722     0.5939486026763916     0.0433350918099976    0.04872303904060061  3.090558831938867e-05
                  25000    -0.4768109023571014   -0.07100525498390198    0.04329451287082262    0.04868622041172452  3.883824870025141e-07
                  25000     -0.488865852355957      0.250130832195282    0.04314789381347366    0.04863000584990974  5.053565230137255e-06
                  25000     -0.708270251750946     0.6344107389450073    0.04299218139507821    0.04863571708075369  8.482517130332813e-06
                  25000    -0.7318474650382996     0.5795785784721375    0.04277756696864166    0.04864630766210741  9.662454078337573e-06
                  25000     -0.340953141450882     0.7080898880958557    0.04272882664196585    0.04863561316466451   0.001922297692158216
                  25000      0.765487015247345     -0.551918089389801    0.04221448198588435     0.0483338132256296   0.007723571282040463
