#! FIELDS time deep11.node-0 deep11.node-1 sigma_deep11.node-0 sigma_deep11.node-1 height logweight
#! SET action OPES_METAD_kernels
#! SET biasfactor       12.02723625380408
#! SET epsilon   2.008904905162975e-06
#! SET kernel_cutoff       5.122093479753262
#! SET compression_threshold                       1
                   6010      11.50844383239746     -4.366711139678955      11.65804278851753      7.495499189073211  5.979173072774214e-06     -12.02723625380408
                   6011      16.74765205383301    -0.5525259971618652      9.974362824276758      6.384814422447708      1.110793922174623    -0.2112915015275633
                   6012     -6.121926307678223     -12.27915954589844      9.549075582936823       6.09754340148651    0.02871339689956192     -3.956368167305077
                   6013     -13.15172576904297      25.68350601196289      9.302450950954857      6.036713390735583  1.254598947763008e-05     -11.72827888950799
                   6014     -14.81236267089844       25.9226016998291      9.015140547904137      6.064667343409673  0.0001280662675811757     -9.431884587539905
                   6015     -8.275128364562988      18.39833641052246      8.732464848658116      6.024321551419332   0.004654622222062057     -5.877349001351198
                   6016     -1.713810920715332       17.1697826385498       8.40467158152895       5.87033327292512    0.06355871445610034     -3.327399077727931
                   6017     -12.38767242431641      25.01768684387207      8.086428477973282      5.734846157996295      0.112086768517446     -2.822040917999258
                   6018      1.799180626869202     -8.237978935241699      7.442868630527989      5.302386439062756      1.296277256487577    -0.5353971728936087
                   6019      17.04103660583496     -1.938482284545898      7.083155846057654      5.050378469356257      3.921448079834995     0.4733367136686394
                   6020      14.39675903320312     -3.753724098205566      6.872314000747425       4.91528451156575      7.195405709761393      1.022986226896057
                   6021     -9.482645034790039     -8.744359970092773       6.67320729500391      4.788247358926816     0.4607642501391976     -1.780910722276366
                   6022     -17.78445243835449     -7.381280899047852      6.536066442265095      4.687738499759799     0.2807042418413486     -2.318474905339824
                   6023     -17.50629806518555      -7.09596061706543      6.372075741250464       4.56481667753498     0.6706287044207999     -1.499543022556708
                   6024     -20.06770133972168     -7.901935577392578      6.180878273329482      4.420898077836565      1.209747818304618    -0.9720918537659249
                   6025     -9.803210258483887      -9.91309928894043      5.955278901518234       4.27482097700045      1.745597956761511    -0.6761895873745617
                   6026     -5.247610092163086     -10.12129497528076      5.727207785069915      4.111390811483508      2.907789184852792    -0.2439244695233257
                   6027      -18.1480827331543     -6.844395637512207      5.525846973275251      3.968367959355005      2.865632018343234    -0.3297266378981061
                   6028      14.82925987243652     -2.529208660125732      5.353059209723039      3.840379916870039      9.933800558951026     0.8488756363414889
                   6029     -17.88860321044922      -7.73273229598999      5.195980047814289      3.711965189423444      4.227045108035174   -0.06935712545451347
                   6030      10.82781887054443     -4.448773384094238      5.044080323246338      3.593649240606964       10.4862973498057     0.7771459065422897
                   6031      2.285912275314331     -8.800896644592285      4.924097884461249      3.497796607830528      3.345402955347085    -0.4164455461961258
                   6032       17.7458610534668     -1.464639663696289      4.807754235641908      3.397834006093318      12.29481523648163     0.8322388855094833
                   6033      17.60607147216797     -1.370338439941406      4.725169770315803      3.317811994929816      16.41087857811036      1.079846447072835
                   6034      3.344427824020386      12.58678150177002      4.670872948587953      3.281424317663357    0.03190364733191117     -5.185718401177051
                   6035     -4.924190044403076     -9.695192337036133      4.572944014578188      3.221318095307871      3.694316522516293     -0.473563626461749
                   6036     -14.70048332214355     -8.032308578491211      4.501513685056814      3.150734609916522      4.907513350219515    -0.2274902969543856
                   6037      18.02865600585938     -2.276894569396973      4.443699016006451      3.101642452370695      22.68847814296674      1.274969146369486
                   6038       15.7845458984375     -2.014316558837891      4.387255252760396      3.076310289752934      27.48288619752439      1.445691201930549
                   6039    -0.5908890962600708     -8.968746185302734      4.326616109552297      3.027196567320723      3.300431679529733    -0.7038310389461073
                   6040     -28.37651634216309      9.312254905700684      4.285338602848674      2.994649510997856  0.0005218473950781824     -9.476415604284407
                   6041     -27.93593215942383      9.045988082885742      4.290164968072005      2.971981296006222   0.001015819219487126     -8.816812873812063
                   6042     -27.15789031982422      6.856156826019287      4.286217796042287      2.949104888016346   0.002207170858982802     -8.049444344197942
                   6043     -26.52016258239746      7.266054630279541      4.274151406750154       2.92400733035482   0.003800153518223213     -7.517480197655807
                   6044     -26.55076217651367      5.512641429901123      4.252525068603591      2.896010949225457   0.008826812731666443     -6.689421107252624
                   6045     -23.33077812194824      5.011640548706055      4.228945322868555      2.869118462366105    0.02271941332676137     -5.758885065721969
                   6046      6.051722049713135      -4.03707218170166      4.155385769704553      2.820992976254474      7.923789263353067    0.06105673034565382
                   6047      7.076714515686035      -3.66507625579834      4.101073889283399      2.767616680651757      12.82316907072318     0.5101820134126909
                   6048     0.1188960671424866     -8.442490577697754      4.040922595711212      2.731875957756987      5.230815166267726    -0.4142783164472618
                   6049     -19.91753005981445     -7.737429618835449      3.989478822830659      2.696928054407361       4.68839249140592    -0.5494432737966212
                   6050      17.00287246704102      2.027895927429199      3.930136963842501       2.64698109837203      18.22491091710468     0.7745764341947829
                   6051     -16.65286827087402     -8.475614547729492      3.885641871842229      2.611573789718607       5.99143566839195    -0.3627347410416463
                   6052      8.916805267333984      8.310223579406738      3.861139170194089      2.591145037810258     0.3367970608037812     -3.255519598485799
                   6053      7.971083641052246       8.25631046295166      3.832663529345717      2.579895646853867     0.4299511581761643       -3.0230817255721
                   6054      17.01020050048828       -2.0553879737854      3.797334923492686      2.550548477096723      34.13304416734024      1.330566847791464
                   6055     -15.83421516418457     -6.584781169891357      3.753630038521889      2.519072857106623      7.101877124192956     -0.263333579499733
                   6056      4.195502758026123     -9.105341911315918      3.713276786771293       2.49267823602371      4.944602088224165    -0.6467380729988736
                   6057      18.76584434509277     -1.420588493347168      3.681959418609732      2.457668736687366      35.35914253747603      1.297908267460046
                   6058      17.40263748168945     -2.409946441650391      3.650634971708884      2.430429868446375      42.88968311983671      1.471293555606129
                   6059     -9.705848693847656     -8.310813903808594      3.622309201397655      2.405202629812894      4.568457242565338    -0.7863855731066424
                   6060      -5.47228479385376     -9.971415519714355      3.589727371821212      2.382235660164707      5.048140142187954    -0.7051714691336549
                   6061     -18.34444046020508     -8.444622039794922      3.554533796210426      2.356037784739582      7.811157902849362    -0.2895485847627263
                   6062      17.47615623474121     -2.138869285583496      3.521643118900766      2.332808414997229      48.76902346540989      1.522788877864489
                   6063      6.844089031219482      7.045178413391113      3.499335008939105      2.330315733113911     0.2982343128661009     -3.581606111789839
                   6064      4.360709667205811      4.476037502288818      3.475365533698867      2.323480124005326     0.3322238117801311     -3.483487641419589
                   6065     -8.352788925170898     -8.360577583312988       3.44359416739533      2.301724689714234      6.404739899393113    -0.5430942397096916
                   6066      -8.83238410949707      -9.07652473449707        3.4179918023357      2.279222339998718      8.141202498976554    -0.3204816259090827
                   6067     -17.38118553161621     -8.556619644165039      3.386278644218236      2.255941198644465      10.37946804199587   -0.09717854401988911
                   6068     -16.45712661743164     -7.504660606384277      3.356700795339506      2.230292997390907      12.97125826342957     0.1055205439329469
                   6069     -6.617336750030518     -11.83455276489258      3.330618784503255      2.209845774180753      6.470422525116119    -0.6069847670964685
                   6070      17.47904777526855     -1.295784473419189      3.305629937417375      2.191840306448809      58.00717887148245      1.570628332238057
                   6071      3.052643775939941     -8.912976264953613      3.293507676563017      2.172470362795497      5.286798697022267    -0.8372760168638783
                   6072     -8.771195411682129     -12.12313079833984      3.268383156774413      2.153565235750122      7.053435570858601    -0.5653720680589722
                   6073      14.74841499328613     -2.437650203704834      3.236833918418981      2.132034037867736      56.95279519486662       1.50358789372018
                   6074     -15.26570320129395     -8.946489334106445      3.208765552094435      2.110564774352228      12.82357589035065  -0.006179793894830921
                   6075     -8.357547760009766     -11.00620365142822      3.186858925647022      2.090561576817091      10.58457428915221    -0.2144408330261062
                   6076      5.774161815643311     -8.643622398376465      3.165969985014919      2.074156557495302      5.046426917644758    -0.9696124887721874
                   6077      4.978650093078613     -8.601994514465332      3.145896621204884      2.056927766890543      6.761787633413956    -0.6917072783969297
                   6078      4.770308017730713     -7.498750686645508       3.12361223656561      2.039004530906734      8.553159608773509    -0.4725544407716801
                   6079      7.449483871459961      10.68256378173828      3.110313172922783      2.038433326151059     0.1991058917876445     -4.237320535311081
                   6080      2.911866426467896      8.359724044799805      3.099058340242853       2.03811374006978     0.1975179912545054     -4.249109571109063
                   6081      11.36154174804688      11.78334999084473      3.085456003358265      2.038832068299501     0.1285773476781285     -4.682455054700853
                   6082      10.83461666107178      8.530763626098633       3.06945060921379       2.03384155326337      0.467339345380505     -3.399581663426504
                   6083      10.37623977661133     -4.461486339569092      3.036963000505017      2.016794917928292      27.19482033898787     0.6450870922463395
                   6084     -18.09660911560059     -7.555164813995361      3.013659831384784      1.999130277862575      18.22513717577844     0.2283622462516944
                   6085      12.20065021514893       7.35630989074707       3.00230084513336      1.989871046800848     0.9624315207306818     -2.721150597826453
                   6086      11.96389389038086      8.646834373474121      2.988661946868929      1.983997189425663     0.8807836547980893     -2.817310895203001
                   6087      8.416412353515625      7.942056655883789      2.973125825850565      1.975857412234493      1.067816742984601     -2.634074574560666
                   6088      1.505178213119507      -8.44148063659668      2.949248713617265      1.962794685341454      11.90627385143745    -0.2373217566080255
                   6089     -23.07208442687988      3.897398948669434      2.956664806454635      1.955365663869479    0.01558269438002599     -6.877262234630685
                   6090     -20.41718101501465     0.8143835067749023      2.970690953958927       1.94577437958248     0.1092865245357998     -4.929634587868349
                   6091     -27.96631050109863      10.34313869476318      2.980744606060482      1.937085648691129   0.004860381530450901     -8.043587616505489
                   6092     -20.88785171508789     -4.310720443725586      2.979513533129557      1.924509118381804       7.23175280930107    -0.7453945968737802
                   6093     -4.129832744598389     -8.835489273071289      2.958942451211921      1.913921146138361       14.2546229225714   -0.07923972636790326
                   6094      16.99889373779297     -1.164626598358154       2.96575530432032      1.913721303826667      95.45391153112234        1.8245179281468
                   6095     -18.38748931884766     -8.045583724975586      2.946511183254449      1.898986341287343      23.55924588091548     0.4111533954611671
                   6096      10.08469390869141     -5.001411914825439      2.926148407120148      1.882842194929111      27.91967933283506     0.5654942407825038
                   6097     -17.18978691101074     -7.142438411712646      2.904849891342364      1.867137535830827      28.56173873997346     0.5725492466158036
                   6098     -18.81772613525391     -8.598045349121094      2.884227108233576      1.851587688552982      31.39839634405874     0.6517502505002073
                   6099      1.211083292961121     -9.535915374755859      2.864461204749313      1.841023360848008      14.02732830343897    -0.1665977030383222
                   6100      7.625879287719727     -10.18989944458008      2.857324197995087      1.829541061598541      7.951758026515998    -0.7429632335051815
                   6101      8.083700180053711     -5.582868576049805      2.838357604012134      1.814884164355422      24.16610382779402     0.3538911895593376
                   6102      8.030247688293457     -7.028861045837402      2.819495691156034      1.800698117676519       22.5507249423145     0.2701926682402155
                   6103         17.04248046875     -2.510430335998535      2.820074646998166      1.794531273190591      102.6471705152102      1.782497778250474
                   6104      1.496275663375854     -9.052359580993652      2.808233709592988      1.781579762001655       17.9191388801796    0.02561852858039305
                   6105     -17.32344055175781     -6.125083923339844      2.791347299009377      1.768061474047149      30.59207906013264     0.5468422230415382
                   6106      4.592508316040039     -8.083296775817871      2.775706391347899      1.755644942558569      22.55293145303444     0.2292995894022741
                   6107    -0.3534579873085022       14.9152307510376      2.766271940632362      1.757825446532881    0.03620065296119108     -6.207407089727322
                   6108     -9.712665557861328      -8.91396427154541      2.750289987817639      1.752274099814104      14.94719596689914    -0.1931625066280378
                   6109       16.3988094329834     -1.624748706817627      2.747537331627084      1.748087080505865      113.7859469554701      1.833239098699539
                   6110      9.737651824951172      7.076199054718018      2.736912795999483      1.753883122270734      1.301825184001491     -2.637876921662721
                   6111     -3.606430768966675     -3.225802898406982      2.728419814664809      1.747338649158644     0.9520024456186948     -2.957678211948558
                   6112     -19.31831741333008     -8.199416160583496      2.707948218358557      1.735119679809344      38.26995072896258     0.7216256215459503
                   6113      -5.84952449798584     -11.36123371124268      2.702985267971809      1.726503156761287      13.91889257964275    -0.2966050353350241
                   6114     -4.522451400756836     -9.789490699768066      2.687427354595443      1.716554981678746      18.89022062343023  -0.002758926570600846
                   6115      10.98966979980469      8.954259872436523       2.67790881403146      1.719632570561811       1.41858636158372     -2.593499315663005
                   6116      13.96910667419434      6.710161209106445       2.67225614541788      1.716330024830294      1.910575622007299     -2.299791026251876
                   6117       8.35726261138916      5.824437141418457      2.665123438527619      1.712035434140817      1.424501370216074     -2.598551827500281
                   6118      15.20241451263428      1.503823280334473      2.645617289248131      1.700608905669514      56.38112448904541      1.065718200497014
                   6119      7.968462467193604     -8.909346580505371      2.633544120838071      1.690685220517245      18.37671208805522   -0.06575838251272458
                   6120     -2.583860874176025     -9.184785842895508      2.617015659866431      1.683953899130098      22.38474062717449     0.1212516374769936
                   6121      16.68500709533691     -1.937138557434082      2.615393061740524      1.681994241098035      135.2747156813657      1.918395161777728
                   6122     -13.46599292755127      -8.80571174621582      2.604482813643997      1.672697031845536      25.80466998973251     0.2519199009243011
                   6123     -27.98051452636719      14.66359424591064      2.606672378289006      1.669828798129457   0.002047885384005954     -9.190458990390058
                   6124     -23.56194114685059      5.631768703460693      2.617334655969545      1.670791280954089    0.02236134534627678     -6.795274651044495
                   6125     -10.00408840179443    -0.1830811500549316      2.609405605839973      1.666174378545618     0.0471102227197503     -6.055919607501119
                   6126      5.647576332092285     -6.243508338928223      2.594258487484786      1.656734540027825      26.13068482788276      0.250952522960177
                   6127      3.907225370407104     -9.702377319335938      2.579712044249637      1.646937737873716      25.46280291517639     0.2135070927699642
                   6128     -27.55294990539551      17.39755439758301      2.575756027292703      1.643426260818528   0.004232478682896839     -8.492348154997023
                   6129       5.57948112487793      0.865445613861084      2.573702816342904      1.644678202451393      1.743510133898679     -2.471516224790036
                   6130     -4.504587173461914     -9.744949340820312      2.560509219711874      1.635864532021999      29.67044511190875     0.3522220049941857
                   6131     -25.05929374694824      11.08058834075928      2.560649073892684      1.632648150298341    0.00562758922876701     -8.219917044311734
                   6132      -14.9443302154541     -7.157367706298828      2.555228034884654      1.630208728536836      42.75265692400429     0.7119738604674881
                   6133      5.390355587005615      11.54440689086914      2.550724890765304      1.627927053751909     0.3253793309986624     -4.169385570312527
                   6134     -4.011992454528809     -10.03821086883545      2.538556755843314      1.626593178680566      34.19087759598734     0.4797353235356184
                   6135      -18.2109432220459      2.142730712890625      2.539656734381088      1.625507176326195    0.04302807292263647     -6.198360728402302
                   6136     -19.09793090820312     -8.052535057067871      2.523882078137227      1.617457091004791      55.21500289016821     0.9475811359605675
                   6137     -7.333349704742432      -11.5578784942627      2.510963908841043      1.610089161291917      30.06757307479738     0.3300965342482834
                   6138     -8.417559623718262     -10.76788902282715      2.495734415051275      1.602088516613297      38.40325743941172     0.5637264123948008
                   6139     -4.354724884033203     -10.01233386993408      2.480573891150808      1.593092015661401      50.88893187480097     0.8335051700585154
                   6140     -3.828170299530029     -10.96557712554932      2.467609296168375      1.583704513115365      52.68687147924493     0.8570758090414559
                   6141     -11.91687488555908     -9.657791137695312      2.454530976500466      1.575717304944164      30.80857967101502      0.310132492664542
                   6142     -11.95285320281982     -9.477666854858398       2.44160642837559      1.566977819134229      38.48347797619871     0.5217269946463631
                   6143     -12.88446044921875     -10.79819869995117      2.429602274173278      1.558788477463373      32.47410494528999     0.3417724598274653
                   6144      -5.87310791015625     -8.049999237060547      2.415427814697926      1.549794248073971      43.70163521804592     0.6270771055715803
                   6145      8.377494812011719      5.192357063293457      2.415219334575552      1.547703577199019       1.55357004978266     -2.711189099900172
                   6146     -10.85370826721191    -0.3850793838500977      2.412358812237364      1.544336378144088    0.06356484124060086     -5.910802468022392
                   6147     -10.94535732269287     -4.170467853546143      2.403784290239368       1.53931300239679      3.584993601320111     -1.885169827423931
                   6148     -12.82808399200439     -9.018102645874023       2.39036100624586      1.530782634973562      53.35744230981247     0.8039299873472177
                   6149     -14.96413421630859     -10.76059913635254      2.377687746259055      1.522872676444965       40.0807503851798     0.5073161146531314
                   6150     -11.60169219970703     -10.36180019378662      2.364723170946999      1.514289922607596      56.27048185663298     0.8354706761744864
                   6151      2.600369453430176     -8.036996841430664       2.35341202037575      1.506829697321768      33.37653395286117     0.3034201666983659
                   6152      3.941532373428345      11.27993679046631      2.354468211073126      1.511446616924246     0.3051355091559805     -4.387924217107965
                   6153      11.63060188293457    -0.5586342811584473      2.345835216958342      1.514609147459874      54.91870427271182      0.803345898283475
                   6154      10.35359859466553     -5.873458862304688      2.344876879448392      1.507198409224769      29.89927364966207     0.1900126396154332
                   6155        7.5105881690979     -5.881118297576904      2.338244940227755      1.499812556942955      35.78768858098096     0.3620376862453725
                   6156      5.050166606903076      10.50480365753174      2.337141049101844      1.498295422075566     0.5858678993769254     -3.751711471652822
                   6157      10.61339092254639      10.80544948577881       2.33426180197812      1.497164879235607     0.9197018236453487     -3.302743844997517
                   6158      5.188319206237793     -5.944868087768555      2.326569804585683      1.490413545417282      37.28092590348335     0.3916234363488309
                   6159     -5.337899684906006     -11.00945854187012      2.315638624303383      1.482210881901128      65.38669929247678     0.9432321740946192
                   6160     -15.59755229949951     -10.28518962860107      2.313146549602674      1.476094487008681      51.57572707311066     0.7007526220064302
                   6161     -13.30558490753174     -8.074962615966797      2.304278951156446      1.469463947541986      58.15661851370746     0.8124981569335215
                   6162      -15.0817699432373     -5.590394020080566      2.294276474414953       1.46339641656805      31.77707190944639     0.1996155851653924
                   6163     -26.93011856079102      11.77317428588867      2.298111601743702      1.461719880412845   0.004928859539061782     -8.571253177135665
                   6164      -27.9891357421875      10.27245903015137      2.301181326355112      1.460392629508708   0.007670941360593356     -8.128495017520141
                   6165     -24.89688873291016      4.230188369750977      2.301152990877458       1.45742138851261    0.02586253706813594     -6.915187817286879
                   6166     -25.11842727661133      6.669790744781494      2.300900765348286       1.45515681804475     0.0267551048991698     -6.882922643888999
                   6167     -25.48628616333008      5.629212856292725      2.299038946128457      1.451978893316883    0.03985693482653945     -6.487347313827216
                   6168     -21.38567924499512     0.3369274139404297      2.296121266479413       1.44892436663459     0.1807111348196338     -4.979119718606163
                   6169        -16.77294921875     -8.242470741271973      2.285982505992051       1.44288945036767      67.25489743840048     0.9316264044419983
                   6170     -24.50339317321777      3.202139854431152      2.280992227938365      1.439902429869071    0.04311671142431137     -6.424965745018691
                   6171     -20.75394248962402      5.722063541412354      2.276178997282896      1.436832596754689     0.0286792013019036     -6.836950862469087
                   6172     -17.71178817749023     -7.490456104278564      2.264739850098255      1.431497261174063      75.56978760365338       1.03093038229802
                   6173     -18.26438522338867     -7.749374866485596      2.252830115743267      1.426061250729606      84.05494098559426      1.128267159010802
                   6174     -18.96215629577637     -7.645597457885742      2.241183657555221      1.420628232327761      88.33215273886104      1.168900493462806
                   6175      5.875607967376709      -1.43550705909729      2.236289597007902      1.417938509722382      7.277999265981347     -1.331428890328283
                   6176      5.920351982116699     -10.54163360595703      2.236164350074313      1.413244609308151      19.70662258171278    -0.3387020068101588
                   6177      1.662186861038208      -8.30296802520752      2.230240095344746      1.408018135313312      36.48941144224349     0.2710074903187887
                   6178     -16.71443367004395     -4.762954235076904      2.221307131537663      1.403201138425665       34.7280681976288     0.2140932019953231
                   6179     -1.255917549133301     -10.94585514068604      2.214726865250076      1.402688393623664      40.21274298685964     0.3573966817015704
                   6180      3.592505693435669      9.525446891784668      2.218125373299847      1.404045618825138     0.5139140237369088     -3.999986100989844
                   6181      10.66476058959961       6.25645112991333      2.216761488098176      1.409016612354353       2.16249371517071     -2.560105596076709
                   6182     -13.06032943725586      -11.4371223449707      2.211316246630685      1.404713962655117      42.53451427450253     0.4134304543334049
                   6183     -24.05174255371094      2.332479476928711      2.209943134085517      1.402239324689954    0.05949224471465936     -6.161179069756964
                   6184     -23.58187866210938     0.5941085815429688      2.207072123711992      1.399028046891011      0.122205659472666      -5.44491238486632
                   6185     -22.53378677368164      1.777180671691895      2.204214543616884      1.396284992254441     0.1284520663684576     -5.398320120839538
                   6186     -26.96155548095703      16.62257957458496      2.202648265230834      1.394697155995693   0.005001153911155704     -8.646055932668773
                   6187     -8.660801887512207     -7.747522354125977      2.194602969340863      1.391813310562709      33.53221889146952     0.1588083078225685
                   6188     -13.82614040374756     -9.130229949951172      2.184130132710716      1.387190034127997      82.73835959489212      1.053874104042964
                   6189      16.51299476623535     -1.989270687103271      2.181026534805426       1.38360404665742      127.8096293636384      1.484722248231494
                   6190     0.4666609764099121     -8.629095077514648       2.18321604650328      1.378260807342191      38.87285353484459     0.2916106003148131
                   6191     -5.720661163330078     -10.35014724731445      2.173485847120613      1.373996136951614      71.74929285570916      0.896926626739308
                   6192     -12.33131980895996     -9.504018783569336      2.164318954717494      1.368588901407635      80.03174288803356     0.9980022792192107
                   6193     -1.245446681976318     -4.587520599365234      2.158937980588905       1.36595150849536      4.312667207732668     -1.927282773150524
                   6194      11.85474109649658     -5.142024040222168      2.159328354099214      1.360509298233339      40.97352975030129     0.3202755678576525
                   6195     -18.81426048278809     -1.130385398864746      2.159490780248371      1.357524649506491     0.7744329503110218     -3.650395834066286
                   6196     -21.40701103210449     -2.049883842468262      2.159880454020205      1.357089037866972      1.571710381091971     -2.942747705961155
                   6197     -28.44576263427734      10.99908924102783      2.159612319931853      1.356049071402708   0.008902197291679815     -8.117260059029952
                   6198      -21.7615852355957      4.605387687683105      2.158397583890412       1.35438057636037    0.05789658105658357     -6.246693661897027
                   6199     -23.05666542053223      1.970563888549805      2.156338425273739      1.352326192313655     0.1604879984741947     -5.229605304573274
                   6200      -8.45799446105957     -11.96233081817627      2.149180651668106      1.348243012964228      46.80574652870921     0.4395879203328108
                   6201     -10.38726425170898     -7.839767456054688      2.140575508706255      1.344546903672874      49.68480121707633     0.4925238653904962
                   6202     -6.941420555114746          22.3427734375      2.141775646689327      1.344981503817669    0.03712859962307371     -6.705659253740222
                   6203      11.96770191192627     -6.017494201660156      2.139302229673586      1.351721901159282      37.23621806453834     0.2088338542299865
                   6204     -22.00894355773926      1.700817584991455      2.136401527507476      1.350418689089391      0.217969101690513     -4.934171407003266
                   6205      -16.3155460357666     -1.418018817901611      2.133420093966143      1.347760349167608      1.268136825933442     -3.176587673141229
                   6206     -13.69837379455566      4.422468185424805      2.131667278710149      1.345741572813098   0.002740595242216654     -9.316037504951549
                   6207     -27.69455528259277       9.84385871887207      2.128330304712913      1.343295491706352    0.01441157550963626     -7.659566860027939
                   6208     -24.07879066467285      2.843124866485596      2.125846910050949       1.34144396709162     0.1798781844370618     -5.137865534579449
                   6209     -3.993300676345825     -10.79345226287842      2.117767302483381      1.338826838623638      78.04079754744144     0.9290808325673772
                   6210     -17.71446800231934     -7.531933307647705      2.109234993147004      1.335346616737627      111.1400011437284      1.275999879249391
                   6211     -15.57072830200195     -7.551558017730713      2.100591635677278        1.3313958558228       112.415781934449      1.280344265823735
                   6212     -10.92033386230469      -10.1921501159668      2.091671554101822      1.327044815051252      78.70755429285808     0.9163501844356144
                   6213     -17.03471755981445     -9.736698150634766      2.082830742575568      1.322807379127339      89.67492303146646      1.039368333742292
                   6214     -18.92081069946289     -8.105193138122559      2.074674146052539       1.31841876369888      119.5530893837542      1.319690736584128
                   6215      17.92640495300293     -2.377371788024902      2.070947247458376      1.314119121626736      129.1613998432571      1.391928451335374
                   6216      12.43741703033447      5.380202293395996      2.076049152955738      1.312589630342653      2.997191217146444     -2.370162780435747
                   6217      0.862617015838623      12.70654487609863      2.082722411955481      1.312242301926394     0.1077820049323037     -5.692538334244841
                   6218      9.098102569580078     -3.420826196670532      2.080308092239291       1.31230268306773      33.11856463435706    0.03408634742037739
                   6219     -5.908373832702637      20.52978897094727      2.079584259923223      1.316574019557617    0.03878083964772745        -6.712935070569
                   6220     -10.31864643096924      -7.34037971496582       2.07419869290918      1.315146392148959      46.68176758313089     0.3765695496249191
                   6221     -11.82913494110107     -8.449728965759277      2.066379966009204      1.311855836765141      94.93794500415993      1.080157524980504
                   6222         -18.1630859375     -8.850849151611328      2.060152387608246      1.308905299896123      137.0536716018086       1.44203669188009
                   6223       -16.615478515625       -8.5833740234375      2.055022979511598      1.307175736906833      170.4205560090785      1.656118140631144
                   6224     -18.03345108032227     -8.918329238891602      2.051185520551206      1.304391690329123      171.5743423320141      1.658864364482618
                   6225     -6.080663681030273      -8.35456657409668      2.043954576713325      1.300701541547809      58.69373179986553     0.5798161387827488
                   6226     -19.56295967102051     -7.777317047119141      2.038032800974056      1.297284390129501      156.4508891015574       1.55469331706466
                   6227     -17.34598922729492      -7.67149829864502      2.035948271168599      1.296405187746968      217.5984565021292       1.88290129257891
                   6228     -17.46349906921387     -7.265010833740234      2.034018069908867      1.294804396434535      219.6768463657949      1.890223392060326
                   6229     -17.93487930297852     -7.555226802825928      2.034313531168451      1.294794264531934      253.7526233012609      2.034563098435422
                   6230      1.793893218040466      13.40928268432617      2.033700073779041       1.29368963733559     0.1157977816016807      -5.65886173527529
                   6231     -14.93691158294678     -7.603500843048096      2.030974497875756       1.29220219035663      180.5598349121697        1.6906188171736
                   6232     -5.927864074707031     -9.213417053222656      2.024042143390881      1.287832830433041      68.93415759138718      0.720902199172866
                   6233       2.92151141166687     -4.659596920013428      2.019255415762045      1.284906269484743      14.12532224279855    -0.8689233128317045
                   6234     -10.78488254547119     -9.026856422424316      2.015234651921611      1.284958752474304      87.01404442856006      0.947224781306988
                   6235       7.00014066696167       3.15636134147644       2.01681091882796      1.283981859965813     0.8244983327599853     -3.711803585185535
                   6236      15.44349193572998    -0.1919894218444824      2.015250534202328      1.282207104378472      87.97502325071528     0.9560723487771762
                   6237      8.611591339111328     -6.225757598876953      2.016076058861648      1.278558538112816      35.02668153144753    0.03268946459110326
                   6238      18.66574478149414    -0.9161591529846191      2.011924213359678      1.274084207578595      98.67916271745185      1.062886028670103
                   6239      1.413148880004883     -8.811252593994141      2.010342361129949      1.270385472108849      35.41929939889825    0.03457525028451768
                   6240     -19.64411354064941       23.3682975769043      2.009688695612939      1.269991453235978    0.01830694501768814     -7.533791793290597
                   6241     -5.632608413696289     -9.921870231628418      2.007300712824382      1.268220660223871      81.66436347183399      0.866716458509597
                   6242      5.325038433074951      4.326554298400879      2.006069340163147      1.266630546242479     0.5681907659652697     -4.103067558524949
                   6243      13.75312328338623     -4.802280426025391      2.001583618117572       1.26647325248675      46.52654856181978     0.2998908194796389
                   6244      13.57155227661133     -1.864855766296387      1.996673093461946      1.262535658200636      87.11681939903642     0.9215474234790774
                   6245      15.04550075531006      5.271872520446777      1.995428545614512       1.26155496236763       2.36911597054986     -2.684586242638475
                   6246      12.28912162780762      9.178918838500977      1.993514711720625      1.260201797332772      1.109451100154898     -3.445270493246282
                   6247      5.248991012573242      3.785466909408569      1.991363855577159      1.258689593593476     0.5741136143279597      -4.10634404893963
                   6248      13.44911003112793      4.095363140106201      1.988434637266408      1.256870037016598      5.549865570081323     -1.840561060827906
                   6249      9.595014572143555      6.988345623016357      1.986162389345726      1.255807761307926      1.978734475627506     -2.873866198300068
                   6250      17.50598907470703     -1.950257301330566      1.980368472388024       1.25241194609495      132.8463628566675      1.327240453248371
                   6251      11.37067699432373      6.714815616607666      1.976999272274741      1.250898248779971      2.466714185842644     -2.661977970058337
                   6252      11.58491706848145      8.431598663330078      1.973501981195509      1.248983751958041      2.183837748986607     -2.787083407704025
                   6253     -5.890646934509277     -9.326555252075195      1.967591602942497      1.246850981285136      84.25820872467543     0.8610103991580723
                   6254     -17.16906929016113    -0.2645049095153809      1.970084098818518      1.246320513466682     0.3883344790274961     -4.517923412874716
                   6255     -23.15546417236328     0.5761709213256836      1.979039996921299      1.244561261049108      0.243142232348911     -4.983020758738999
                   6256     -23.87944030761719      1.132311820983887      1.985651339162282      1.243025682695298     0.2382165845761494     -5.001386549153186
                   6257     -19.25440406799316      4.706182479858398      1.990417014350737       1.24308004804843    0.03232319919143247     -6.996340698390754
                   6258     -24.33819770812988      5.562656402587891      1.993658258162689      1.241776643573231    0.05554966418088857      -6.45427041954702
                   6259     -26.27131080627441      6.708043098449707      1.995520785089282      1.241274351134637    0.03737531739224623     -6.850008153661749
                   6260      -28.1029109954834       8.85410213470459       1.99683115126613      1.239638751764871    0.01507394184834343     -7.758713238005904
                   6261     -15.11228370666504      8.171563148498535      1.996230326109994      1.237636765796567  0.0008504687107675712      -10.6355656580898
                   6262     -11.66868877410889      1.649025678634644      1.992583604952235       1.23771631624334    0.01772867833056585     -7.600178628408795
                   6263     -16.56888961791992     -6.881662845611572      1.987999959891877      1.237295919140624      206.0401305758892      1.757821320224298
                   6264       10.3067102432251      7.757521152496338      1.988240031041312      1.236310022679134      2.973891333198863     -2.481054709975064
                   6265      4.382415294647217       15.7214241027832      1.987168722592921      1.238648255657399    0.05425147437523548     -6.483700582015188
                   6266      2.248849868774414     -8.209644317626953      1.986160205134851      1.237022430307378      39.12115899305852    0.09526691271278047
                   6267      3.551013231277466      7.398996353149414      1.985783139622412      1.235547781769131     0.3025556333740409     -4.768269335905504
                   6268      12.71448707580566      8.982587814331055       1.98416818764038      1.233790703003853      2.024082134733887     -2.869899603526732
                   6269     -18.32158088684082     -7.202481746673584      1.983313055747761      1.234695312415656      253.2865532491953      1.959807390917871
                   6270     -24.09469413757324       6.76686954498291      1.985499842485041      1.233101894303051    0.05460495318214418     -6.482534144670272
                   6271      3.047908306121826      7.384872913360596      1.984965619669511      1.232093668106332      0.291351484010584     -4.809215420695632
                   6272      11.65423107147217      -4.95225715637207      1.982537884558454      1.230470284066859      43.82216405205357     0.2016069285815177
                   6273      6.137899875640869     -9.735076904296875      1.983107822243617      1.228119264790846      23.39589455317177    -0.4275972862538532
                   6274      10.37823390960693      10.03751182556152      1.982451649064297      1.227171879210132       1.68379473880465     -3.060210472854418
                   6275      12.48783016204834     -4.330543041229248      1.978844383494012      1.224197815877352       56.1133926431656     0.4418663127024225
                   6276      5.781521797180176     0.6438641548156738      1.976986046823244      1.222484581278049      1.467707430702101     -3.204146585617899
                   6277      8.300174713134766      11.86497116088867      1.973813694357067      1.222484243669656     0.4962625714176498     -4.290104518308912
                   6278     -12.32309722900391      1.421393871307373      1.971581893759909      1.221620914303673    0.02979392258902702     -7.104743053067318
                   6279      3.573228359222412      3.084356546401978      1.969406670499274      1.220599920291507     0.4363263621140724     -4.422597002272888
                   6280     0.5890053510665894       9.82073974609375      1.966115969497036       1.22123921422175     0.1764625184041317     -5.329027699679917
                   6281      11.54007148742676     -5.377310276031494      1.960666752761349      1.220294190688384      55.10595882685023     0.4113274066403377
                   6282      -22.0463695526123      3.815713882446289      1.959710279213343      1.219295742163331     0.1354188763556128     -5.598619453611381
                   6283     -28.44724273681641      7.678654670715332       1.96359302342417      1.217474418540513    0.02490931239654711     -7.291266033375615
                   6284     -25.60597610473633      2.968038558959961      1.966089121319176      1.215660779011654     0.1445601830021483     -5.533032249094946
                   6285     -22.79119682312012      5.703060626983643      1.968145412644271      1.213828502380156     0.0977762492762393     -5.924509495153943
                   6286     -10.58665752410889     -10.87173748016357      1.965544526290248      1.212040286418434      72.25776204101965      0.678007186270295
                   6287     -6.199484348297119     -10.91196632385254      1.960229742424197      1.210940162733045      98.46306933869678     0.9838332667897005
                   6288      9.727105140686035      3.339748382568359      1.960347383189745      1.210051290576843      2.265931539538672     -2.788536622713012
                   6289      6.798985958099365     -9.552258491516113      1.960018501596675      1.207920981399492      25.38754502996695    -0.3741937162842827
                   6290    -0.1064622700214386     -7.944272041320801      1.956237489054746      1.206348908526419      38.84809523565121    0.04797337955038827
                   6291      8.389919281005859      3.367037057876587       1.95500863514803      1.205196530589474      1.578884425666136     -3.156551216399567
                   6292      15.27321529388428      6.543406009674072      1.953128475777504      1.203896148865913      1.870652997467106     -2.989023926278934
                   6293      12.71724605560303     -4.710593700408936      1.951455667243539      1.200568442140302       69.9696288093858     0.6291249959639772
                   6294     -4.011780738830566     -9.693085670471191      1.946334973450048      1.198189792275623      105.3277667258872         1.033530076394
                   6295      12.19110774993896      5.032107353210449      1.943520841085692      1.197350189779361       3.70488263291755     -2.316043299356372
                   6296      13.90089225769043      8.600606918334961      1.942016454143657      1.196778072976631      2.067547643363504     -2.900583973399597
                   6297      1.218393445014954     -8.553202629089355      1.938231037981558      1.194393621892808      52.11995307925273     0.3226551859309107
                   6298      9.016119003295898     -4.645246028900146      1.933901379980906      1.192344861807292      50.00825414143078     0.2773423036809911
                   6299      6.831335544586182      2.977214813232422      1.931297966093073      1.195960259219454      1.293236403981665     -3.376017372457849
                   6300     -16.70081901550293     -7.249517917633057        1.9339177549552       1.19658608744843      289.1976886535368       2.03582392915852
                   6301      6.777387619018555      8.054180145263672      1.932122700080045      1.195603982180029      1.498903059088391     -3.228302742416663
                   6302     -3.824667453765869        19.791748046875      1.929789756466908      1.203632615165382    0.03346053548452902     -7.024940368210636
                   6303      16.79840087890625     -2.932615280151367      1.925184566912624       1.20149383506217      141.5788463914139      1.321137253107015
                   6304      11.04890155792236     -3.834412574768066      1.921446966055177      1.198698730528923      65.94079645741634     0.5527654093287382
                   6305      6.900902271270752       5.76010799407959      1.918539367651609      1.197721633145553      1.563338577405911     -3.191498102546324
                   6306      8.008000373840332    0.07963204383850098      1.915389857611153      1.197966351927327      5.852149397769479     -1.872951406785929
                   6307      8.902703285217285      7.250337600708008      1.912369134404815      1.196371399491064      3.391098955455929     -2.421516969861901
                   6308      12.01474380493164      5.385865688323975      1.910569248488023      1.194815993001921       4.23794816667374     -2.200834358858782
                   6309      8.939180374145508      0.908656120300293        1.9082022658287      1.193035801070457      7.310832896964278     -1.658287078946818
                   6310      13.97743129730225     -2.540113925933838      1.902783224137425      1.189580053062796      125.8208506122703      1.181470077743454
                   6311      12.51470184326172     -3.583276271820068      1.897805217438318      1.187500921193593      97.59276339176931     0.9230454332117134
                   6312      18.15865516662598     -1.734234809875488      1.892889437977397      1.184998248392858      160.8693035475667      1.418131003038678
                   6313      6.523550510406494      5.643172264099121      1.890129345558166      1.183341304738577      1.807464515393182      -3.07339465659228
                   6314      -1.10734748840332       17.6409854888916      1.887711205644288      1.185284473748002    0.05494788655378229     -6.566329173517127
                   6315      2.784536600112915      12.98279190063477      1.885067162634704      1.186550026048513     0.1919899548725468     -5.315605831983753
                   6316      16.28398704528809      5.012201309204102      1.882316231494159      1.185201959410075       3.54095164854324     -2.403495249535493
                   6317    -0.8618831634521484     -9.508388519287109      1.877866575055881      1.185075537516186       63.6127609830889     0.4824499295609873
                   6318      6.216469287872314      13.60019207000732      1.875505708056286      1.185123768746533     0.1892956758291896     -5.336026528934716
                   6319     -2.201152801513672     -7.981204509735107      1.871154118757291      1.183910792169971      57.88091944777373     0.3834593782136116
                   6320     -9.451930046081543     -9.028163909912109      1.866742154946435      1.182615528456869      100.0290662788349     0.9270770757349519
                   6321      -12.4864501953125     -11.70271492004395      1.867900333782197      1.181895733833042      47.96028436857537     0.1920009324431064
                   6322     -15.83464813232422     -8.416784286499023      1.868615322058083      1.182269223250239      269.9603747075755      1.920601522969472
                   6323     -11.39297008514404     -9.577589988708496      1.866489046085434       1.18021389215206      126.1575526535757       1.15697936665739
                   6324     -15.91338729858398     -8.039091110229492      1.871007631702431       1.18177991713164      343.1657191934373      2.161405295071051
                   6325     -18.57413864135742     -8.953877449035645      1.871600475015215      1.180666425556611      272.6611362675307      1.930795731072614
                   6326     -14.08805370330811     -10.27971267700195       1.86822679398036        1.1780263251574      129.7800325280947      1.184364120328183
                   6327     -14.38345146179199      -8.28788948059082      1.866833557999477      1.176463303505126      264.6674969746993      1.894923744055917
                   6328     -4.485535621643066     -9.974994659423828      1.861687109649538      1.173843174730143      115.1695787590612      1.057864881094064
                   6329      5.250320434570312     -6.908335208892822      1.859312802001064      1.171700978427852      35.32115482203189    -0.1271614642168864
                   6330     -7.015317440032959     -11.38792419433594      1.855934864545185      1.168764314331174      88.20350568022438     0.7836752831725484
                   6331     -5.289046287536621     -11.69183921813965      1.851466187624277      1.165978964663761      89.30972579383186     0.7913422853298298
                   6332     -28.11589431762695      7.047450542449951      1.853368219617624      1.168057970414293    0.03238865747514499     -7.127906851380542
                   6333     -17.03667068481445     -5.899807453155518      1.852203824030324      1.166514284845382      175.3461606481953      1.466851311323325
                   6334     -17.05228805541992      2.573770999908447      1.849836945761621      1.165425712657532    0.03837158584476669     -6.962561122916581
                   6335     -22.52047729492188      3.847341537475586      1.850458508757388      1.165615916575001      0.160662645126261     -5.530072416532286
                   6336     -27.36211585998535       6.36126708984375      1.851074771132383      1.166852223208123    0.05114604323942626     -6.673301016494203
                   6337      18.93281936645508   -0.03864383697509766      1.847831366087892       1.16470290396323      90.06290336150371     0.7966800915027306
                   6338      9.356059074401855      8.448331832885742      1.850536186820716      1.164034974527267      3.079598891991342     -2.578139832162007
                   6339      5.505368709564209       11.6767463684082        1.8533560451268      1.163628277919111     0.3952102752861696     -4.630103304012283
                   6340     -28.52428245544434       8.75102710723877      1.853026481734217      1.167809775956012    0.02299891003015745     -7.470665221908853
                   6341      7.662951469421387      1.985534906387329      1.853878663044634      1.169021649496934      2.411514183247617     -2.816604951339674
                   6342     -28.34797668457031      12.24641895294189      1.853964190258333      1.168854815625086   0.006695655313714709     -8.703252806354456
                   6343      10.70220851898193      4.768073081970215       1.85440963908591      1.167800481016568      3.249408170849162     -2.519145695514946
                   6344      11.02835655212402      10.56692981719971      1.855047138472307      1.166716645406239      1.449019480586299      -3.32731628175947
                   6345      1.208814740180969     0.8238267302513123      1.856149226691466      1.165588841388913     0.1796517157076508     -5.415311793476199
                   6346      13.20552062988281      1.491427421569824      1.856115778479103       1.16402873404832      29.44527167474096    -0.3174006237610386
                   6347       14.0813684463501      4.721728801727295      1.857157844720007      1.162481022998021      5.207296374349644     -2.050642410649723
                   6348      17.22048377990723     -2.273612976074219      1.855716355305624      1.159587204103391      166.8129425170463      1.412900945768347
                   6349      5.779644966125488      1.971149206161499      1.854704352122682      1.158239667880062      1.598040083881784     -3.236902454232553
                   6350      14.42455577850342      6.582464218139648      1.853596796323621       1.15686464246015      3.325332523466995     -2.505895921089043
                   6351      14.61951160430908      5.194038391113281      1.852625602669322      1.155581798470586      5.332847493215844     -2.035213863538897
                   6352      -5.53717565536499      18.42936134338379      1.851079190862925      1.158828963922903    0.02527058870356705     -7.385242278842513
                   6353     -1.186696648597717      7.172092437744141      1.848735126653388      1.158697666642303    0.03519981538070576     -7.055223092391353
                   6354      15.20176792144775    -0.9585161209106445      1.848254785145377       1.15703906458802      149.5822731655091      1.297645595124818
                   6355      5.060133934020996     -8.730034828186035      1.845229562461053      1.155217771395179      38.26017023302811   -0.06900503421800518
                   6356      5.308407306671143       -4.5305495262146      1.842132112069433        1.1549932043989      26.05973033484963    -0.4548976728622363
                   6357      9.979080200195312     0.8806495666503906      1.839802270420673      1.154030953549909      11.26272060979467     -1.295889708891808
                   6358      14.54695415496826       4.63599157333374      1.838125820489315      1.152423235046595      5.924485488602839     -1.940599805389355
                   6359      16.40213203430176      3.006851196289062      1.836455937301901      1.150861772786654       14.8891701293037     -1.021324279977111
                   6360      13.06928443908691       4.23202657699585       1.83485844168947      1.149550436981715      6.958396261556568     -1.784019712084972
                   6361     -1.928147077560425      17.03698539733887      1.832713498286455      1.149353510189594    0.05833427906896278     -6.566875121745929
                   6362       1.04693865776062     -7.795674800872803       1.82932705365583      1.148427605398376      48.78000419346287     0.1593553405425456
                   6363     -16.85914611816406     -8.667043685913086      1.831812637248208      1.151439422204494      360.7071354792351      2.164078175663037
                   6364      -10.3371114730835     -10.18901062011719      1.831173155361103      1.150234434508101      105.8534023310437      0.936670733357831
                   6365     -8.465300559997559     -11.17517566680908      1.830131845198798      1.149110984074517      95.70486871341599     0.8343387545059331
                   6366      12.77533149719238     -3.810120105743408      1.826737536129947      1.147010782968407       97.5137640887862      0.849377371686186
                   6367      4.710816383361816     -8.657979965209961      1.824175413149843      1.145198103555665      46.01477008293082    0.09536111416733073
                   6368      5.196101665496826      -7.82075309753418      1.821098207082236      1.143374915861278      48.32224040665421     0.1410089752765265
                   6369       13.6000509262085      1.833798408508301      1.818886882797938      1.141554347922987      31.85753612548156     -0.278417539283046
                   6370      8.691954612731934     -2.360891819000244      1.816771917526142      1.140179337122691      23.74047744766165    -0.5748786959198574
                   6371      14.66200923919678      -1.86646032333374      1.812472586281575      1.137915577987276      168.6534865689093      1.381429351615179
                   6372     -18.36186790466309     -7.371590614318848      1.813665167203484       1.13876787350643       358.669406988487       2.13739069529006
                   6373     -12.04292297363281      -10.0813159942627      1.813198817079507      1.136695554922815      138.0235092421703      1.180335018050625
                   6374      11.38218688964844      5.960092067718506       1.81204903028517      1.135921376933468      5.280632872310847     -2.084358688223552
                   6375      2.224422693252563     -8.310285568237305      1.808910609914544      1.134272308098952      59.57717506288675     0.3356816158503684
                   6376      10.99216461181641      8.763042449951172      1.806972109382291      1.133416957295176      3.600851535262876     -2.472247156435236
                   6377      14.36422824859619      7.653690814971924      1.805055892776066      1.133158758501328        2.8534000630363     -2.706195075212585
                   6378      16.88170623779297    -0.6076030731201172      1.800904095814662      1.130963231599855      167.6582108900428      1.362978935009275
                   6379      16.61956977844238      3.177324771881104      1.799139834354959      1.129541873106446      13.63546330959038     -1.148512209780993
                   6380      9.675620079040527     -3.409488677978516      1.796256914088123      1.128560811151165      55.46040377114559     0.2520105163717847
                   6381      16.00091552734375      3.466492176055908      1.794444545695538      1.127739064072715      12.55615333526643      -1.23518583439524
                   6382      14.02677154541016     -4.194106578826904      1.791006984638501      1.125388475385521      110.0827518940289     0.9318316690309447
                   6383      6.760976791381836     -7.756726264953613      1.788157491673068      1.123922278423847        43.170499993197  -0.007139265613419034
                   6384      14.07955169677734      1.052103996276855      1.784992654995989      1.121839438285934      63.46413049359008      0.374551851975915
                   6385      12.30675029754639       3.64390230178833      1.783020119468855       1.12101923345432      7.637291840623083     -1.744717020869297
                   6386      15.04618167877197      4.587509155273438      1.780747008666931      1.119970217527519      8.592652060926147     -1.629064550267467
                   6387      14.11898899078369     -2.628830194473267      1.776655027699816      1.117852921834486      168.9043157840017      1.345167571326653
                   6388     -1.976493120193481      7.396466255187988      1.774640017736817      1.116837995981637    0.02840215477850099     -7.347498208430995
                   6389     -1.369220614433289     -7.320874214172363      1.771685798213036      1.115521933749451      41.20320138016032   -0.07053713848260676
                   6390      6.674651145935059      13.63533020019531      1.769746705804767      1.115023690535847     0.2050790915131759     -5.374954492214568
                   6391       5.26228666305542     -8.110493659973145       1.76638674925098      1.114047080014308      59.19674068822162     0.2874949483839424
                   6392      3.474627494812012     -8.191055297851562      1.767042008105858      1.113330603653019        68.599893622545     0.4346470029823886
                   6393      14.68907928466797      -3.11541223526001      1.763253732609362      1.111569343098197       180.867775731317      1.400392882600933
                   6394     -7.936285972595215      22.27605628967285      1.761489779123586      1.112016373948063    0.02916202587918064     -7.332860077063264
                   6395      6.330470085144043      10.20467472076416      1.760493720422605      1.115779655662422     0.9156865814762244     -3.883240451145763
                   6396     -26.98760223388672      6.763703346252441      1.765274126737708      1.116612724863663    0.06420412674262888     -6.537389064345046
                   6397      7.850858211517334      9.014190673828125      1.767057316031702      1.118872814628281       2.51056437245766     -2.868162044105734
                   6398     -7.128465175628662       23.2223014831543      1.765399607444473       1.12079116955502    0.03334486605301569     -7.188746565662632
                   6399      9.656673431396484     -2.137180328369141      1.762663304753473      1.120574661111713      36.84140161873977    -0.1830172069423057
                   6400      13.61487197875977     -3.350459337234497      1.759634501307638      1.118202131243102      170.6474476305141      1.346120977521994
                   6401       18.1877326965332     -1.761499881744385      1.757355433520724      1.116589329566382      184.7542794193348      1.422808590648331
                   6402      4.983659267425537      2.215235233306885      1.755881707815212      1.115550501103032      1.378919952126849     -3.476687330542995
                   6403          15.6708984375       4.51334285736084      1.753911162776828      1.114119061381399      9.007524444163233     -1.602334479451002
                   6404      11.93790054321289      9.628809928894043      1.752024174020669      1.113235465841471      2.728276043958932     -2.798594690411527
                   6405      14.67688179016113       -2.9759361743927       1.74834283328065      1.112606239778193       217.392571766295      1.576771405097522
                   6406     -2.151463031768799     -6.441145896911621      1.746519862047922      1.111191297733591      22.76657574698617    -0.6819556912501448
                   6407      15.21996021270752     -2.989433526992798      1.744901334535528       1.11086354511256       237.297140126258      1.660841791014637
                   6408      4.325465679168701      -7.64716911315918      1.741745247861939      1.109121725568083      68.20097484640378     0.4106079348326871
                   6409      14.44237327575684      8.000278472900391      1.740245653351738      1.108522150640503       2.75734669296456     -2.798984124335538
                   6410      13.51031875610352      5.711630821228027      1.738076696555102      1.107422450980644      8.309190762060958     -1.698130437532096
                   6411     -11.44661140441895     -5.537730693817139      1.737907230255919      1.107022473125332       16.8923620985594    -0.9890898388011805
                   6412     -7.079816341400146      22.85307502746582      1.737145708921716      1.107629900322122     0.0387779937332809     -7.065743502709493
                   6413      4.505009651184082     -11.07629776000977      1.736051218988313      1.110005388878852      18.42853582432047    -0.9004287010302138
                   6414      -6.15959358215332     -9.293312072753906      1.732438216230629      1.108715085142016      123.7977092714626      1.001073395985427
                   6415     -16.94914817810059     -4.807451725006104      1.731992306042868      1.107945879221466      72.84755533147626     0.4698420697624953
                   6416     -12.63620090484619     -9.017202377319336      1.733986165608415      1.105778825205116      175.7643566153112      1.349810006665106
                   6417      11.12637996673584       8.09254264831543      1.732620848220997       1.10549836450984      4.835604588026005       -2.2443694039465
                   6418    -0.2564598321914673      11.84875011444092      1.730841646563415      1.105237352257984     0.1132256444924064     -6.000011710287598
                   6419      13.59189701080322      9.316761016845703      1.729143583795141      1.105383400827033      2.677375928593733     -2.837651339035598
                   6420      7.161256790161133     0.3635222911834717      1.727449619529554        1.1044032947014      4.698139562058814     -2.277189125065631
                   6421     -17.25997161865234     -7.205500602722168      1.728781870578827       1.10536838259956      400.2661354193669      2.169418346886158
                   6422     -26.71723365783691      6.574918270111084      1.733943246501818       1.10451596804987    0.07808527565746391     -6.370455437085901
                   6423     -13.98770141601562     -3.113612651824951      1.737831798928275      1.103621927911707      4.558676586707041     -2.302038978878387
                   6424     -24.49968719482422      5.851869106292725      1.740038082008482      1.102561025001676     0.1110331650069391     -6.016690675277138
                   6425     -18.22216415405273      2.037503242492676      1.741503798988954      1.101450251004475    0.09230321599716171     -6.201606595778288
                   6426     -26.16422843933105      4.775991916656494      1.742435822817872      1.100298070004594     0.1053994644907193     -6.069439589645818
                   6427     -23.88850975036621      2.230692863464355      1.743113874512481      1.099305701292984     0.2541540434460423     -5.189769843073226
                   6428     -23.44388198852539      2.943891048431396      1.742543148032011      1.098129335547725     0.2713607050140527     -5.125659589037278
                   6429     -23.97001075744629       3.07685661315918      1.741974042762794       1.09708182720876     0.3005027349943185     -5.024932690068189
                   6430     -25.29917907714844       6.08164644241333      1.741075010661526      1.095950572113809     0.1407643186627164     -5.784850466525899
                   6431      -26.0876407623291      14.17588233947754      1.740462918913151      1.095834562970413   0.002202634019907459     -9.942741013187346
                   6432     -27.07311630249023      9.392365455627441       1.74017494855992      1.096501259901917    0.02476660639685977     -7.522455972524298
                   6433     -27.99175071716309      12.68023681640625      1.738872217216364      1.095516923490243   0.006515462474697645     -8.859421018910215
                   6434     -17.35734558105469     -6.598448753356934      1.737903419750086      1.096198029535667      345.5961113649384      2.019491082343688
                   6435     -18.99459266662598     -7.892887115478516      1.736797246764773      1.098288039238764      377.5475455702473      2.109184888830269
                   6436     -6.032179832458496     -8.997034072875977      1.733221913731672      1.097957537733502      121.7166668262536     0.9748226506807881
                   6437     -19.52155494689941     -8.131821632385254      1.731278892316504      1.098346864588772      336.3079069982727      1.990386694437434
                   6438     -18.21567916870117     -8.391496658325195      1.732454105907533       1.10056769759894      466.6733967949261      2.320687731263892
                   6439     -18.73936080932617     -8.156208992004395      1.733652601093065      1.102319253194624       478.453998051416      2.347899939254404
                   6440     -8.167965888977051     -7.944537162780762       1.73108915003929      1.101471476366338      74.24050045984583      0.482400583828431
                   6441     -2.843142509460449     -10.11116790771484      1.727975719837115      1.100079126742231       96.3980284874367     0.7405114656066502
                   6442      9.246669769287109      3.133882999420166       1.73115173978856      1.099277130326717      2.797363888733799     -2.798189766818314
                   6443      12.32474517822266     -5.110722541809082      1.734428772613266      1.097516974449631      92.20421463360427     0.6974272808890164
                   6444      12.93345642089844     -3.966416358947754      1.736803217417202      1.095119083332899       158.013907964908      1.235285341274594
                   6445      12.51566028594971     -4.565616607666016       1.73579162096757      1.093175337443228      137.3390233269944       1.09269566738617
                   6446      -7.79107141494751      21.82179641723633      1.735857713186617      1.096408816652792     0.0422793579724316     -6.990221540240133
                   6447     -17.90496253967285     -7.292028427124023      1.739571707229916      1.100892589182148      522.7597980225875      2.438575300183223
                   6448     -7.344772338867188      20.37927055358887      1.739014986810212      1.103576509093674    0.04302695302272554     -6.964360428655925
                   6449     -2.842640161514282     -3.589332580566406      1.738817835989259      1.104022113024836     0.8678671612289752     -3.959858175109429
                   6450       4.23470401763916      5.854589462280273      1.738154233776759       1.10325121239798     0.6140500290023428     -4.306900654892408
                   6451    -0.5039647221565247     -12.26149559020996      1.737240490150654      1.102723641875561      14.34398132092059     -1.156895493571842
                   6452      12.10986423492432      2.977931022644043      1.736136659445801      1.102657703677107      9.858731420716959     -1.532563819114962
                   6453      7.903437614440918      8.804821968078613      1.734678628405732      1.105589324325824      2.885508175973414     -2.759405300032994
                   6454     -18.31806373596191     -8.058669090270996      1.738926999768402      1.109015932742806      558.5599687727673      2.511796304382143
                   6455      16.47271537780762     -2.913439750671387       1.73648602408857      1.107752817827117      212.2232788095753      1.541528927749005
                   6456      2.277309417724609     -9.394291877746582      1.734534294304684      1.106492042654529      54.74608814074473     0.1843325504796941
                   6457      11.44072532653809      3.939808368682861      1.732803290165993      1.106277160587632      6.575076455748481      -1.93627984305893
                   6458       6.90678882598877      9.263293266296387      1.731744333831898      1.106835368578007       2.05424645186737     -3.099763813584012
                   6459      10.11474323272705      9.173738479614258      1.730105447670611      1.108012292423007      3.992290749467637     -2.435191783906747
                   6460      12.69977951049805      4.896599769592285      1.729528273329997      1.107085991758786      9.169702752562266     -1.604822116110664
                   6461      10.89701461791992      6.173226356506348      1.728239508031023      1.105984788730615      5.821621487692624     -2.060888770675939
                   6462      15.75410556793213      2.444391250610352      1.727276288381153      1.104857064760222       27.0621759042333    -0.5259082429369074
                   6463     -2.244111061096191     -9.712113380432129      1.724622952623153      1.103684160723359      86.49731843684563      0.633468667444642
                   6464     0.2604013383388519     -8.025737762451172      1.722020951306983       1.10386745770484      59.79571848029944     0.2629455037633997
                   6465      9.749300956726074      4.957190990447998      1.720507327989113      1.103678819231883      4.556569273566596     -2.312468839842259
                   6466      14.20787334442139     -3.043725728988647       1.71718583726496      1.103013799139851      236.0726427916356      1.632565612299342
                   6467     -26.00937652587891      4.905250549316406      1.717026740530289      1.102398032373981     0.1405563356187421     -5.794371927426385
                   6468     -19.92972946166992      6.251652717590332      1.720781989001483      1.101509018697422    0.03131787624767717     -7.294413325498772
                   6469      12.89707469940186      7.322990894317627      1.721306915111425      1.100866730835986      5.475442583642885     -2.130852261344405
                   6470      2.339291572570801     -7.936229705810547      1.719392520177977      1.099720095251851      73.16350506577842     0.4594164487193099
                   6471      16.72436141967773     -2.892129898071289      1.716084987922208      1.097838803349092      230.6533557790227      1.603997994390746
                   6472      1.287832617759705      8.610635757446289      1.714886761618685      1.098516651016984     0.1865285640766126     -5.516170086432896
                   6473      5.159358024597168     -8.751583099365234      1.712494773440305      1.097576025854589      64.26165183991314     0.3237114191805014
                   6474     -10.47440052032471      23.10737228393555      1.711397347416215      1.098926846094663    0.05955471638147199     -6.659522492070348
                   6475      3.111924171447754      18.51677322387695      1.710058436513026       1.10126594542304    0.02396602012207723     -7.568437373541833
                   6476      19.25717735290527    0.04562282562255859      1.707336755412476      1.100796710651885      91.82265263549057     0.6805209171113762
                   6477      15.83906555175781     0.4208049774169922      1.704679838207539      1.099736063737946      111.9315930166486     0.8760284176329513
                   6478     -24.68833541870117      2.907694339752197      1.705702725537337      1.101243767951139      0.292778176397633     -5.068229627394645
                   6479     -18.80161285400391     -8.623612403869629      1.711938576078306      1.102366282687831      477.6000024234881      2.333551986901119
                   6480     -22.86508560180664      0.023101806640625       1.71437339442055      1.101499749986926     0.3008253151676634     -5.035812238833313
                   6481      -21.2413444519043     0.7268819808959961      1.716262479310806      1.100514224786152     0.3080720617185436     -5.011802074074448
                   6482     -26.45556259155273      7.110649585723877      1.717668528355263      1.099728836152645     0.1078325858151383     -6.061450898852264
                   6483     -17.83503723144531       2.45361852645874      1.717783584107454      1.098733374795704    0.07105701737570008     -6.479386792056644
                   6484     -28.45353126525879      8.351655960083008       1.71846620856914      1.097838960229067    0.04417098268712338     -6.955218400430139
                   6485      -25.1728458404541      2.603225708007812      1.718577406067776      1.096948396745554     0.2968625895338179     -5.050763924102422
                   6486     -16.78870391845703     -6.313512325286865      1.717724229989929      1.095766472161327      342.8338090315524      1.999393179270266
                   6487     -18.00438690185547      -7.72685432434082      1.721851473599856      1.100446640812707      624.5606466039702      2.605857707315626
                   6488     0.7112101316452026     -8.581788063049316      1.719350845017861      1.100408056669693      71.64237332609811     0.4390075663640715
                   6489    -0.9273512363433838      16.19150352478027      1.721620487799841      1.100112479164968    0.06997163928511675     -6.491293866688054
                   6490      2.037342071533203      12.05234050750732      1.720227728821336      1.104798162413907     0.2035855591089687     -5.419856596509237
                   6491      11.70595645904541     -3.204556465148926      1.720344361716964      1.103574831212055      128.7884530808746      1.028943383459641
                   6492      16.30239295959473    -0.6357965469360352      1.720681388291657      1.101667327379422      181.1621798820445      1.368630789952633
                   6493      6.245540142059326     -8.180929183959961      1.720290728957951      1.100856857766393      55.59798182553362     0.1864220313706139
                   6494      11.66856384277344    -0.3303465843200684      1.720367496424786      1.099975167367594      38.30232609640289     -0.186970853233494
                   6495      17.07367706298828     -1.591480255126953      1.718989676548017      1.097849327336334      230.0854960989367      1.603233777620279
                   6496      8.729405403137207       2.48088526725769      1.718321677432245      1.097442535990842       3.26545949161128     -2.652575977873134
                   6497      1.741112232208252      5.476927757263184      1.716781096803841        1.0982375494114     0.1656942751168064      -5.63376016996649
                   6498      14.41114902496338      4.335445880889893      1.715984566414596      1.097107068566086      11.26458964183199     -1.415979083928294
                   6499      8.366546630859375      1.252427816390991       1.71472870520513      1.096284208823702      5.189150852641481     -2.192555594474112
                   6500     -18.34922218322754     -6.624504566192627       1.71507102300157      1.096634510680211      448.1154617691315      2.266444358764885
