#! FIELDS time deep6.node-0 deep6.node-1 sigma_deep6.node-0 sigma_deep6.node-1 height
#! SET action OPES_METAD_state
#! SET biasfactor       16.03631500507211
#! SET epsilon   3.735419329000485e-08
#! SET kernel_cutoff       5.848558909940468
#! SET compression_threshold                       1
#! SET zed     0.02969237540907513
#! SET sum_weights       735.1629216706898
#! SET sum_weights2       5080.586047217969
#! SET counter  992
#! SET adaptive_counter  500000
#! SET sigma0_deep6.node-0     0.08449757893317401
#! SET av_cv_deep6.node-0     -0.6243666889572257
#! SET av_M2_deep6.node-0       42325.50109654224
#! SET sigma0_deep6.node-1      0.1307196133483062
#! SET av_cv_deep6.node-1     -0.1940307825763921
#! SET av_M2_deep6.node-1       104120.1823792084
                   8000     0.8713887323820994   -0.05768237719448524    0.05542973711561035    0.06679844080551831      15.45658170796125
                   8000      0.653016701650555     0.5083168588696838    0.05114537911468714    0.06433492002526918      7.923481926388151
                   8000     -0.639392265700772     0.7543523861016356    0.04136416498397105     0.0592711617455037      51.89531387903695
                   8000     -0.693831184090638 -0.0001406430487730038     0.0516010530625794     0.0706492476481947      8.574653789073874
                   8000   -0.05384387215419376     0.6024983789456136    0.04642426658418444     0.0594019123023242   0.003034802212462803
                   8000    -0.6496051558799033    -0.8795010003062397    0.03803076738681612    0.06063998603100036       615.370570984868
                   8000    -0.5716132473973742     0.7052680234701179    0.03948192738078782    0.05820909099785281      15.11046070815761
                   8000    -0.7242789378639348    -0.1433906168850562    0.04087810723060966    0.06086129644932012      22.73874758212605
                   8000    -0.6800701162892068    -0.4095643501775179    0.04311843361197551    0.05936891127931615      26.72342876090093
                   8000     -0.859304106633657     0.1380006017072668    0.03893245377507883    0.05953634544112758      0.722214395228275
                   8000      0.297671442703302    -0.2183132181140922    0.04625287464156942     0.0593680893734634   0.001439055871534301
                   8000    -0.4633288085974505   -0.05434986190963193    0.04185395642732116     0.0618040057464361      1.362171725398103
                   8000    -0.7411314200290112     0.2085484105618236    0.04883318402526596    0.06099097111717069      6.654650707543754
                   8000    -0.6562446476224018     0.5314957327585482    0.04767088449691708     0.0710619097302734      53.16958309411026
                   8000    0.01685733706130678   0.002371831973886128    0.06487141249095399    0.07280106399199915  2.473788079514768e-05
                   8000   -0.05278554805991848   -0.09868577723987511    0.06590395263353349    0.07467730881382457  0.0002673503277160908
                   8000    -0.5861880981030119     0.2055674390394953    0.05072987086536786    0.06338345340191774      2.804030712041163
                   8000    -0.7254594153172595    -0.6119144514216762    0.04813207426951376    0.06895258041888495       47.5765111554777
                   8000    -0.6894731352946084     0.9104948634593961    0.04077015323209376    0.06454758947675168      328.1612944290268
                   8000    -0.7166697263928802     0.1379804761397431    0.04376690994377151    0.05997154342994622      17.66478624174528
                   8000     0.2810280025005341    -0.7108491063117981    0.09332457381933952     0.0976350165818673  1.327642542770583e-07
                   8000    0.03658897893215946    -0.3170636561201129    0.04925009117904369    0.06274495904237441  0.0002837109539605337
                   8000   -0.06782828789620872     -0.360902548913436    0.05485465230777878    0.06977238165590245  0.0006948347514322605
                   8000      0.255017129771934    -0.5973075883459884    0.04410325368134973    0.05723410854879643  5.901849936142943e-05
                   8000    0.04111435065691665    -0.5506963333565955    0.07589332590006945    0.07737306661931602   0.000119186973797968
                   8000    -0.5688277597915166    -0.1716506425011214    0.04500906201910496    0.05807137802346207      2.295237343727015
                   8000    -0.6968016537326626    -0.8203578639134482    0.04262348507099858    0.06066568411427991      295.8323354446258
                   8000    -0.3145186796579204    -0.2977767976560752      0.040274345054841     0.0596750299711369     0.0463129541479466
                   8000     0.5225892999857048    0.03088492199445965    0.04767828349873772      0.064586077978827      2.483417502642145
                   8000     0.6677069797785433     0.1331962924575868    0.05131361818572594    0.06085095636444984      48.98126688409319
                   8000     0.7265050036673387    0.09408087491753522    0.05314277221991823    0.06743006567336865      83.09335689375308
                   8000     0.7474633873117619    -0.2960456903159805    0.05678487126932298    0.06477545362011494     0.5773235451366607
                   8000     0.6136925072198167     0.3027243373007214    0.05051760842900714    0.06246412247463402      13.56589060987904
                   8000     0.7304018602302921     0.5200279013929521    0.04601915682345615    0.05713999945797981      1.818844355255148
                   8000     0.8375608082278387    -0.4039974119019783    0.04724933406570805    0.05855373329452824    0.06658584171505372
                   8000     0.6044036952207918     0.7333057087129591    0.05274024772997438    0.06305907930980617     0.1135566837776011
                   8000      0.682666947814477    -0.6271385312864806    0.05176926997940328    0.06441534151015642     0.1684230033666176
                   8000     0.5766424987118938    -0.2721533428351319    0.04778704827843251    0.06139923106727561     0.6467628226467541
                   8000     0.8901960425834334    0.06071946576755373    0.04491813606687417    0.05993082349406179      94.14601455719033
                   8000     0.8083806098441715     0.1067978276782974    0.05428146012100756    0.06391407841013962      223.6574574003456
                   8000     0.4873920546891654    -0.7209314937748476    0.05956278841332609    0.06383328356317357    0.01187671919313693
                   8000     0.5828912586143522    -0.5949415662864393    0.04935756037464331    0.06464137903382718     0.1781271764653414
                   8000     0.6460396724349994    -0.2095386771734822     0.0478124595962483    0.05680557159931249       0.90512189145346
                   8000     0.3553245093568722    -0.2511639486819034    0.05350937360008059    0.06285231885036326  0.0002839077337334447
                   8000     0.3605947582998125   -0.09074052347019254    0.04608891596607329    0.05889096491505359   0.004760074155165738
                   8000     0.3539271454361541     0.4835969673749932    0.05286044814099156    0.06277075802652571    0.02234279689922618
                   8000     0.2548878211235474     0.4318430905476801    0.04505006965130495    0.05710753880132579   0.002522332807815889
                   8000      0.539204654411056   -0.06191030382166726    0.04916628534672884    0.06065959125159735     0.2171820359197349
                   8000     0.3690142854882335     0.1618546328566915    0.05404763944914984    0.06066401041003638    0.08484834968196685
                   8000     0.7695017907325832   0.008691396842009629    0.05119317381692671    0.06398881802530629       209.635284595089
                   8000     0.2462836041908656     0.3015201107693497    0.04394161192072211    0.05925675512321324   0.005229800566857776
                   8000     0.1606906329438392     0.6991411975399699    0.04727013774262726    0.06128034189119651  0.0001387808398111994
                   8000     0.5894026713822212     0.3804255555313029    0.04584963695946588    0.06147760901999549      9.699958394613272
                   8000     0.7215566469065584    -0.3970128181339365    0.05625187755912215    0.06498592064507863     0.5308588945829492
                   8000     0.4113593697547913     0.6363844275474548    0.07120071883999006    0.07335098667107166  3.845842874040385e-05
                   8000     0.5203756000153091     0.2765063509431044    0.04329493240230859     0.0553511187190024      2.961595142884551
                   8000     0.7794056317574913     0.2358306858681226    0.04903862592205287     0.0670973831140369      168.9665755100619
                   8000     0.4821552930059542     0.6568529593168219    0.05289395732276277    0.06594263163672265     0.1702471360889529
                   8000      0.846432647885814     0.2932046554427238    0.05153143163404001    0.06686691185631127      83.81791713739634
                   8000     0.5625689429823562     0.5874417025488348    0.05704094188507544    0.06509000156405961      1.924270429270897
                   8000     0.2059633083406224   0.001735745386718692    0.04897585251428784    0.06045371406143348  0.0002270556600236061
                   8000     0.5315997599112112    -0.4787931092154101    0.04788113946962969     0.0675417493276288     0.1003148646981977
                   8000     0.3872726857662201    -0.6553032994270325    0.06381121871994662    0.07004612882280423   0.000152516043374428
                   8000     0.7135524701297138    -0.6862616990377304    0.05459545582477965     0.0639695791687204    0.04834665309108105
                   8000    0.08660843908882618     0.3974964474555929    0.05356904750591828    0.06312030179780012  0.0001053695674400743
                   8000     0.8104974731445348    -0.2327142999857286    0.04679049588431094    0.05950723970474607     0.4897351375430178
                   8000     0.4066346642098196     0.2565854508470511    0.04785450388265795     0.0583282700089466     0.2468657632607151
                   8000       0.74359510761684    -0.1166554273616462    0.04172267659674082    0.05329612294816118      10.09770476113161
                   8000     0.1950587034225464     0.4605419039726257    0.06208003092993453    0.06963302277877323  0.0005251701169785923
                   8000    0.06036652825560875     0.2254983002540933    0.05676393761361361    0.06264720319748104  4.097785401508095e-05
                   8000     0.7688461776138803    -0.6059562524908805    0.04593634152054571    0.05772858441101004    0.02343023834565088
                   8000     0.5241342131141463     0.1881301174699896    0.05043193623210037      0.060952318706769      1.955076692381203
                   8000     0.1241462081670761    -0.7824036478996277    0.05944529943686658    0.06874749498445679  3.219059427326944e-06
                   8000     0.4552988365874275     0.5300333610076714    0.04997640383730022    0.06808445676741029     0.1252024830631264
                   8000     0.2941979467868805    -0.4448898732662201    0.05838621842616216    0.06807005348766287  1.020100741662294e-05
                   8000     0.8946596384048462    -0.5168620944023132    0.05767343694213765    0.06748547556401972   0.001086319972580085
                   8000     0.4729482450121933   -0.09117741589945927    0.04844722612892647    0.06078862736779191     0.1485488566090431
                   8000     0.6435085538708314    -0.5339219724910109    0.05055878545875017    0.06630686673713106      0.209590813789506
                   8000     0.9033730768012822    -0.2292482996103314    0.04724859754847216    0.05863696061077008      0.492871928680908
                   8000     0.4979539842264856    -0.5729992836798451    0.05747418250436445    0.06876652701057395    0.01904284481795831
                   8000    -0.1973922878995935     0.2791698424453581    0.05486076821833107    0.06235027541645381   0.003510124919237312
                   8000     0.2144713848829269     -0.365476131439209    0.05597164672353441    0.06624192445751556  2.260613213125667e-05
                   8000     0.8419211174067277     0.1988459881980044    0.05103011024230321    0.06671456600039019      206.2153804525528
                   8000     0.5883181260884078     0.1979765226436209    0.04717100667450853    0.06181069855103963      5.365243549008631
                   8000     0.1089066560896359     0.1246669303721642    0.05313427532593448    0.06383165625014607  3.415814438753949e-05
                   8000    0.01470700452583634     0.6630350621480802    0.05281876355372118    0.06102275798020629   0.001245184973406151
                   8000     0.3277838528156281    -0.3570324778556824     0.0538764687340941    0.06444157012814054  4.705391877524236e-05
                   8000    0.01099051453932785     0.5501775027852964    0.05358604208879799    0.06325521790012813    0.00100991861870879
                   8000     0.8233723368930398     -0.465232003501828    0.04515962993233729    0.05810241995190844    0.07559165249125166
                   8000     0.2472081851094668     0.5304918927157747    0.05156941504351419    0.06262499722577138   0.004578431069036649
                   8000      0.722568386425915       0.39890856223057    0.04639944824465329    0.05730470743819109      39.25078199292387
                   8000     0.7018399739934913      0.311553814256666    0.05007708863942784    0.06552609462311199       51.8382929351266
                   8000     0.5563510960205094      0.488963364213973    0.04397655104752777    0.05934890422189414      1.668283383962043
                   8000     0.5497198223013086    -0.6981106175869295    0.05031428391908552    0.06158291963961756    0.06556478695737342
                   8000     0.5600022673606873     0.1175955012440681    0.04953595248850019    0.06084149562325709      2.705061761399946
                   8000     0.6227259884168997    -0.4073903964076794    0.05414784133642558    0.06086884849575858     0.1163203290193114
                   8000     0.4347061216831207    -0.5877333879470825    0.04932062666980046    0.06080053543136511   0.008013381281659484
                   8000     0.7738882899284363    -0.4932511150836945    0.04917906231486609    0.06070593181828659    0.06170035212491277
                   8000     0.3696685337741006      0.076134096247015    0.04738236845450015    0.06434518910060585     0.0642877904395045
                   8000     0.6393693405125336    -0.3304046646641453    0.04688197714208889    0.05952943517085863     0.2521387176601735
                   8000     0.7048997642097267   -0.02408505173012672    0.04803455245328455    0.05715466103453479      66.88319051739359
                   8000      0.441586047410965    -0.7656700015068054    0.04814438692277259    0.05991031636429613   0.004520458599819087
                   8000     0.9497195482254028    -0.3284555375576019    0.04795199778826492    0.05993728946014539    0.00442243132148154
                   8000     0.6931392016715032    -0.5068048952439121    0.04635936281136579    0.05786874535191804     0.2117413542850849
                   8000    0.07529866695404053     0.6655923128128052    0.04774876569066135    0.05977907673093234  0.0002714030954886114
                   8000    -0.3199552663907353     0.7238333289002892    0.04493551842699896    0.05777292808587208    0.02975296328535931
                   8000      0.648824516435342     0.2239665391070813    0.04427428967882041    0.05633687476922299       18.4262544122816
                   8000     0.4211885810344502     0.3730701278917651    0.04448115335961163    0.06019796006603099     0.2937788131504985
                   8000    0.05960537120699883     0.5114719271659851    0.04627395036428006    0.05782788980553351    0.00037233277138556
                   8000     0.6138074994087219   -0.09023216366767883    0.04605500448793394    0.05798597946462285      1.547902699175964
                   8000     0.1419933214144286    -0.1643474601434279    0.04152247730193932    0.05590276125552751  0.0001075819123232409
                   8000     0.4744483657918503    -0.2143170048987078    0.04285503052752933    0.05436351350796458    0.05056424998876226
                   8000     0.3318392522502369     0.5574373425438522    0.04433029556159113    0.05892023953570404    0.02993774563460691
                   8000     0.2679450809955597     0.1804710924625397     0.0447637680228748      0.056814828645788   0.008688180117099091
                   8000   -0.06222441792488098      0.222380131483078    0.04461002703871674    0.05655535466618994  0.0001074465070069504
                   8000     0.8267658948898315    -0.2976535856723785    0.04454920611482829    0.05650171920503962     0.1434814513748311
                   8000     0.4059512913227081    -0.4716890752315521    0.04440396664970889    0.05647231491998934   0.002098975119007374
                   8000     0.1063498109579086     0.4929502606391907     0.0440288849420354    0.05608936410263041  0.0003524032496265697
                   8000     0.3283732831478119     0.2113222032785416    0.04355761451879842    0.05561331818498742     0.0389306682116974
                   8000     0.1723905354738235     0.3823301196098328    0.04357370176566298    0.05570979005439207  0.0006484849831260771
                   8000     0.5953702926635742    -0.4698487818241119    0.04348210043820561    0.05562906434518448      0.109033150153724
                   8000     0.2068235725164413     0.1848692148923874    0.04344310804920726    0.05565516146373158    0.00270519341353717
                   8000     0.4439833164215088     0.1740338653326035    0.04310818929900447    0.05531217061570755     0.3186124068508934
                   8000     0.4830943048000336     0.4089924991130829    0.04310584277728003    0.05529099291208701      0.218139984249945
                   8000     0.1021535104207244    0.04988329322447494    0.04128098796732023     0.0523166549482978  8.450103514164152e-05
                   8000     0.9429894089698792   -0.08450481295585632    0.04179335979396021      0.053180120547505       2.03935873429168
                   8000     0.6631510257720947    0.01743985526263714    0.04165403064740226    0.05297591768746426       20.2352693236102
                   8000     0.3629758656024933     0.3334296345710754    0.04166625914538066    0.05293331449014586    0.02622832942924614
                   8000     0.1124476470262167    -0.6430917107415252    0.03644193223120057    0.05590700079685691  0.0001080030182348659
                   8000     0.6150303483009338    -0.6936274170875549    0.04164654511250387    0.05311584365647682    0.04575824708313889
                   8000   -0.05542627349495888    -0.1801716238260269    0.04161798770391259    0.05317412206050423  5.179060732775478e-05
                   8000      0.834343433380127     0.3812404572963715    0.04144299925455465    0.05292143147582618      12.17351649946976
                   8000     0.9478006362915039    0.01276748161762953    0.04137528497450325    0.05278180959961017      6.827560430695174
                   8000     0.9228878617286682     0.1088887229561806    0.04091048577742373    0.05200101748506517      22.07308443618791
                   8000     0.1221582591533661      0.347454845905304    0.04085643720792049    0.05190828451155336   0.000229100086564683
                   8000     0.1486712098121643     0.2585248053073883    0.04077625978550544    0.05173728949138386  0.0004404867827872728
                   8000    -0.3778402236899223     0.6315833649576481    0.03963747613513841    0.05360079598453754       0.13384046564479
                   8000    -0.5986549261738717    -0.4391074710251206    0.03810376218331979    0.05618699264614695      6.576204578090206
                   8000     -0.663368327216568     0.3600439046852454    0.04034676113899072    0.05865426210446245      1.544422362079344
                   8000    -0.2441829293966293    -0.4445315301418304      0.042252307124378     0.0515912640874856  0.0002037661525286939
                   8000    -0.5311492183663382     0.9116337277334239    0.03720760138422243    0.06262772668977062      1.117364741567135
                   8000    -0.6135987558483442     0.6682876406643992    0.03611464565044124    0.05590005820317373      12.62852675420643
                   8000    -0.6547915336019563   -0.08359765589454118    0.03832219399360428    0.06201716082232481      25.64184357273556
                   8000    -0.5592125552274526      0.115000956309024    0.03838245159022025    0.05913011979665075     0.9217578258642295
                   8000     -0.692771418108322     0.6730887653979982    0.03614456250864391    0.05716711215152374       34.7994143703573
                   8000    -0.4754397571086884     0.3406453430652618     0.0425163556616182    0.05215630088243565      0.179463131807517
                   8000    -0.6752566075266841    -0.4937306894342959    0.03782347225806634    0.05801432922214064      22.75375769587186
                   8000    -0.4951235562321684    -0.4930378318926455    0.03598083780706487    0.05658774424346814      0.921589004136105
                   8000    -0.4252526940426356    -0.1688700538552113    0.04395437316013539     0.0542167614674161    0.06430723435304292
                   8000    -0.7789446452457162     0.1548465985485823    0.03647863268643554    0.05502719021352046      1.827809779722979
                   8000    -0.2056502103805542     0.5509140491485596     0.0422334627325281    0.05247435877624973   0.002136238087696036
                   8000     -0.367947393105043    -0.1847083956454192     0.0374401061878445    0.05461623274164661    0.03997479090232427
                   8000    -0.1089412271976471     0.8288112282752991    0.04201652655611905    0.05296001561594917  4.297942536250617e-06
                   8000    -0.4482466197491054    -0.4012072090229314    0.03994572680647608     0.0554506750799825     0.2123000298877111
                   8000    -0.6406081726109987     0.2800121298672244    0.04076812882231561    0.05755794805989884      7.184585114076347
                   8000    -0.5346330998215526    -0.3454266787996736    0.03764129314696306     0.0550861213062698      4.203407584804496
                   8000    -0.6235484824654249    0.07835464141955717    0.03724039635945017    0.05734503086735655      3.742186672612341
                   8000     -0.580165599825465   -0.03108823183727346    0.03636364187068442    0.05749636832468751      7.647122013598012
                   8000    -0.5967434912848774    -0.5376295587128496    0.04274424352151047    0.05619167331982899      2.413189876761999
                   8000    -0.7457768410398115   0.009055469765093574    0.03560072958413029    0.05549204946827502      6.072893910853539
                   8000    -0.7648333311080933     0.6031073927879333    0.04107869211658068    0.05388652478527547     0.2998704748232283
                   8000     -0.339744359254837     0.3363047242164612    0.04104173837160004    0.05403633967996702    0.02474880191059948
                   8000     -0.500130598853449    -0.3162430686039209    0.03784259955614683    0.05730471436150635      1.012429003136584
                   8000    -0.7251573710819379    -0.2151328051509495    0.03940248113708877    0.06146787769035158      5.709228550837071
                   8000    -0.3415446877479553    -0.6343656778335571    0.04097348640394938    0.05417520744953685  0.0001476950029691833
                   8000      -0.53293578570387    -0.7431668373555954    0.03601900236565167    0.05695265566828645      4.772307595735884
                   8000    -0.7861812463064437    -0.1534424666227937    0.03831917531198312    0.05505429833604154       1.38346207575945
                   8000    -0.6546682689933103    -0.2923677052774076    0.03787612801713511     0.0580790263766256      14.67469863629026
                   8000    -0.4541350860078235     0.5709004453783681    0.03969126861032027    0.05898376465567715     0.5907502246521673
                   8000    -0.5556457884434701    -0.6527068517597082    0.03903721263108677    0.05571643633432573      8.593091861035898
                   8000    -0.5029453211872865    -0.1242341528627067    0.03604607939423587    0.05351319070867255      1.212754599952537
                   8000    -0.7167679071426392     0.7505504488945007    0.04020778270245828    0.05485589834518959      2.187662139782905
                   8000    0.04949279012500686    -0.1149505357348093     0.0401194185195542    0.05919090463568449  0.0001246092153658072
                   8000    -0.3924644291400909     0.1072000339627266    0.04016262808399562    0.05498626018290458    0.02364888722741501
                   8000    -0.2624808847904205    -0.1349946409463882    0.04010469024663404    0.05493181664686591  0.0009222398834276537
                   8000    -0.7232357183389191    -0.3518489617232753    0.03705489160377155    0.05625120319831491      2.406471847915807
                   8000     -0.660011415615003    -0.1932979491963864    0.03955410274383053    0.05493296469346713        2.6135032613066
                   8000    -0.3447557985782623   -0.09713306277990341    0.03987068775072607    0.05461867147371731    0.01220225943851527
                   8000    -0.6197618548011538     0.4059134096618634    0.03821484211905626    0.05542647712258752      5.341977852531861
                   8000    -0.2523586452007294     0.5180070996284485    0.03945584334779405    0.05508974915904039  0.0006917941279213165
                   8000     0.1616852580768122     -0.273238166782428    0.03932311110849229     0.0552786112394792  0.0001423891668998024
                   8000    -0.3195488452911377     0.9749780297279358     0.0394340766760391    0.05510845970115701  2.483043061523673e-06
                   8000    -0.1711683422327042    -0.6413785815238953    0.03942532107273893    0.05513147859137539  1.264493498295774e-06
                   8000    -0.6544209886957304     0.8166259314131517     0.0358252491170583    0.05384010764526333      34.69259942522152
                   8000    -0.9315648962874089      0.230828879852324    0.03622002793445366    0.05331374115482631    0.05096713709022375
                   8000    -0.3303648790179786     0.8078421528180866    0.03984623235173733     0.0555168422597635    0.01632284213443571
                   8000    -0.7269586974354804    -0.4895861713624592    0.03816400897558768    0.05452787983588254      6.088011525944268
                   8000    -0.7922331864728996      0.319932215469757    0.03660217124001332    0.05638459552011229     0.7020087529393642
                   8000     -0.398702133399913    -0.0163623684901456    0.03550631415681509    0.05518037787223826     0.2597857632253112
                   8000    -0.4855843484401703     0.6925281286239624    0.03876741046465451    0.05555104522312505     0.2729630068155713
                   8000    -0.1641977089134471    -0.3239305027217357    0.03693779353630278     0.0552429847415464  0.0008522640285222604
                   8000    -0.4332096896321259     0.8564971767783263    0.03663550786630821    0.05729589081853247    0.08278466106248716
                   8000    -0.4029597369728265    -0.5652708658764453    0.03604414950608618    0.05856792490253054    0.03747617548887066
                   8000    -0.6003607667039842    -0.2368828797925558    0.04056476896883796    0.05821676322826696      3.376065842237274
                   8000    -0.1804271795321582    -0.4807180457735593    0.03654364030359011    0.05568597813759855  0.0001608637271014025
                   8000    -0.2440882409496192    -0.2670246675424388    0.04000576466592438    0.05699976379876586   0.003909812587570343
                   8000    -0.6213162792902421    -0.6659423600368534    0.03669078756414593    0.06216730731782791      29.70769043525864
                   8000    -0.8335168067927574     0.6634810584256782    0.03688012125055267    0.05599492840666923     0.5494480888840071
                   8000    -0.7369225939285372     0.3023754174196057    0.03714286312214265    0.05630166668300624      3.665214643906523
                   8000     -1.100922346115112    -0.1302879452705383    0.03818893457565992    0.05566748093871759  7.619556853761467e-07
                   8000     -1.006396314586443    -0.1651573747347662    0.03663657978243871    0.05565153850504875  8.365313454075795e-05
                   8000    -0.5768911665461014      0.820383937678516    0.03892856169790061    0.05883775129362807      4.873412383148066
                   8000    -0.6737657189369202     0.4232650399208069    0.03781852572612799    0.05551141310776025      1.841929166346768
                   8000    -0.4492357684009302    -0.7756999049020443    0.03888659321239659    0.05585806534712481    0.04854003509260074
                   8000    -0.4330570921858239    -0.3287763632101578    0.03474854043221754    0.05323581845563451     0.2703806615025715
                   8000    -0.1978063434362411   -0.02103251405060291    0.03759979187303353    0.05534813606756178  0.0003161226994074797
                   8000    -0.3292302191257477    -0.2236706465482712    0.03764221865660312    0.05531173783774267   0.005544488616281661
                   8000      -1.10254655505159    0.04898916378318401    0.03785225753690199    0.05576301701127514  4.397769504930083e-05
                   8000    -0.7882477045059204     0.4324500560760498    0.03756086053921407    0.05543609337766109     0.4294350115835905
                   8000    -0.7417758703231812     0.6844487190246582    0.03750120762087185    0.05552911875021658      1.554889865832819
                   8000    -0.9029447341751686     0.3365724914990241    0.03508821258521713    0.05594896973861064    0.02468912108272885
                   8000    -0.6361735104322478     0.9032276869448376      0.034470344956947    0.05341765996073742      48.06594352044589
                   8000    -0.6552725735517919     0.6475341806783124    0.03483616070149295    0.05422718763541946      19.76373983166528
                   8000    -0.9169721691792821    -0.3612483423030243    0.03403259649132111    0.05310799125416078    0.02110219150768578
                   8000      -0.51208497938841     0.5984511942333083    0.03675514811117866    0.05463989254609315      1.668975615575304
                   8000   -0.03638974713339575    -0.4926377201691456    0.03846173777987934     0.0540883342820289  0.0005086861783833421
                   8000     -1.104375731884935    -0.2241928107435833    0.03429464917806996    0.05537801537158087  5.743342825218552e-05
                   8000    -0.6359754018476605    -0.7272587552194368    0.03505257280524743    0.05516055702751994      50.81242518468282
                   8000    -0.7638022303581238     0.3887446522712708    0.03693052417441663    0.05542054732909841     0.5639939903574219
                   8000     0.1517833635991302    -0.4151289385686435    0.03568031576015476    0.05499052496726706  8.141622984342223e-05
                   8000     -1.003770180462746   -0.06769893257940154     0.0353555864974271    0.05420797749374558   0.001071574325843527
                   8000    -0.5089068146707556    -0.2440847109801476    0.03779150409587979    0.05687172972018416      2.627953189755637
                   8000    -0.4124703393713354    -0.2796303869701194    0.03456692226480029    0.05490705382191752     0.1099972224924197
                   8000    -0.3314258952748296     0.5510971202822653    0.03450754894770288    0.05335448695880234    0.06421914627626715
                   8000    -0.8282967425131231   -0.01781587691395005    0.03720397869578245    0.05384954318770434      1.098884761113738
                   8000    -0.9240458011627197   -0.02199628949165344    0.03648655439016365    0.05492438374010631   0.007091251908279171
                   8000     -1.140986680984497    -0.1374337673187256    0.03644893574125426    0.05484748987947504  1.097719514516988e-06
                   8000    -0.8075337409973145    -0.5771244764328003    0.03621263122941103    0.05469002061590696      2.028729103251241
                   8000   -0.08910170942544937    -0.7976881265640259    0.03620269293504351    0.05473194228914408  7.474301466958864e-07
                   8000    -0.3687752187252045     0.5705508589744568    0.03619795433993085    0.05481683078263819    0.01932798682508301
                   8000    -0.4273446500301361    -0.1059200167655945     0.0361969717812368    0.05483125502680452     0.1341229823737509
                   8000    -0.8957691192626953    -0.6321141123771667    0.03618877239565145    0.05482724313325425     0.1479582359231506
                   8000     -1.025721669197083     0.5308354496955872    0.03621980874144485     0.0547838538737201  3.892900419727633e-06
                   8000    0.06248988544820575    -0.4672876996839309     0.0362149935211738    0.05577549858176023  0.0001519412176871109
                   8000    -0.9520859519915269    -0.4338429100423791    0.03504774534499353    0.05503646941856152   0.006294448716367121
                   8000    -0.5680427147076067     0.2992406646505463    0.03722603676169323    0.05678568379330711      1.643698503658566
                   8000    -0.3260671703634279    -0.4883654790945162    0.03539946589651227    0.05808774740314555   0.002208257988836467
                   8000    -0.8653142696905107    -0.2320388022073272    0.03633602102765026    0.06087645112563909     0.6821766558994177
                   8000    -0.8289719820022583     0.2311451286077499    0.03585894089822541    0.05460922489370047     0.3040502145563065
                   8000     -1.000530684457279    -0.3358208540474177    0.03495352839908572    0.05479300240421856  0.0003692063567606051
                   8000    -0.3984358608722687     0.8719310164451599    0.03579417215164705    0.05460467405256014   0.004245520149605395
                   8000    -0.6962426251104503     0.8022786955313523    0.03532592463974962    0.05499078993942508      43.96715838572993
                   8000    -0.9382765293121338     0.4554190039634705    0.03573544736574893    0.05449165654044683  0.0004125219932986324
                   8000    -0.3695506453514099     0.7278566956520081    0.03570708903139265    0.05456757702278377    0.01403926205560223
                   8000    -0.7468181252689713     0.5303075832474911    0.03559685017213157    0.05630134240662059      4.759609780045856
                   8000    -0.4468499720096588     0.2671670615673065    0.03567470139144641    0.05455111018446271    0.08277757071900826
                   8000    -0.8839234709739685    -0.3025048971176147     0.0356517972157456    0.05466292013833882   0.007933714887557302
                   8000    -0.9177333116531372     0.5056738257408142    0.03546128568386062    0.05467221567242177   0.001711660718233735
                   8000    -0.5983718889273764    -0.3398165215726885    0.03602510813834488     0.0567824145541213      3.421380195683691
                   8000     -1.002857831260639     0.1477289393542999    0.03505408854037763    0.05663447586596899   0.002265835696523935
                   8000    -0.2696174383163452     0.6052622199058533    0.03543982569918429    0.05467692746802103   0.001987470393843469
                   8000     -0.298734039068222    -0.5711557865142822    0.03543204051302514    0.05470632334809575  0.0002700679317085282
                   8000    0.03085722588002682     0.4419787526130676    0.03542959111625614    0.05473076203026627  0.0003075836500203762
                   8000    -0.1899985820055008    -0.5345586538314819    0.03542836076751864    0.05473674931330983  8.670944683581969e-05
                   8000     -1.167993307113647    0.02281910926103592     0.0354110037181421    0.05472059648842639  6.216553930728352e-06
                   8000     -0.726220965385437    -0.7173868417739868    0.03537010958140918    0.05467213517464466      13.66634317796678
                   8000    -0.0340910659134725    -0.4232878989887072    0.03611382604107732    0.05369312520993787  0.0008508397799935543
                   8000     -1.091579079627991    -0.4167695343494415    0.03538850520999594    0.05464928497159209  1.775633315216361e-06
                   8000    -0.3484992384910583     0.8782891035079956    0.03536973974231641    0.05463034021934209   0.002526519773232544
                   8000    -0.5128712058067322     0.8330090045928955    0.03526978144629427    0.05455156790175902      0.716968130594165
                   8000    -0.9508133661559907    -0.1849295258779408    0.03428668069000983    0.05366080148759531    0.01809391605811467
                   8000    -0.7660197592520656    -0.2248935046301215    0.03532980844619103    0.05429153984337626       5.49871472301093
                   8000    -0.1717888917552748     0.8132716211811599    0.03475768287920269    0.05391737068355863  0.0001233729526713356
                   8000     0.1082511751109763    -0.4520851045286101    0.03452841974724296    0.05396066371344282  0.0002478492255338102
                   8000    -0.9365115165710449     -0.567932665348053    0.03507665251294989    0.05447599660395662    0.02596760101900575
                   8000   0.001601983327418566     0.2417995631694794    0.03499406795548186    0.05446210289571124  4.645322601614257e-05
                   8000    -0.7798636555671692     0.2309484481811523    0.03498341525597303     0.0544075276180045      1.598805362549208
                   8000    -0.1392746567726135     0.6861940622329712    0.03497671960216077    0.05442020223897834  0.0001836978059726907
                   8000     -0.485680490732193     0.2449232488870621    0.03497933889058807    0.05443280745634649      0.163479997468901
                   8000    -0.8772226711603024    -0.4604471558761067    0.03506089245157992    0.05444757585206861     0.1165346657790693
                   8000    -0.8388007283210754    -0.3885574042797089    0.03487562158137927    0.05429453314932362     0.0604053495726145
                   8000     -1.012725120343921     -0.256287620961752    0.03609311545627587    0.05437435757777116   0.002786143791355391
                   8000    -0.1473684310913086    -0.5415101051330566    0.03484768896892572     0.0542247971608989  8.277767163591874e-05
                   8000     -1.042777180671692     0.4560001194477081    0.03485158709836006    0.05429183985692695  8.577221776718781e-06
                   8000    -0.4711850583553314    -0.7146786451339722    0.03486810327428637    0.05436133146655451     0.2605355063973759
                   8000    -0.7124286890029907     0.4749210774898529    0.03485030074359999    0.05434955526365731      4.374543855638491
                   8000    -0.5636571645736694   -0.09971924871206284    0.03475838255824822    0.05427065400487157      1.125633694842979
                   8000     -0.229725236674824     0.1460437121853976    0.03418447743647483    0.05412842040156291  0.0005404079625136679
                   8000    -0.3861708641052246    -0.8695630431175232    0.03453637850768566    0.05412441560259387   0.001823378630187429
                   8000    -0.7779009916663983    -0.4424201772820683    0.03669745023856343    0.05520285916405264      6.558873746466491
                   8000    -0.8707863688468933    -0.1344852447509766    0.03452801210652282    0.05413025208277562     0.1114222021165982
                   8000    -0.5719438195228577    -0.8047968745231628    0.03446103048354461    0.05408376073064257      7.411791463924849
                   8000    -0.2580336332321167   -0.05222518369555473    0.03447579645988426    0.05406073359884397  0.0007597846666879798
                   8000    -0.2613019049167633    -0.3530178964138031    0.03448030445231032    0.05403501045544271   0.003237068499953213
                   8000     -0.672476682575584    -0.6575274327934939    0.03412343158213415    0.05379197695945793      25.88305871633461
                   8000    -0.9128493512360304    -0.1073082483735867     0.0344624620180586    0.05514953004905442    0.05791937203416891
                   8000    -0.9244027733802795    -0.6723764538764954    0.03436327793097154     0.0537240843108109    0.04022632649587933
                   8000   -0.07576269887248091    -0.2368898159951673    0.03715320034507991       0.05372686442286  0.0003347536541864521
                   8000    -0.2637123657529931     0.7060341208854523    0.03471394426800246    0.05589764617645669    0.01551035768140106
                   8000    -0.9420338273048401    -0.2995208203792572    0.03429667333965375    0.05372178854853021   0.004780987655019403
                   8000     -1.053256167182766   -0.03247242339660968    0.03556038736760423     0.0542440197639374   0.001182416320363607
                   8000    -0.8013542772960278    -0.3567538772352433    0.03671732707133976    0.05324302569960643      1.733421561880201
                   8000   0.000981607474386692    -0.4279381632804871    0.03434145724453647     0.0537155230783391  0.0002375328760163805
                   8000    -0.2266152650117874   -0.08838143199682236    0.03435445700155468    0.05370514368851359   0.000679398833321292
                   8000    -0.4954216778278351     0.4313003122806549    0.03428638922678833    0.05368937405733767    0.07092735538694883
                   8000      0.118374414741993    -0.5529483556747437    0.03426485563877175    0.05372163552916163  7.018255127386976e-05
                   8000    -0.1080392003059387    -0.5361625552177429    0.03427351015868713     0.0537068945959326  9.974195739096457e-05
                   8000    -0.7780164799840337    -0.2906656860856511    0.03537127630047282    0.05365917666687043      2.405745581621191
                   8000     -1.047950267791748     0.1143632084131241    0.03427333734517226     0.0536390684060159  0.0005063784506372279
                   8000    -0.1743239015340805     0.4347603023052216    0.03421963839315068     0.0536159195013734  0.0001962181106191814
                   8000    -0.9536794424057007     0.7756496071815491    0.03409801644602443    0.05359390741281852  0.0002175321048681429
                   8000    -0.4430735409259796    -0.5725007057189941     0.0339648235152042    0.05342757112532308    0.05329348442879314
                   8000     -0.117973305284977    -0.1263217926025391    0.03396555088979722    0.05341917651005696  0.0001288738885533032
                   8000    -0.4523925185203552    -0.4621943533420563    0.03394140530750276    0.05334527933647591     0.1597008901247102
                   8000    -0.2352434247732162    -0.5493451952934265    0.03386374280646628     0.0532196794210353  0.0001226033277770699
                   8000    -0.3204760849475861     -0.143054336309433    0.03381294482733844    0.05313256444183063     0.0152741575107282
                   8000     -0.832494361338369    -0.4916679500098295     0.0337061413751191    0.05554031484028376      1.611870220636661
                   8000      -0.23069928586483    -0.3799082934856415    0.03379992304874723    0.05318331931985831   0.002172870445288578
                   8000      -0.52457195520401    -0.6274353861808777     0.0338102909510675    0.05315752547736594      1.465341893795969
                   8000     -0.450864166021347    0.03452901914715767     0.0337578480855895    0.05308370211177837     0.1233452139978822
                   8000    -0.5369588136672974    -0.4719128012657166    0.03376505648944033    0.05309918719962751     0.7717330829675434
                   8000    -0.4325807690620422     0.4695878922939301    0.03373975266728183    0.05311502952460399    0.06046776899143076
                   8000     -1.039124608039856    -0.4195091724395752    0.03370272766387818     0.0530846335795165  0.0002343551459787837
                   8000    -0.7747438549995422   -0.07228977978229523    0.03362150454827277    0.05298697153448783      2.848367927519476
                   8000    -0.6003636121749878    -0.1224595382809639    0.03367160507589359    0.05310865235085932      2.929005775545788
                   8000    -0.1973617523908615    0.03476965799927711    0.03367880124648515    0.05302834730325473  0.0001714474079319754
                   8000     -0.958184540271759    0.03295782208442688    0.03365450829539694    0.05285297438034341   0.005431642503048642
                   8000    -0.9128391146659851    -0.4645854532718658    0.03365051960398881    0.05284819382736978    0.04942591630400377
                   8000    -0.5143898129463196     0.1286210268735886    0.03358767515472878    0.05275996719558478     0.3611539218391336
                   8000    -0.1181343719363213   -0.06787693500518799    0.03359447199950327    0.05273654665547329  0.0001507658905330212
                   8000    -0.2620231807231903    0.01791041530668736    0.03361031365416483    0.05271429762651625  0.0004654180701591423
                   8000    -0.6828188896179199     0.1824371665716171    0.03357862107278334    0.05266660124476218      4.458398769219852
                   8000    -0.8965176939964294    -0.7677737474441528    0.03356801350291069    0.05254065610987878   0.009355417660260315
                   8000      -0.94499272108078   -0.07318209856748581     0.0335736824596707    0.05249940667604916    0.02079852456537156
                   8000    -0.5001218914985657     0.1786465644836426    0.03354745952930915    0.05238320964531325     0.3843407466321979
                   8000    -0.4114001095294952    -0.6468538641929626    0.03332735933165318    0.05228887777744663    0.03141036002513452
