#! FIELDS time deep3.node-0 deep3.node-1 sigma_deep3.node-0 sigma_deep3.node-1 height
#! SET action OPES_METAD_state
#! SET biasfactor       16.03631500507211
#! SET epsilon   3.735419329000485e-08
#! SET kernel_cutoff       5.848558909940468
#! SET compression_threshold                       1
#! SET zed     0.04887153387298925
#! SET sum_weights       1000.846343924209
#! SET sum_weights2          5474.743246896
#! SET counter  992
#! SET adaptive_counter  500000
#! SET sigma0_deep3.node-0      0.1418804513188341
#! SET av_cv_deep3.node-0      0.0438814985812226
#! SET av_M2_deep3.node-0       80429.78797295073
#! SET sigma0_deep3.node-1      0.1025322999541838
#! SET av_cv_deep3.node-1     -0.1759043481179789
#! SET av_M2_deep3.node-1       71273.54687215851
                   5000     0.3825028001210652        0.7345161974023    0.05675470138453346    0.05045734039786361      56.61414275743001
                   5000      0.365127950468297   -0.01145419335502667    0.05681522093135755    0.05432827235531498       121.598391734966
                   5000   -0.09429477245367422    -0.4957340827279502    0.04896053337532651    0.04769364539435537      4.789293802526764
                   5000     0.3770790373052888     0.3690592332346511    0.06847581262614708    0.06646643237061123      1.043488024186237
                   5000      0.473869085725768    -0.3931624030247276    0.04810566269770972     0.0429829139151711       10.2601274673049
                   5000     0.4352277421784999    -0.2126303292647927    0.06175375970961509    0.06682681896168895      243.9968605506131
                   5000     0.2951475031137278    -0.1064798768497338    0.06198021470863249    0.05555810946142058      743.0446018624584
                   5000    -0.4702158661711958    0.03969892814684162    0.05599530651165764    0.05548767410553965     0.2862367461952083
                   5000    -0.3862955213211199      -0.30033204343986    0.04776145849494656    0.04468606359360991     0.2286696035134872
                   5000     0.3350203296147418     0.5293510977160363    0.06181918586792616    0.05593637768895793      88.40219354529357
                   5000   -0.07887796076091684     0.2720083770942572    0.05495554872400574    0.05784142089434602      2.748300068028227
                   5000    -0.3512249405433931     0.5892761042849652    0.05511821410714329    0.05652018763862744    0.07893702107219441
                   5000    -0.2359868431007359      0.137794486553131    0.05689670521746076    0.05417794836114465      2.658970870342654
                   5000     0.1286457213358791    0.09061817800372145    0.05905411780797806    0.05299683604093801      120.7425709878667
                   5000   -0.05932850829318263    0.09655415567082734    0.05037447908562064    0.05086659392775644      62.19783916744657
                   5000    -0.4465071545893978    -0.5516605980939262    0.06583906635206045     0.0684006135846127   0.005978928815398366
                   5000    0.04041330854796549    -0.1046028917803576    0.05559071975918222      0.057825620549291      109.4806867932025
                   5000    -0.3383964012380133    -0.7014526590437977    0.04761187616242266    0.04682677317241457   0.001636035682570722
                   5000    -0.2339425891196622    -0.2005842477937942    0.05045664338956057    0.04931961189449924      4.036555633371487
                   5000     0.1845832695811108    -0.3583697500555351    0.05063037198998722    0.05087869471739696      66.34615681842655
                   5000     0.7527983776458075      0.330111850122367    0.05872956784635197    0.05338991902574877   0.006176084562065885
                   5000   -0.06535932578852605   -0.03125104174948186    0.06015060432317899     0.0613603306419049      27.46496120072999
                   5000    0.01249849766232174    -0.2754327117589221    0.05640274877234832    0.05314237952008061      34.64519260834597
                   5000     0.9268904372501958     0.2286830776921701    0.05909519826816633    0.05554727433925369  0.0001935411563071368
                   5000    -0.7890157709048404     -0.253968466188463    0.05204085983327564     0.0547525972388312  0.0007439391735135596
                   5000    -0.0855025333295219     0.5117044273564241    0.05138467376084822    0.05092571939963896      11.41174666673607
                   5000     0.1157577929227508     0.6033433386548341    0.06218925775974735    0.05021584277508578      57.60922142784758
                   5000   -0.08781767423351729     0.4081645659549928    0.05533902860515571    0.05626750344118101      8.116576509984661
                   5000    -0.5353094327872462    -0.3788140640982505    0.06105075181235125    0.05352511095369809   0.007583363641227554
                   5000     0.4152840292133356     0.5936922000956001    0.05270539312669176    0.04717991131433261      46.92700723845921
                   5000     0.6010057433491014     0.2707540953289835    0.04802672511927768    0.04952557622265399      1.024580308580448
                   5000     0.2515100696051224    -0.5654916044527397    0.04732331425084521    0.04611047307687452      0.294834102000897
                   5000     -0.339749014244034     0.3099867414212257    0.04770830207515007    0.04607139618490633     0.5037893016243343
                   5000    -0.5659500956535339     0.5856346487998962    0.08200003939199083    0.08000218989196745  1.214592684374319e-05
                   5000    -0.4955599112309492     0.2121030636997755     0.0553744350192344    0.05474488509275592     0.4048930095976879
                   5000   -0.07301941581816161     0.6723288612676934     0.0526641930900069    0.04900217121698205      4.590244625652412
                   5000    -0.8115772351938597     0.4743580426366243    0.05274278482920929    0.05469681548652911  1.174509574581927e-05
                   5000     -0.379405146015647     0.1976261937964122    0.05903635493814535    0.05492937305541193       1.14224217739967
                   5000     0.2535802546234867   0.008138686774348002    0.06072549756349151    0.05374283108216135      224.8802263460282
                   5000    0.06655469485587215     0.7384791683392473    0.05438034232120149    0.05100267512018609      4.313330625502097
                   5000    0.09878421562704581     0.4902858977977162     0.0567671787058649    0.05067666750825726      26.78418131628196
                   5000     -1.000780463218689     0.3388401865959167    0.07557770820858344    0.07345463086100303  3.750194393196094e-07
                   5000     -0.882004976272583    -0.2308804839849472    0.07554943887449082    0.07325808854621865  2.203159589576003e-05
                   5000     0.0323777357929725     0.3711881697670146    0.05502250923289851     0.0565471216705743       27.5292446585726
                   5000     0.6806776959594788     0.6178793817859818    0.04902497337357141    0.04883995588227645     0.1083192008572545
                   5000    -0.9115018193413569     0.1561997222209161    0.04906159379554413    0.04741550797202792  0.0001580991961886924
                   5000      0.841582563599159   -0.04706848052603384    0.05151989377194752    0.04946172942178952    0.08530550001617038
                   5000     0.3446842730045319     0.2239642888307571    0.07539192238560748    0.07264621601275324     0.1058015677130266
                   5000    -0.1090107849888211    -0.7122529857739063    0.05698959691608198    0.05487783987966478  0.0009028467676342894
                   5000    -0.1534115766641969    -0.5851836736914473    0.04750479493846286    0.04345809334703638     0.1162202309352454
                   5000    -0.2028308066452088     0.2383240358724432    0.05402913485139343    0.04909261161298641      7.748972480557198
                   5000     0.2773977622539495     0.1117643587327387    0.04790324700424094    0.04592623982057798      108.7703893320679
                   5000    -0.6001493739528144      0.380209593293396     0.0516067040431034     0.0526027910184115    0.01172274228685654
                   5000    -0.1863392885719048     0.7387766706157558     0.0485071006485702    0.04780458790477857     0.1043783674248421
                   5000   -0.07226646581014051     0.8766405491963977    0.05025210834502246    0.04885681073814201    0.06570934348936949
                   5000     0.1715444540365231      0.333654961606592    0.04864147414149457    0.05037823843697669      36.51847302851462
                   5000     0.2740080365141763     0.7261601777927669     0.0643576582765079    0.05650593420292617      23.52955601900958
                   5000    0.06259568955874528     0.1893286557701458    0.05192829913577181    0.05098941503742313      73.31513521386746
                   5000     0.1816438967642652      1.140511942525465    0.06220403672105405    0.05651138449975047  2.602486273206568e-05
                   5000    -0.3143249760901338    -0.5136267258492311    0.04699073350545851    0.04712546249606199    0.05727694368777875
                   5000     0.5980397006314809     0.6123160058891588    0.05093183574983282    0.04957269471044701     0.9969195856885216
                   5000    -0.6058666457168698      0.500235873160371     0.0496872098567069    0.04756996556088012   0.002113769242885233
                   5000    -0.9936771392822266    -0.3089708983898163    0.07197165282500882    0.06867699928541175  1.021160783183652e-05
                   5000    -0.4753127406173092      0.453071769380342    0.05675933580010168    0.05522791698340549    0.01971422993405392
                   5000    -0.4204455710413533     0.5699678394158907    0.05672589269769343    0.05129296040698718    0.02699624142928832
                   5000     0.3915269036265029     0.8731701775011104    0.06916153295581179    0.06012967761160735     0.6153929720492002
                   5000     0.1499819399544917    -0.5471046195294609    0.06075100736412196    0.05306928916100526     0.4188164646797515
                   5000    -0.8619419457843394   -0.01715486527474835    0.05877574361683505    0.06217362417176743  1.495235369044805e-05
                   5000    0.02667944889720971    -0.6481654997557185    0.06042661295886324    0.05064472519887453    0.03514709058340869
                   5000    -0.1289050560159666    -0.8291008608158201    0.05537823265259111    0.05345528333302676  0.0001331798770591227
                   5000     0.1782699985611252  -0.007345702817651726    0.05153371526131385    0.04763646105527304      165.4383875670428
                   5000     0.8598401907020656     -0.189607423051535    0.05130918954482588    0.04990149897605145    0.01564243310164436
                   5000    -0.1216935932684267    -0.2510463402862724     0.0564621786685115     0.0567431416308005      10.61625754116184
                   5000    -0.4000565826418606    -0.6890600119806128    0.06086803275127293    0.05874939995216157   0.001235946745832658
                   5000    -0.6107157468795776    -0.5182735323905945    0.06805633900776588    0.06503673199164346  0.0004755151941596641
                   5000     0.6827314091339235   -0.06335561797949406    0.05454291328060273     0.0511883999880743      3.442961360234672
                   5000    -0.2551740772450243    -0.3466162798896973    0.05032420988876094    0.04733126527180771      0.856426375108106
                   5000     -0.770491300000346     0.2903945600539097    0.06666657741936838     0.0649285604141449   0.000630261335623449
                   5000   -0.01621002433110308     0.1356567367073516    0.05612434058591091     0.0489879470715563       120.229269278491
                   5000    -0.5262740150371661     0.3524743954833264    0.06192183427217233    0.05804685741616467    0.05750836761362095
                   5000     -0.500244621225482   -0.09315725268450957    0.05830233385627882    0.05095701638475371    0.01939004201946087
                   5000     0.3229945557433528     0.6385855888247323    0.05292446022118537    0.05207018002067316      159.8463234926437
                   5000     0.2172402953142485     0.5088044091828935     0.0496119204848423    0.04539713193081165      53.13454716817284
                   5000    -0.4841777234416084    -0.1844015946394708    0.05338115013926455    0.04882185304690941    0.06833318490559515
                   5000    -0.7160028594535934   -0.08271099355827613    0.05192633820869158    0.05305076242363439  0.0001449257328698595
                   5000    -0.4836513729660396     -0.433334105855291    0.05281084680686561    0.04855810754033368    0.00420054774710832
                   5000    -0.1797064917175312    0.03599306950054439    0.05201889614879592    0.05489670129492548      8.106311497673758
                   5000    -0.2760646752714253      0.436168358672645    0.05341100198181211    0.04851794511838832     0.6065055208783436
                   5000     0.7276444549290365    -0.1985018134955379    0.05939028331963702    0.05647634758263759      1.006983407040589
                   5000      1.053133726119995     0.2311053574085236    0.06215552422491054    0.05984689036554258  5.457099321615006e-06
                   5000     0.1920841616935504     -0.182882297737763    0.05531768773072715    0.05152230009833193      299.8127730571488
                   5000    -0.3208834424015565    -0.7660647505329236    0.05139900672530279     0.0457838863557529  0.0005010055933168257
                   5000     0.6297340657855626    -0.1122382282909935    0.05340601857881767    0.04891071021536351      8.805861599191719
                   5000    -0.1493807204628181     0.3176960905370655    0.04800682273082014    0.04627848585615803      4.706711015613638
                   5000      0.104991199658589     0.3025696518765055    0.05097097723093756    0.04871627352208523       54.8466555294174
                   5000    -0.7667158992520077    -0.3437691011706468    0.05461812809115912     0.0538799766529108  0.0002689552444893391
                   5000     0.6367349028587341    -0.2811672389507294    0.06009949338315581    0.05808780001459814      1.147147904749991
                   5000     0.4774348918973219     0.1355767966928706    0.05345651827397419    0.05160714352579406      5.013715959159878
                   5000     -1.196198225021362   -0.03923294320702553    0.06000563111691801    0.05809243436247108  4.540765376633429e-07
                   5000    -0.2424033247835356     0.5011699261746151    0.05944125988678378    0.05243377906616479     0.9590199085437887
                   5000    -0.3145891427993774     0.8140517473220825    0.05992086810615546    0.05793637474716503  0.0007284204802677785
                   5000     0.6720659601132482     0.4113362438321434    0.05554318246985127     0.0544275101127173    0.01581772636596868
                   5000     -1.193736433982849     0.2086436450481415    0.05990944077813374    0.05788520660433745  4.649245698392783e-07
                   5000      0.212449710709596      0.580173552484612    0.04909582280556159    0.04703532609757664      29.75938746435399
                   5000    0.05730948239445873    -0.3957354144823167    0.05413714201549603    0.04403244956378172      47.90555832407257
                   5000     0.4981465092714918      0.535209200349624      0.050132399828484    0.04780756367430764      11.41052026857487
                   5000   -0.08988041096389283     0.6123490785529953    0.05073034461914481    0.04787779802554889      2.236320568093602
                   5000     0.2236233381798868    -0.4937882746661388    0.05307663278267834    0.05628462471516983      1.617878444188397
                   5000    -0.6366395614890189    -0.6836026427264783    0.05023643407518292     0.0508850779003116  0.0001906115715659428
                   5000     0.1660435313187394   -0.08438470864677498    0.05224557728246527    0.05662134841253148      171.1797234400459
                   5000    0.07847449885914999   -0.01208477315935789    0.05142162953408907    0.04996172202574698       166.997403313028
                   5000     0.5419503196134325    0.02752574427839248    0.04736598816199727    0.04494124856093908      4.463833812184684
                   5000      0.523915235738694    -0.2244773102414432    0.05404489520514927    0.05044112613424452      61.01103424090119
                   5000     0.4940189213615264     0.2790123684598142    0.05246927235662616    0.04998052540718773     0.3924406096118209
                   5000      0.523385501634709   -0.09242110922140234     0.0525863093290295     0.0535339700135723      27.17337428228717
                   5000     0.3342712395698633    0.06441728939445793    0.05114648545959186    0.04513016359946817      369.9291813931894
                   5000  -0.007679475754287109    -0.3286809945793329    0.04736586785159868    0.04577894863766952      45.74354516900775
                   5000     -0.341881964772785    0.04411650291759011    0.04976561218338606     0.0465599047724771     0.8819240492415173
                   5000   0.003366450779139996    -0.5771041512489319    0.05625061673855643    0.05456815366883581    0.01989510891933507
                   5000     0.7465274723659493     0.1772188400354339    0.04839690322396273    0.04756226166219212    0.02015596351779688
                   5000     0.2449875909121109    -0.2992630516115292    0.05188893222367996     0.0527424787124671      22.64428140674835
                   5000    -0.2984128597329649      0.100309877066423    0.04782033862288367    0.04579604356238875      3.141921023405558
                   5000     0.1459302974294656     0.2247059260195314    0.05538769589078776    0.04563348369979055      29.78088099099844
                   5000      0.117247679354571     0.9354017168317432     0.0505605912183587    0.04693908629149782    0.06632816570815384
                   5000     0.8448582887649536     0.8299679756164551    0.05556353138449071    0.05423458985103412   3.25286600631216e-05
                   5000    -0.7137969442716409    -0.3203596594615732    0.05085207807825161    0.04845005534619505  0.0008100779295884883
                   5000   -0.06290182538470419     0.7747165896907832    0.05529794277521592    0.04845157012970375     0.7872140611069199
                   5000     0.5153300027347965     0.6200574678587732     0.0535718712461692    0.04940007419673702       6.34407399291983
                   5000     0.0773004052805603     0.5549630168083768    0.05033239807095755     0.0506718951941996      13.53434859637118
                   5000    -0.8376013756235127     -0.406165608493035    0.04947057116982647    0.05047121461329357  5.935841069818248e-05
                   5000    -0.8373069167137146     0.2065566927194595    0.05521088272442876    0.05349222874464781  0.0001302771945606936
                   5000    -0.2990128567180391    -0.1102252215325357    0.04937414996459797    0.04597718376312489      1.050210776465903
                   5000     -1.012552976608276      0.251634806394577    0.05518164984937111     0.0534201373449498  2.987119067818006e-06
                   5000      0.208031640297104      0.669833419321165    0.04779826351399111    0.04507694612686874      22.61423902555952
                   5000     0.1130361260507309    -0.3436763525081616    0.05404442613925083    0.05073242842610285      70.13242481371449
                   5000     0.2499974425201879     0.1927087203022549    0.04666350963162923    0.04413530445229136      31.38798745448872
                   5000    -0.3126706222076892    -0.2865888775641313    0.04809902569660313    0.04781320927777681      1.427087911001031
                   5000    0.09815753996372223     0.6768484711647034    0.05411519509983675    0.05283437001531082      3.065492649225035
                   5000    -0.2091424068327779     0.3515011752478409    0.05034014914824915     0.0492224251253837      3.005213191750546
                   5000     0.8208238482475281     0.4148026704788208     0.0540928615470662     0.0527649939433775  0.0004040256003836097
                   5000     0.1248833739546665     0.8600240404717561    0.05040020113601978    0.04835933105744484     0.5342726038655287
                   5000     0.4578099546332447     0.6825933370424747    0.05150049438370222    0.04757544033533443      28.61289269263407
                   5000    -0.1679003983736038      1.180325388908386    0.05378850455572855    0.05232847734710323  1.475849954959857e-06
                   5000      0.317829966545105    -0.7578031420707703    0.05378942436102236    0.05232412775498861  0.0005491578475132207
                   5000     0.4406998684790293   -0.08495453600253812    0.05350114903811776    0.05525177103016442      37.71520475828773
                   5000    -0.2693528990946926    -0.5705782292707114    0.05127542916306523    0.04641196081399603    0.01798152712837401
                   5000   -0.05101722605731932    -0.4217834427955157    0.04948273637656164     0.0460516161598984      6.342694215042302
                   5000     0.3625648895300274     0.1366105474448349    0.05234705420139526    0.04655587694377554      35.38764023848702
                   5000    -0.3411369209978032    -0.4609939449356307    0.05193704364674399    0.05061168994084788   0.008986753727811899
                   5000      1.085078358650208   -0.09000573307275772    0.05274552786715856    0.05145864487964159  1.083114216282935e-06
                   5000    -0.3904232680797577    -0.1156397834420204    0.05273764013214095    0.05142358794081303    0.03856102995514187
                   5000     -0.250665280761882    -0.8107094703532326    0.05219200990945681    0.05247405230007037  9.261679139201942e-05
                   5000   -0.03775384216574378   -0.09806459508833304    0.05237899181520927    0.05116055534562348      27.60862992114377
                   5000    -0.3563377281271549    -0.3466342248387184    0.04668056874713716    0.04471461327584025     0.2871959119705538
                   5000     0.5466108411047825     0.2568681836630851    0.04818950287536566     0.0484159600589219     0.5122227292937225
                   5000     0.7127245664596558    -0.6163039803504944    0.05180020376361407    0.05020762702381255  2.661708781531433e-06
                   5000    -0.2079948037862778    -0.1083931103348732     0.0517896203719832    0.05017288267655517     0.5939259309629344
                   5000     0.4908039126978117    -0.1776762583487298    0.04634365045922392    0.04640021813517796      90.27565412472157
                   5000    -0.2312170287342562    -0.4575653062436368    0.04631767469108457    0.04479407711185857     0.4310719646118837
                   5000    0.02254164591431618    -0.7849059104919434    0.05176486100858393    0.04988611396580364  0.0006056680633982721
                   5000      0.176356996464117    -0.6518631777716759    0.04672075961131444    0.04444037144797863    0.07738813144133483
                   5000     0.1089545637369156    -0.6887127757072449    0.05175400004878501    0.04982556931542306   0.009685581721293355
                   5000    -0.7920700907707214    -0.1305341273546219    0.05168911256934284    0.04990406617614243   8.07561906928249e-05
                   5000     0.4999431669712067      0.218909814953804    0.05168242958682188     0.0499598427561684     0.2465057085839095
                   5000     0.8947520852088928    -0.3550242781639099    0.05168193808929779     0.0499645050412554  0.0003465373249707332
                   5000     0.3642905950546265    -0.5862426161766052      0.051681765688394    0.04993264759353169    0.02048444265924036
                   5000    -0.6426001911645594    -0.2461455250760787    0.04975060927217825    0.04944368545294523    0.00224001057199127
                   5000     0.4963132914887599    -0.3118862136417391    0.05097420876647617    0.05165482156281599       20.3750765340116
                   5000     0.3745286872636055    -0.4866682458512424    0.05127517702918283    0.04726873046513825       0.57593289822561
                   5000    -0.2275358587503433    -0.6641493439674377    0.05064435282078635    0.04904829751035421   0.001061234569538659
                   5000     -0.358259737100467     -0.219113732206757    0.04899570486542086    0.04449580350414661     0.5774468608014942
                   5000     0.6666049957275391    -0.5575516223907471     0.0505139172868013    0.04880372876271695  0.0003382882055473565
                   5000     0.4542293732553425   -0.01259718558208617    0.05025808479796419    0.04487544974647853      56.56385741387566
                   5000     0.6060141921043396     -0.357762336730957    0.05042490855789367    0.04862353283640704      1.742736710255722
                   5000     0.6093015670776367    -0.5506630539894104     0.0504050947037179    0.04860117465749279    0.00335751524174089
                   5000     0.3189297941944146    -0.1936827722901454    0.04894995875020278    0.04699141224303355      413.8048628214864
                   5000    -0.5166338682174683    -0.6594763398170471    0.05017759936904906    0.04829298379146048  0.0007577388283954455
                   5000    -0.1751071363687515    -0.7918295860290527    0.05017266694148571    0.04827648248399624  0.0002003653982005801
                   5000    -0.5093268752098083    -0.2824776470661163    0.05016506065183165    0.04824509871618739   0.006046791865446806
                   5000      0.168350776233153    -0.2319724569801638    0.05052681879815428    0.04441838636888485      149.9072282958683
                   5000    -0.9531877636909485    -0.8219646215438843    0.05005557425961076    0.04811898628768493  6.554374363605729e-07
                   5000   -0.07399853318929672    -0.3341761827468872     0.0500276066198748    0.04807808277664356      1.878384087154345
                   5000    -0.7501316994891944    -0.8103548845107023    0.04932775849680269    0.05029311846469672  3.967761581878732e-06
                   5000     0.1133659098317745    -0.1628424623954988    0.04869794387546186    0.04657845933366774      168.6502790477586
                   5000     0.3381712029593223    -0.3196090722088182    0.04926076898204466    0.04593131341193832      47.75187594025428
                   5000     -0.134936904440066    -0.3980748050199518    0.04730962859536231    0.04775613672934222      1.872677627578476
                   5000    -0.2990746792420348     0.2786634764498418    0.04901728817146066     0.0484725067180703      1.533976107199564
                   5000    -0.8969647884368896    0.06816001236438751    0.04955544958936596    0.04775870587561917  4.562345849221919e-06
                   5000     0.6967885494232178     0.2298509925603867    0.04921799575852753    0.04747643344540615    0.01809914991632422
                   5000   -0.06484482437372208    -0.9842814207077026    0.04922035902055369    0.04747388337923816  1.547731968802441e-06
                   5000   -0.03492555795275841     0.4441628792381121    0.04766544944931571    0.04587293312826157      4.196196567945283
                   5000   -0.03278229758143425    -0.7930448651313782    0.04907376860283085     0.0474185286946598  0.0006337468060736354
                   5000     0.4098202586174011    -0.3542719185352325    0.04881147297274625     0.0470790633969184      8.213640312227398
                   5000    -0.1012588711420678    -0.1174086448368413    0.04732431241506653    0.04478436013217081      37.51632531603973
                   5000     0.1663123071193695    -0.4266218543052673    0.04846813943323255    0.04665456869621307      2.763991380495796
                   5000     0.6658838821353931    0.07501387794298971    0.04640812959756245    0.04704474328713623     0.1986255223012126
                   5000     0.1734374314546585     0.7235329747200012    0.04832178671517286    0.04651256100886896      3.847646477945222
                   5000     0.2330252322895036     0.3985813360471356    0.04691747013736004    0.04814819569349698      12.95027654805701
                   5000     0.4373554903161274     0.7765931551142642    0.05160344717362479    0.04616823602677462      16.51639343793892
                   5000     0.1546314426850412     0.4169550893022536    0.04745699248554217     0.0467624608837947      6.029681961983359
                   5000    -0.6677800416946411      0.146293580532074    0.04814585836038153    0.04655677110360285   0.001424182397182954
                   5000    -0.9618068337440491   -0.08430394530296326    0.04816847287671803    0.04654460920143905  3.942822042143987e-06
                   5000     0.3138240239806271    -0.4879867827355655    0.04596307242586423    0.04413574280698892      1.220285733788189
                   5000   -0.09168090816011115     0.2093166573878605    0.04711793671926902    0.04282669213479637      22.43144567402128
                   5000     -1.114783525466919     0.1220537424087524    0.04792540602576464    0.04635857768723921  1.026846861868344e-06
                   5000    -0.6731029395884102     0.3591831726454515    0.05046105599698013    0.04668567209364118   0.008243555021083836
                   5000    -0.3451745652951139     0.4820064692576704    0.04560496339993638    0.04550538016169871     0.3031517494882413
                   5000    -0.5728166659646952     0.4459218301348145     0.0497662200678128    0.04734764158904755    0.03828654028632295
                   5000     0.3687044680118561       1.15904700756073    0.04781842696584074    0.04599576877987289  1.620366650760435e-05
                   5000    -0.5629701356733428    0.05995784362793639    0.04738519003367374    0.04386772146454913    0.06679035790035785
                   5000     0.1358472478358423     0.1630477183056379    0.05030503251763371    0.04482727757670942       66.3513247164872
                   5000    -0.2045725435018539     0.7904261350631714    0.04747838415819171    0.04538911529529089    0.04674665805830411
                   5000     0.4263199269771576     0.4749571979045868     0.0474715467617978    0.04537085395031059      3.726528262363054
                   5000    -0.2059143334627151     0.6801477670669556    0.04747580953341679    0.04535583280499189     0.1316587599995274
                   5000      0.820661187171936      0.957271933555603    0.04747881250907815    0.04533991420128449  2.516599430580282e-06
                   5000    -0.8510748744010925     0.4271728992462158    0.04743247134887028    0.04529485917095179  3.215634691495527e-05
                   5000    -0.5634670775814754      0.736153213051301    0.04338350236769823    0.04089622856024551  0.0001463977355416729
                   5000  -0.007878327742218971     0.6234577894210815    0.04712327961559024    0.04486303238833139       2.50418014668419
                   5000    -0.3019385397357439     0.1682435195907424    0.04533686776564064    0.04479786484084299      1.855541221260726
                   5000    -0.7044999599456787     0.5564314126968384    0.04711014315660645    0.04481883821551413   0.000160254703657725
                   5000      0.796008288860321     0.3006708025932312    0.04707117075347918      0.044792381637841   0.001741533463111141
                   5000     0.6605488061904907     0.8182372450828552    0.04692814474508378    0.04461925100410403   0.001458870588552149
                   5000     0.2108532003315739     0.8208767770078292    0.04919279541583219    0.04208629455732426      2.244023152842785
                   5000    -0.5213635563850403     0.6603902578353882    0.04692950982573035    0.04455754418129945   0.000773610602963899
                   5000    -0.5875861048698425  -0.004443737678229809    0.04682774967294875    0.04442332534792837    0.01186193117822775
                   5000    -0.4359744489192963     0.9193316698074341     0.0468477652311985    0.04440748012283783  1.413249664668594e-05
                   5000     0.5694222450256348     0.5071372985839844    0.04672808369448419    0.04423967920277536     0.8765807260026314
                   5000     0.2187423680343195     0.2593364092168702    0.04546723751506143    0.04378671937656831      7.636866703422958
                   5000    -0.6049462556838989    -0.9441453814506531    0.04667549688289286    0.04420875937315409  7.683839714196616e-07
                   5000     0.6170597341207811    -0.1990625682824232    0.04592386033725505    0.04634362338083826      9.251454338355149
                   5000    -0.4791471362113953     0.1420114934444427    0.04619325332703626    0.04390038825117847     0.1170757728761144
                   5000     -0.791199266910553     0.5581907033920288    0.04616451839020537    0.04386504778823055  2.452623361359379e-05
                   5000    -0.5326239466667175     -0.144941657781601    0.04615694066926027    0.04386617685760801    0.01529383872042795
                   5000    -0.7997239828109741    0.09627385437488556    0.04617068909374463     0.0438580795931754  2.745942797810525e-05
                   5000    -0.5873387906482489     0.2212002564689564    0.04801548358651158    0.04550731845250833     0.1410312779793596
                   5000    -0.8319992423057556    0.02690831571817398    0.04591513204167056    0.04360990913966728  1.021847388899777e-05
                   5000     0.9196971654891968     0.1114935055375099    0.04582413177456923    0.04355614552639817   0.000174566718340398
                   5000     0.1421251595020294     -0.613913357257843    0.04562647000341653     0.0433383022647184     0.1084834259036821
                   5000     -0.203559935092926    -0.6043315529823303    0.04548140553728884     0.0431786120691162    0.01377707982487456
                   5000   -0.02126864902675152    -0.1549826413393021    0.04530877270965215    0.04299019744668978      16.87218939090765
                   5000   -0.01903413355948751     0.3383056573370357    0.04557218386349457    0.04399536420128326      19.34784079687706
                   5000    -0.4484405219554901    -0.7500227689743042    0.04517470235496239    0.04280296124137929  0.0004146910879794383
                   5000    -0.1918582150637131    -0.4079966436163122    0.04800882463303245    0.04222043266368562     0.6546447153477577
                   5000     0.4123797714710236    -0.1336377114057541    0.04484931420907524    0.04264614070326443      35.85730084339366
                   5000     0.1578476315841035      1.017050122936701    0.04400934876201931    0.04158486858998209   0.006663504692644304
                   5000    0.06296668946743011     0.1064954474568367    0.04479104672464686    0.04262460976954547      27.36235017366167
                   5000    -0.6983813896280394    -0.3853842460268744     0.0458670023924637    0.04198936304495607   0.000798362850151475
                   5000      1.024071335792542    0.03429630026221275    0.04461403144004356    0.04235835375482722  2.750760305249759e-05
                   5000     -0.375513856071533     -0.621765610990523    0.04414839208071829    0.04187556798924434   0.005786191389140164
                   5000     0.1228737831115723   -0.04959921911358833     0.0444538013391815    0.04216236170185259      61.28267885127383
                   5000    -0.1654713887651084     -0.060404575418948    0.04465016411390572    0.04528342446698508      10.75520530069474
                   5000     0.7193450331687927    -0.3199890553951263    0.04442568646130253    0.04211652983110672      0.194431042618837
                   5000     0.8783547878265381     0.3182154297828674    0.04442169732655385    0.04209540991864096  0.0004647148904236974
                   5000      0.691772997379303     0.1626030057668686    0.04441406421251504    0.04206567083013845    0.01701644775024872
                   5000    -0.1520515544379644    -0.1748125001384815    0.04518682125113208    0.04141274226688522      6.521345048279903
                   5000    -0.5207927227020264   -0.01106745656579733    0.04433443812918936    0.04196180404655052    0.03486618616731069
                   5000    -0.9208810329437256    -0.1336681842803955    0.04427420961293638    0.04206358988930396  1.139583482941972e-05
                   5000    -0.2961253821849823    -0.6584720611572266    0.04428104009883414    0.04212811853688033   0.002493225101930015
                   5000    -0.9490759372711182    0.01115195918828249     0.0442527654187929     0.0421185168246944  3.323942772253582e-06
                   5000   -0.02582660190184478     0.5667751658454857    0.04507745901623698    0.04281125056339877      5.323204856881118
                   5000    -0.4376949667930603      0.275828629732132    0.04419476177029188    0.04204916716536175     0.1148473787663616
                   5000     0.1093792319297791   -0.09782873839139938    0.04413791524982325    0.04203490275266086      61.54131223419594
                   5000     0.5005530714988708     0.3313070237636566    0.04416055672669127    0.04206728736611735     0.1728523164696324
                   5000     0.2748428892176526    -0.2439061417201558    0.04445197084520176    0.04205163334842192      108.5137033157088
                   5000     0.2126830960120284    -0.4068259456425525     0.0449862850143641    0.04088301942810879      14.55318467181188
                   5000     0.7894978523254395    -0.4893544912338257     0.0439105536131064    0.04164895928156945  7.180952568820398e-05
                   5000     0.5779073238372803    -0.1384286731481552     0.0438909500210528    0.04162125393105209      7.858239654629092
                   5000     -0.154023289680481     0.2514098286628723      0.043799717215962    0.04151887567212261      2.052265016621392
                   5000     0.5437355637550354    0.07931478321552277    0.04377444388021072    0.04149196573746015      1.302044639537788
                   5000     -0.959598183631897    -0.3718015551567078    0.04369348351928257    0.04140935754127061  7.080764595416278e-06
                   5000   -0.02373808006072075     0.2654425734176845    0.04345910024178722    0.04071894941270637      9.155070935215212
                   5000    -0.1104632318019867     0.0936114639043808    0.04366780620135375     0.0414210499004782      12.36224447553301
                   5000    -0.2721758782863617    0.02521625906229019    0.04365705837457826    0.04141589800103426     0.6315755270362017
                   5000     0.2298687994480133   -0.06921254843473434    0.04345298658425696    0.04120593669003007       91.8314623262264
                   5000   -0.02877443842589855    -0.2042113840579987     0.0434370608722148    0.04119437087725947      7.723680958125419
                   5000     0.3262642025947571    -0.2554135322570801    0.04338068013589391    0.04114642497539853      43.26002794964658
                   5000    -0.4461114894362132    -0.1345191599025721    0.04333972311950058    0.04302813530360472     0.0524658877922878
                   5000    -0.3125708702544647     0.3685762197463692    0.04318685153479734    0.04349886294531078     0.5284138004535334
                   5000    -0.1363721787929535     0.6638585329055786    0.04337126423374729    0.04116095266172137     0.4694539375333287
                   5000    -0.6974521279335022     0.2429758608341217    0.04337767600320404    0.04118134068037674   0.001519130638772073
                   5000     -1.057322263717651   -0.05620124563574791    0.04330008586034732    0.04107031454568122   1.23700806813341e-06
                   5000    -0.1172579675912857      0.827043354511261    0.04329933234919189    0.04106863713261591    0.07814008066276361
                   5000    -0.2592357397079468     0.6901439428329468    0.04329482159595595     0.0410609598409702    0.03240622192769167
                   5000     0.1865357721722637    -0.3049623651043943    0.04264732703850495    0.04055398928363863      47.78738440071554
                   5000      0.260971873998642    -0.6406754851341248    0.04318023771969114    0.04101016685429252    0.03947619056975452
                   5000    -0.6259069442749023     0.1808969974517822    0.04318226853551344    0.04100228911901557     0.0192539020676095
                   5000    -0.1426887455669281     0.1677598507457415    0.04682653684152425    0.04070738747629209      10.27696361083741
                   5000    -0.5588636720356969   -0.06280920246684089    0.04372528497467845     0.0438012693561609     0.0302963444815694
                   5000     -1.049590183649543   -0.00155197095969192    0.04309269593949433    0.04114242390204128   3.56585241863636e-06
                   5000    0.03128485754132271     0.4673130810260773    0.04310166723692162    0.04088261801019505      4.489625447857843
                   5000    -0.5242046713829041     0.1596160680055618    0.04306090413810097    0.04083811452345842    0.09396113917675593
                   5000     0.4993900832791879     0.3923604868799166    0.04267802453267384    0.04054739573180523      0.424447236415561
                   5000     0.5083772572173125     0.8497259116619889    0.04274903604563059    0.04034075813577657      1.176324839551141
                   5000   0.008134869858622551      0.696904182434082    0.04305856388240045    0.04073855910120804      1.476155189882169
                   5000    -0.7264482864510496     0.1663126506328499    0.04292126129088165    0.04202058992056734   0.002407658675862365
                   5000   -0.08576256036758423      1.017618894577026    0.04298890187122127    0.04055543213184914  0.0008984205643067069
                   5000    0.03206045553088188     0.2817296981811523    0.04293933213750872    0.04048138620644873       6.82559922747657
                   5000     -0.948691725730896    0.08111958205699921    0.04293395474819033    0.04045743280079468  9.378547300004994e-06
                   5000    -0.8924598097801208     0.5559075474739075    0.04292052909552153    0.04041436640052648  2.838493702341575e-06
                   5000    -0.6150537133216858     0.6969512701034546    0.04290319451090149    0.04037523763401982   4.33029528641725e-05
                   5000    0.05716139078140259     0.9504242539405823    0.04287250995062281    0.04038636131768498    0.01417389981819238
                   5000    -0.2679610252380371     0.2162690311670303     0.0428707558674944    0.04037865900905987      1.302982118349182
                   5000    -0.4057578146457672     0.3285283744335175    0.04287381347621565    0.04037060957007964     0.1090686801188206
                   5000     0.7000110745429993     0.2847952246665955    0.04287192506803678    0.04035724133515103    0.03734562438156366
                   5000    -0.4339315295219421   -0.03691994398832321    0.04286131995682741    0.04033923958478793    0.03848791821374858
                   5000    -0.8446590900421143     -0.567058265209198     0.0428347435854446    0.04029997145427969   1.63341699102647e-06
                   5000     0.0196867398917675     0.8578945994377136    0.04283121176894379    0.04029545717445141    0.08772822234903074
                   5000    -0.1763428896665573    -0.3368500173091888    0.04277591455061893    0.04030940806328021     0.7973536380968997
                   5000      0.894071638584137     0.4151353240013123    0.04278274615669738    0.04030118864323168  0.0001212278086415347
                   5000    -0.6088014245033264     0.1196184232831001    0.04278968903280479    0.04029949500815172    0.01424514794706907
                   5000    -0.3771195411682129     0.2629267871379852    0.04279759707885145    0.04030601655579033     0.3368855371468097
                   5000     0.3033457696437836     0.5837876200675964     0.0427545617887105    0.04024630833871068      26.30131955599943
                   5000     0.7193453907966614   0.001729554496705532    0.04264429060192106    0.04019778274410612     0.3235836302907698
                   5000   -0.01874860500870984     -0.686024813761253    0.04298747160637855    0.04008792614373276    0.01595353257321987
                   5000     0.8319581747055054     0.1951742619276047    0.04264453029192219    0.04018349746834853   0.001523034776652594
                   5000     0.2722768485546112    -0.3762986063957214    0.04260973537106257    0.04013220800738725      5.451954518551064
                   5000      0.597905695438385    0.04941157624125481    0.04248241375337553    0.03996296590384093     0.7493082933013515
                   5000     0.3030646145343781     0.3724105656147003    0.04247147811580883    0.03994376177693092      1.145438184997964
                   5000     0.1967577338218689     0.9441381096839905    0.04240698268087505    0.03993238730289441    0.02651683211525033
                   5000    -0.4481307486559847    -0.3625177188245944    0.04370240665071556    0.04076309550641777    0.04954237259077247
                   5000    -0.1885750740766525     0.1839186549186707    0.04238251070289994    0.03993748759455668       3.18993068789747
                   5000    0.01062210090458393      0.529452383518219     0.0423727933548656     0.0399162836288051      4.445409886429853
                   5000      0.129874974489212      1.075719594955444    0.04234954905282809    0.03987731045472617  0.0009696969643133767
                   5000   0.002047233516350389    0.07660442590713501    0.04226821417544523     0.0398538438296536      21.43952496270207
                   5000    -0.6199225783348083    -0.6078218221664429    0.04223540893347422    0.03981081516036559  0.0001519261463310091
                   5000   -0.06257409602403641    -0.2864665389060974    0.04218936630819034    0.03976239235912945      6.175115618782888
                   5000     0.1320981830358505    -0.2660628259181976    0.04206281798356762    0.03962992644650207      32.50560544973726
                   5000    0.09025635570287704    -0.2300455868244171    0.04202671397443557    0.03957274522905234      29.06023535448229
                   5000     0.1535163223743439    -0.8492672443389893    0.04202212180479297    0.03955794307652262  2.352427768403492e-05
