#! FIELDS time deep7.node-0 deep7.node-1 sigma_deep7.node-0 sigma_deep7.node-1 height
#! SET action OPES_METAD_state
#! SET biasfactor       16.03631500507211
#! SET epsilon   3.735419329000485e-08
#! SET kernel_cutoff       5.848558909940468
#! SET compression_threshold                       1
#! SET zed     0.09983954133407232
#! SET sum_weights       1329.391215988162
#! SET sum_weights2       9653.625346607596
#! SET counter  992
#! SET adaptive_counter  500000
#! SET sigma0_deep7.node-0     0.06241394873585928
#! SET av_cv_deep7.node-0      0.5103635670708956
#! SET av_M2_deep7.node-0        56320.2161944623
#! SET sigma0_deep7.node-1       0.511643894212914
#! SET av_cv_deep7.node-1    -0.07955582879951498
#! SET av_M2_deep7.node-1       142094.3178969692
                   9000     0.6860887195582893     -0.932028694453785     0.0442728082413868    0.06886657526258276      4098.510757602422
                   9000     0.3751901399689831   0.009473407757972147    0.04465388301951562    0.07937093103943782     0.1550482633479226
                   9000     0.3747717357382141     0.1936158694056472    0.04763699199990737    0.08323303498576168     0.9647031556216361
                   9000     0.1373587387426666     0.3076784863662699    0.04577743323374145    0.07283117881381149       0.05938971360419
                   9000     0.7022778581722778     0.8957022721321571     0.0469103030156466    0.07761912679836708      2188.568599303553
                   9000     0.4411647269331539     0.8733591656502179    0.04323275572421532    0.07425193891052863       1.81325311936557
                   9000     0.2679359079248937     0.7943900959613717    0.04251762244628714    0.06511614085133326    0.05272549154184009
                   9000     0.5770676216857762     0.2147524553618137    0.04637285552690711    0.07736680527864762      50.23746228226796
                   9000     0.2567993394954382      0.271635880363834    0.04657334154275632    0.08462907194632004     0.2734667483138113
                   9000    -0.5321739816418489      0.106775960744566    0.05476023500963687     0.1106196430007446       5.55699265013206
                   9000    -0.7646080510191818     0.0137750838287729    0.05771508219414515     0.1024637890602442      542.4121137505413
                   9000     0.6134625100255375     0.5406662227814084    0.04859649115863852    0.08345148865065996      201.8125365482124
                   9000     0.6012440928884153   0.008618767493523081    0.05599268430611902    0.07803330141909327       40.8942600380994
                   9000    0.08313161278979303     0.7102654683676761    0.04702914037794989    0.08034544947099125  0.0002969429802081091
                   9000     0.5466926705632515    -0.1951461258192069    0.04484251381474545    0.07149374780512419      33.35499450655492
                   9000      1.144355655690263     -0.172188255725024    0.05035397288181735     0.0810838146422611  2.808700534586594e-05
                   9000     0.4386037589427976    -0.5834193913302571    0.04270015609037169     0.0822512836418131     0.9135792259462924
                   9000      0.886782105142021    -0.1305793622493769    0.04233202774308926    0.07251142700570065      5.491080440214581
                   9000     0.6532443303120341     0.1398615907991126     0.0507195931170767      0.091855776318053       71.5524710815161
                   9000   -0.03093651324347764      0.248652304103988    0.04821010929219516    0.07141417648066568   0.006147692239752405
                   9000     0.7540260822034625     0.5998050881222847    0.05096466238569659    0.07365604336500389      121.9271547436699
                   9000     0.7289674143385576    -0.1359112785360155    0.04594192308403398    0.07704369255974367      249.8365133271063
                   9000      0.591784418210422     0.8104217540560248    0.04269134886190407    0.07885928852463574       133.675394874487
                   9000   -0.04524923197569364     0.6577836533844176    0.04833367124332384    0.08327254841529276  0.0001862650218303283
                   9000     0.7127886796375208    -0.3938136729755444    0.04510029209318359    0.07211279730459572      587.1897110995822
                   9000     0.6151124086171035    -0.5115266763460249    0.04434818984679483    0.08216404151581595        112.13024900033
                   9000     0.5588186820733698    -0.8087059145037313    0.04354685600165654      0.077608871875369      19.61251280133248
                   9000     0.9592354344301701     0.3340856193118212     0.0424406485330044    0.07774591823631664     0.3400741751260551
                   9000     0.5583180187475916     0.6135943947939905    0.04206628619159071    0.06435731534278709      60.09757590161718
                   9000   -0.01405611062940794    -0.2805908537007944     0.0419030468149332    0.07056159622150686  9.956634731217906e-06
                   9000     0.2682543507978001    -0.4149763601678694    0.04421882668017678    0.08687154876581749    0.03977019725627335
                   9000     0.8682987543967404    -0.7969371793749901    0.04794044406996222    0.08352849675906647      2.668220377357168
                   9000     0.8441499101463543     0.8250163852967395    0.06138631588184791     0.1150845715086706      5.399454248885679
                   9000     0.7783562658839309     0.3172615996323689    0.04709598525946979     0.0716471262592903      62.13181710884865
                   9000    -0.2005396046378121     0.4037863935889957    0.05444216848688067    0.09440320990239545  0.0005319873867450031
                   9000     0.5206715575293835     0.4098346032533475    0.04457889316274163    0.07350480012611854      27.89612129827972
                   9000     0.3301227986812592    -0.9619595408439636    0.05846225546288332     0.1137749375830973   0.004874291582924142
                   9000     0.7466668649556504    -0.8150812824370866    0.03930060463543021    0.06395166434965073      157.5055884016218
                   9000      0.719146373240977    -0.5747139579201087    0.04506505397465844    0.07685937488956755      202.6060744353819
                   9000      1.027242204961403     -0.546463450199373      0.048216739953699     0.0824336127466986    0.01386814994291855
                   9000     0.7175733683051468     0.3940111756624093    0.04386165073447706     0.0800318931855085      106.8495796024409
                   9000       0.66855073689995     0.7610956349293618    0.04217753414028876     0.0760721826880405      1093.271151625398
                   9000     0.6164334855170666    -0.2107880650546757    0.04051147823044379    0.07041157500682017      78.04981309869351
                   9000     0.7663426383256124    -0.6864462852600249    0.04086025619409954    0.07326051057892866      74.20556465904414
                   9000     0.6780641838741986    -0.8404825902930952    0.04036753424129626    0.06957029748515808      710.3519610241303
                   9000    -0.1067250958338334     0.3403541726722288    0.04098460783666146    0.06614342056955616   0.002454856579864723
                   9000     0.4231693710853793     0.2936891252387204    0.04233991567287196    0.07708375039470744      5.960521264592342
                   9000     0.2074698525241241     0.3674380141863756    0.04112441147232302    0.07572712659763868     0.1265233584902933
                   9000     0.4981021867147255    -0.5090233376877658    0.04060709863890034    0.07327026551901737      4.541031396997365
                   9000     0.3397226367225877     0.4248205625695081    0.04365524849960181    0.07808094125016969     0.3847378472607944
                   9000    0.04290741542739098     0.1893426556519313    0.04006112744078062    0.07211094924018312    0.02366052318610529
                   9000     0.9178927253876498    -0.5656466911687498    0.04163368811937154    0.07014925376673242      1.952898216732346
                   9000     0.7677551996653876    -0.3111236594829668    0.04416141643098321    0.07524012122529185      104.8644279341941
                   9000    -0.5063186883926392     0.8397160768508911    0.04973752408813945    0.09353189868031163  6.931388446316879e-05
                   9000    -0.1897542774677277    -0.1430915892124176    0.05054907742793077    0.09226223519595636   9.64606264998178e-07
                   9000    -0.5899925632168503   -0.02326429221680584    0.04585415738021378    0.07501131260179837      24.85918825334276
                   9000     -0.816145822274896    0.09607492519229752    0.04448896640567326    0.07697579746688198      275.3610949453436
                   9000    -0.6709328293800354    -0.1238062828779221    0.05038178508176112    0.09090827331349037      15.31577026695043
                   9000    -0.6414638741825291   -0.01023371098296976    0.04719103139986092    0.08050226750916466      31.17005711205878
                   9000    -0.8229319453239441     -0.190772756934166    0.05052681181114652     0.0894407546124793      13.11943018192366
                   9000    -0.2632791101932526     0.7578604817390442    0.05033405101549238    0.08883155561939875  1.111586138007154e-06
                   9000    -0.1515590319177225     0.1832390949347188    0.04742466195748327    0.08194201090915185   0.001599779195292831
                   9000    -0.2652112228651217   -0.04395203417941797    0.04537708457294371    0.07097881317265166  5.467667639339099e-05
                   9000     -0.448303507755522     0.4028177787225209    0.05010247247914527    0.09046346432660464    0.06014656191552155
                   9000    -0.4429345657907106     0.6808532259777541    0.04746335388947317    0.09010321038899806  0.0003305844727693126
                   9000    -0.6587194204330444    0.08296259492635727     0.0496668741443143    0.08712217353823176       24.0414253809509
                   9000    -0.2982668940305948     0.3647781006396611    0.04050455137894297    0.06850368927022096     0.0011497799341108
                   9000    -0.3044514925511815     0.1674141220116782    0.04426241671332744    0.07444875345546642   0.001920716062058915
                   9000    -0.1702000413660724     0.5105885990032769    0.04289009107129162    0.07460501176725194   0.000215747715009672
                   9000     0.1193873714303342     0.1872423132723636     0.0443624259252902    0.06641764258571675    0.03985033190404008
                   9000     0.5578207392779519     0.7456041151849758    0.03992086057009737    0.07222009700953601      69.70685716657555
                   9000    -0.1321198791265488     0.6109545826911926    0.05022231320459411    0.08488714493149614  4.751061890148168e-05
                   9000    -0.8621278405189514   -0.01703271083533764    0.05004011092763084    0.08412217047123727      29.53608217940219
                   9000    -0.7564967012956834     0.5807205450772551    0.04640056243006135     0.0773303439537965   0.006290650426371466
                   9000     0.1686435377241307     0.8644401473214157    0.04070631080124242    0.06456804311513073   0.001042948927575006
                   9000      1.058284940370015    -0.3601863910252706    0.04062860994948265    0.06809046172937407    0.00463377607714432
                   9000      0.510655838088505    -0.3875077275245543    0.04473403804570304    0.07739242855111572      2.783007306307599
                   9000     0.6325789553905306     -0.717855514709216    0.04287524675163254    0.06643071313680553      159.8661586019426
                   9000     0.3823847191349583     0.7604109099558839    0.04483674126479109     0.0774284104903035     0.5039847812877507
                   9000   -0.09780038888565822    -0.2707875124253805    0.04626583809475921    0.07559064714650314  3.712615065813715e-06
                   9000      0.350553034565209    -0.5425898919655469    0.04241649617610332    0.06621467963327791     0.1806966179218679
                   9000   -0.03838593878111363     0.3839775124236615    0.04410931894021468    0.07738153928026546  0.0006937938748544215
                   9000     0.6639123504105239     0.4113953042519115    0.04232059955464767    0.07384022004169474      184.2296244815479
                   9000       0.95343017578125    -0.1567628681659698    0.04804208877004925    0.07863548252433694     0.1848421060658497
                   9000     0.2428275111110008    -0.6060989736035706    0.04102711181298749    0.06596155307611676   0.004451149025191507
                   9000     0.5950497030252186    -0.1165097290684089    0.04464164636448829    0.06723445922829412      77.18173286140375
                   9000     0.2976448033304607      0.349143064013719    0.04392384342846127    0.07061397666669118     0.2594881446328977
                   9000     0.9399108290672302     0.4647918343544006    0.04732477501512355    0.07794065121519973     0.1956113801480734
                   9000   -0.09032552663388763     0.1317116005121672    0.04112405328954097    0.07253448404285945   0.001156177943178985
                   9000    0.02891758698258219    -0.1066030012810361    0.04499280761337651    0.07749121287700778  2.421128987328794e-05
                   9000     0.6809581060763904   -0.04171720654079475    0.04322888310447846    0.06383508568076408      43.71986620605088
                   9000     0.8653307124782822     0.4186649273611973    0.04182124586916165    0.06939258362775345      9.728969536959841
                   9000     0.8160738357698829     -0.704387144094539    0.04182949129649522    0.06868703534079243      21.40545519315904
                   9000     0.3995130249963538    -0.2380404064209487      0.042815382666985    0.06564871794759666      0.756290382082716
                   9000     0.9276175712991085    -0.2409942814356885      0.039877638251178    0.07320016469258799      4.618985109266522
                   9000     0.7866249866795291     0.1202337329555094    0.04437943999809391    0.07512901487914148      40.64788483249487
                   9000     0.5358873890659575    -0.7046937904573038    0.03885973649460893    0.06829474561958372      8.188298026239355
                   9000    -0.2384424001103102     0.2402625075387589    0.03948877205454706    0.06478856984202967   0.001562603379983364
                   9000     0.4916350020423095     0.5303328262415411    0.04216422675539214    0.06649386955019335      12.48521201164336
                   9000    -0.1452393296628441    -0.2151427877418766    0.04062330164043425    0.06935346947364378  5.626128635489498e-06
                   9000     0.1154574081301689    -0.1208290383219719    0.04499180189186162     0.0735435463297251  2.004932042323224e-05
                   9000     0.8479354194956967    -0.4407717393984031    0.03904383873553569    0.06656408609677616      15.33378365074081
                   9000     0.6895803433800348     -0.710553926340743    0.03818993379409199    0.06383536765584337      293.3910614390341
                   9000   -0.01110420395049126      0.782592335731732    0.04132859528594929    0.06764693617344099   5.80846264173922e-05
                   9000     0.7131299157150971     0.6591290926913127    0.04383399640319668    0.06474660588360648      375.5798330902585
                   9000      1.007329940795898    -0.1368066370487213    0.04397704834655959    0.07191731273841094    0.06211485309500479
                   9000    0.05265937322079022    -0.3926939166866276    0.03740812082815421    0.05927689032348937  3.544727912768965e-05
                   9000     0.5921540856361389    -0.6730411648750305    0.04355071055272779     0.0711391817294543      7.250030389427383
                   9000     0.6661914586423355       0.50634531067118    0.04078044251721884    0.06745657462959063      394.8864613810129
                   9000     0.6646216059603165    -0.1220259343706743    0.04078094015083056    0.07008057532056786      68.83221109585273
                   9000     0.4074624540526164    -0.3956072723588732    0.04180930071521508    0.06765997523919048     0.9904479992165015
                   9000    0.06113159015504657    -0.2489893609564744    0.04096556791181209    0.06883323616545721  1.622780762612457e-05
                   9000      0.203912412102971     0.6913401844993662    0.04165806684878612    0.06601511932418351    0.01207773843706129
                   9000     0.8678516571709542      0.188862517731662    0.04128396211031131     0.0700266459969562      6.532868524016017
                   9000     0.4567026279478512    -0.3263206994160346    0.03930627288721747    0.06862030837765098      2.872104225889044
                   9000     0.9338472198763965     0.1377106951216464    0.04194991295930278    0.06978573054324159     0.4668924774424247
                   9000     0.7862330840608552     0.7319117496379322    0.04210423101703329    0.06923929397578635      51.77942166719612
                   9000     0.2615442598690884    0.02846904567916538    0.03935902909626292     0.0622034264847274     0.0122275688074525
                   9000      0.573174576621445     -0.427874397945864    0.03867156490259611    0.06141098411865403      24.83132270556164
                   9000     0.6620106926292624    -0.6210775395868433     0.0391138219770342    0.06660464024055503      93.44631533733549
                   9000     0.8457247395941491    -0.1848271380144524     0.0410259296108305    0.06980392843095802       11.4024946426984
                   9000     0.5829506314111109     0.3492975651271427    0.04125274813949237    0.06264767866026923      34.51282574551614
                   9000     0.2027078694130046    0.09129926709920068    0.04074373631050775    0.06582625884065556    0.01445972846369461
                   9000     0.7825395197974471    -0.5596069103102701    0.04012280011566768    0.06474116842210718      50.99122553362518
                   9000     0.4545346607844382     0.7171421964108252    0.03967998135473632    0.06736711809982962      2.656801796251704
                   9000    -0.0474779166163994     0.4883934042416717    0.04089389960472719    0.06542221336243274  0.0002050565512675251
                   9000     0.3491157591342926     0.6337600350379944    0.04149114473104362     0.0685828794809606     0.0650013377295582
                   9000     0.3086187584876831       0.87439381039611    0.03868362269295551    0.06239125612070814    0.05093009832414053
                   9000     0.3177812695503235     0.6853072047233582    0.04123801223202638     0.0680849265391366    0.05933818003146402
                   9000     0.6056944131851196    -0.8475840091705322    0.04115384844568676    0.06797592559979369      31.78213597317433
                   9000    -0.2249333709478378    -0.4242635667324066    0.04113316049287362    0.06801791849741901  1.255607597699219e-06
                   9000     0.1946719884872437    -0.4508551955223083    0.04115517909098408    0.06796963931137355   0.001769521202544539
                   9000     0.9156418690303824    -0.3752638201103206    0.04266360441478443    0.06886701445330816      5.792724343601895
                   9000     0.3944695293903351    -0.5250959992408752     0.0411608554580418    0.06790394939743381     0.1264746516515248
                   9000     0.2918491065502167   -0.07648131996393204    0.04112926817452511    0.06786474092685901   0.008024501742897349
                   9000     0.8682735664181723    0.02827684392332127    0.04044749477515647    0.06793700917865653      9.657786664386887
                   9000     0.7327382034321154     0.7805661658175121    0.03859018105006941     0.0628933643798969      730.7209760859962
                   9000     0.4955166737830998     0.1338347588185844    0.03963213851094224    0.06753618839739071      3.787575218187168
                   9000      0.225878432393074     0.8968617916107178    0.04019326446636736    0.06640205917803951   0.001793768204922177
                   9000     0.5485613399882696    0.06405251090353506    0.03923586842483394    0.06652644945755923      8.758686742600609
                   9000     0.9788650021828945     0.1280637713338493    0.03908809073122312    0.06436611032710293     0.1587340145614776
                   9000     0.8303873176711337    0.07779657663888452    0.03925055169188767    0.06310991504273349      6.354995408241326
                   9000     0.7543353723586134     0.4638066152104939    0.04022046323711235    0.06445451048900619      49.25211281573451
                   9000    -0.1905593780858997    -0.3007396057571529      0.039346619173307     0.0639418838889558   5.34487154621907e-06
                   9000   -0.05188282651461659    -0.0444521200483536    0.03817829275451164    0.06171593293149829  8.133916549268154e-05
                   9000      1.072352149187329   -0.08365623192642459    0.04056667472115529    0.06633012095076619    0.02164782882703144
                   9000     0.1526063359307166    0.07347966053285165     0.0393603394218968    0.06340233108152078    0.01064138222603411
                   9000     0.4228209984313354     0.3774282498666909    0.03951203368736923    0.05897884683747373      1.842610190001128
                   9000     0.1640260815620422     0.4529572725296021    0.03903749716432638    0.06417824770919087   0.008686529638105418
                   9000   -0.09915170073509216   -0.01701626740396023    0.03890181141702211    0.06402544678107942  9.682646215155544e-05
                   9000      0.129888191819191    -0.7307308912277222    0.03882513011856573     0.0638948260673242  2.166492486948611e-05
                   9000    0.07838133722543716    -0.5248390436172485    0.03877276663252208    0.06387215896546848  2.041760013245365e-05
                   9000     0.3049837648196141     0.1976020525748404    0.03952724223601707    0.06090512284763832     0.2046943239464297
                   9000     0.4489134550094604     0.1733885854482651    0.03871860617330273    0.06388639395363478      1.052130292438967
                   9000    0.09900698065757751     0.0111538665369153    0.03871930223929086    0.06391045083813314  0.0008394121175972772
                   9000     0.4273332248262469    -0.1734068708799739    0.04249971466890729      0.061446679463912      1.268300169859063
                   9000     0.1523562669754028     -0.799507200717926    0.03813236701096127     0.0632943919607681  2.265660256597569e-05
                   9000     0.5704627838060751    -0.7452836212515871    0.03946165164303586    0.06227790712666305      20.96453225073576
                   9000     0.8789575252411336    -0.5034357982545454    0.03755155394897108    0.06972315115831389       1.81393925349917
                   9000     0.8157144141350345     0.4345745972036963    0.03968999008400728    0.06479675743330242      29.23654603742203
                   9000    -0.0339496023952961    -0.5971359014511108    0.03790644508244984    0.06302633684797659  1.577839992002051e-06
                   9000    0.09058567085440171    -0.3731491652804843     0.0380720817633064    0.05837035288313632  9.308295996042813e-05
                   9000     0.6229026919102004    -0.3338773871525907    0.03787251148838013    0.06396117914850996      69.29627277123393
                   9000     0.7027364469991229    -0.4904267132919002    0.03834727857083408    0.06113005168191893      205.8618630771063
                   9000      0.384230375289917     0.8318930864334106    0.03745163487567719    0.06270723068123664     0.1602919068114778
                   9000     0.3336978554725647    -0.2693139612674713    0.03726187094953794    0.06241830599917488    0.04100048323257229
                   9000    0.06012321636080742     0.3640793859958649     0.0372164866018515    0.06235142444101675   0.003302315277322973
                   9000     0.4853455313114753     -0.691613330172159    0.03972817484341639    0.06157133535185138      1.641192718727633
                   9000     0.8329897495249794     0.3263332418208664    0.03745784997516774     0.0634624533381295      11.15335690418061
                   9000     0.6789477772178999    -0.2799999519085261    0.04130760708713906    0.06097920114783797      143.6768846492453
                   9000     0.3839034398270061     0.5900172415731524    0.03676698094772644    0.06353772524418468     0.2662581442532925
                   9000     0.3119137585163116     0.5430814027786255     0.0367688912640569    0.06185801490028763    0.03666091558975363
                   9000      0.813865065574646     0.5354768037796021    0.03673282109046347    0.06197359437043852      9.480077270202029
                   9000    -0.5951641201972961     0.7108180522918701    0.03677645951879899    0.06198106230892927  9.417349710699469e-06
                   9000    -0.6250278759361849     0.6040901640925783    0.03752219402699591     0.0647070361412985  0.0004993121928728833
                   9000    -0.8806553483009338    0.07689309865236282    0.03762579001382488    0.06169497418604651      16.99230009001207
                   9000    -0.1990813016891479      0.126787856221199    0.03776328174250401      0.061647040102291  0.0003370690079182452
                   9000    0.03680393472313881     0.7708074450492859    0.03778954683722503    0.06163290466824103  4.266703404771867e-05
                   9000    -0.4479586184024811    0.09848280996084213    0.03779714637720115     0.0616010462217282     0.2846795371132765
                   9000    -0.4229957978127721   -0.01596896899915592    0.03809506677995658    0.06461059271496103      0.209501000842598
                   9000    -0.5075238347053528     0.2931263148784637    0.03780065919299306    0.06147549944141604     0.2342877376529793
                   9000    -0.5128564748021328     0.4359575824862167    0.03692162224708177    0.06208768418778555    0.04907485468841323
                   9000    -0.7406263339066859     0.1443718411001854    0.03735784707216788    0.06029642658590888      74.70509621664651
                   9000     0.1051970926048207     0.8003052455557788    0.03942294413110995    0.06282335392683262  0.0002972920790165002
                   9000     0.1191011749578277    -0.2840089222717287    0.03830686869491574    0.06266207398308594  0.0001701549542478769
                   9000     0.5461487406536947     -0.541989155985522     0.0378660850782495    0.05822173528895713      11.30546166530535
                   9000     0.7733521522356874   -0.06785529774663522    0.04029276492966513     0.0589296362285381      38.34142907093218
                   9000     0.3457450568675995    -0.3363879024982452    0.03841896010478842     0.0607784944591385    0.05035937440767655
                   9000     0.5353740453720093    -0.2818163931369781    0.03835068041407454    0.06077710874652423      2.897789565405225
                   9000     0.2666375041007996    -0.2862625420093536    0.03833197291178378    0.06075646556855292   0.006156774459121098
                   9000     0.7306510806083679     0.1177526712417603    0.03831353128130314    0.06065512331269077      6.527439234677726
                   9000     0.1928766667842865     0.2435847073793411    0.03829281808326834    0.06058387949833107    0.03572974048641973
                   9000    0.09830681979656219    -0.9425270557403564    0.03820985857866031    0.06053258619928711  2.591034878640398e-06
                   9000     0.7353514399882873     0.2302094432504009    0.03942839946032534    0.05860961199656705      16.86280850191388
                   9000      1.100360155105591    -0.4557627141475677    0.03808578163566016    0.06028435480745744   0.001138388261316697
                   9000     0.4853326380252838  -0.003683385904878378    0.03802057067334531    0.06026070545057959      1.376853367485119
                   9000      1.036669373512268    -0.4636594951152802    0.03798709312537609    0.06018631689117464     0.0143648687527104
                   9000      1.113703370094299   -0.06036729738116264     0.0379867100423211     0.0601557021787362   0.002814725133504045
                   9000     0.7892283226881645    -0.1819791776361908    0.03736148056530072    0.05794348570723706      32.58958264215237
                   9000     0.7557283535390817     0.8843461449002332     0.0383297970660833    0.06054919024716264      477.0601343549111
                   9000     0.4490233361721039   -0.09231469035148621    0.03776872694977362    0.06003287318543073     0.4587493582233088
                   9000     0.6108347177505493     0.7156381011009216    0.03770053677265729    0.05993904997911435      55.33259234381526
                   9000      1.160607814788818    -0.2752211093902588    0.03772642083755071    0.06004958926519292  6.881177808852074e-05
                   9000     0.7253970245552278     0.5090880663818356    0.03950138193409169    0.05917532491059335      72.07072581327378
                   9000     0.2366282771633791     0.4945050569136515    0.03766883400238576    0.06119483841302406    0.02875998634900261
                   9000     0.4214341342449188      0.452241986989975    0.03739247141588643    0.05957395216603566     0.6188017975924732
                   9000     0.5016640786608731    -0.1717312347715704    0.03698287579773399    0.06348163057034847      11.09265936351812
                   9000     0.2832064032554626    -0.2199104726314545    0.03717748333493758    0.05945614511683222   0.008186660308503934
                   9000      1.038149833679199    -0.2438666522502899    0.03696406513586267    0.05936269646548153    0.02730710465715899
                   9000    0.07940089702606201      0.251685619354248     0.0369079855558742    0.05916182287341767    0.00742966429662183
                   9000    0.06431387470579593   -0.02192671976223905      0.038942471382936    0.05934329883847891  0.0005878447411071002
                   9000    0.01766486465930939    0.06067622452974319    0.03693477533750199    0.05907574498745809  0.0004500404687077764
                   9000     0.1587418466806412    -0.1565441936254501    0.03683737862471365    0.05879549195666094  6.431018917979778e-05
                   9000     0.3555474281311035    -0.1425217837095261    0.03680197382269015    0.05868897007131199    0.06029190783885952
                   9000       0.81413733959198    0.02029144577682018    0.03677830668353096    0.05857445340034668        4.2435524814961
                   9000     0.4266347885131836    -0.9658830165863037     0.0367321047658945    0.05851846651672804    0.07005543033104099
                   9000      1.028706908226013   -0.02213100157678127    0.03669294559754176    0.05853783746613693    0.01322837480110579
                   9000      0.463428407907486     0.2669088542461395    0.03666593325453891    0.05847327867243884      1.526139458697436
                   9000      0.573210976738075    -0.3505771541704576    0.03881896855727244    0.05937708212819789      38.27997062175631
                   9000     0.7237955331802368    0.03435468673706055    0.03660675345570581    0.05837008414093296      9.078925123381723
                   9000     0.1667938977479935     0.1817106306552887    0.03632667525741985    0.05816048331164799    0.01909233818666132
                   9000    -0.5692172050476074      0.786421537399292    0.03665594766443379    0.05799261551049836  1.572377999085063e-05
                   9000   -0.08594509214162827     0.4454667866230011    0.03669896154094614    0.05798525480347556  0.0002074938866286698
                   9000    -0.3638352453708649    0.09329593181610107    0.03672726969217052    0.05797274253728866    0.01750782439077104
                   9000    -0.2552161514759064    -0.1726953089237213    0.03698513287351762    0.05773004189052568  5.056298209208866e-06
                   9000    -0.6010155081748962    -0.1004208698868752    0.03701287055003315    0.05768788782672775      5.536465747691287
                   9000    -0.2033821791410446   0.002876127604395151      0.036987814000846    0.05758203849115558  5.308198643199507e-05
                   9000     -0.969222366809845 -0.0004428853280842304    0.03699881789528935    0.05754835199683901     0.8446656287154969
                   9000    -0.6077067255973816     0.3996263444423676    0.03700439357768047    0.05752544192663819    0.02906716002951694
                   9000    -0.4557447731494904     0.2419693917036057    0.03698885733659443    0.05752022273254425     0.1760572631194236
                   9000   -0.05971986427903175     0.7627526521682739    0.03697320990060292     0.0574972765272814  4.263880103524503e-05
                   9000    -0.6823131442070007     0.6287305951118469    0.03695990562102509    0.05747540374091913  0.0004883200857503137
                   9000    -0.4374680956516946    -0.5994572913438762    0.03651994904890905    0.05673029288907913  3.367603524328597e-05
                   9000    -0.4514363397049581    -0.4552061264640344    0.03740079652433211    0.06051622892604168  0.0002934839572971587
                   9000    -0.3504042415018691    -0.2812549758251678     0.0362667589655237    0.05874043327575185  6.180927221280033e-05
                   9000    -0.4617376751852073    -0.5542750734256839     0.0367218615334205    0.05980444292427563  1.565296640468852e-05
                   9000    -0.5273198026616898    -0.5788368938395234    0.03877717922548404    0.05781375057052811  0.0002683205323757899
                   9000    -0.5136888298848048     -0.492723529453201    0.03814657320158698    0.05910901178850894   0.001202138737398187
                   9000    -0.3469792306423187    -0.5353143215179443    0.03671377684627557    0.05731890051926179  2.180488951968469e-06
                   9000    -0.5617358088493347    -0.7191033363342285    0.03669275281215025    0.05729486996342018  1.738111910482574e-06
                   9000    -0.4902892708778381    -0.3564980030059814     0.0366713745489496     0.0572686776764777  0.0009461028437821242
                   9000    -0.3996405601501465    -0.4015164077281952    0.03665003828807263    0.05724079485639194  2.386188626967298e-05
                   9000    -0.4718614220619202    -0.6366350054740906    0.03654436435810669    0.05709440797832021  6.411191567635112e-06
                   9000    -0.2956584692001343    -0.5411832332611084    0.03642322930079989     0.0569032150097885  2.090684917021407e-06
                   9000    -0.3854536493191698    -0.4797834817004382    0.03632892650256028    0.05672736687395293  4.815750485162187e-05
                   9000    -0.6396591663360596    -0.6020209789276123    0.03632558245652247    0.05673847952074068  6.878856062505365e-06
                   9000    -0.5528035759925842    -0.6292211413383484     0.0361872172691578    0.05651372747632735  7.684758715285702e-05
                   9000    -0.3098626136779785    -0.7192537188529968    0.03616798004521291    0.05648127124736266  1.710751031766506e-06
                   9000    -0.4774471819400787     0.5666365027427673    0.03612907969686636    0.05657064295923301   0.004180960007776782
                   9000     0.4185666441917419    0.03840791434049606    0.03644208935430712    0.05652012265456963     0.2281669391868223
                   9000     0.6976407766342163     0.2181681245565414    0.03650480773466513    0.05647987121188008      9.948161660661162
                   9000     0.4527290170047398    -0.8458508518866004    0.03871963204780164    0.05622838482494211     0.6519227255412481
                   9000   -0.04453451186418533    -0.2175169736146927    0.03654103379821647    0.05626129172413676  6.698873643905696e-06
                   9000     0.5027713179588318     0.7106457352638245    0.03644089941811213    0.05617073499457721      6.430647943679789
                   9000     0.4816578924655914     0.6104835271835327    0.03638518194568238    0.05611546141679378      4.576389595796254
                   9000     0.9233313798904419    -0.7726687788963318    0.03627810586506603    0.05620811129657832     0.3485935025219974
                   9000      1.050268411636353    -0.1754603236913681    0.03621353987230983    0.05615352289836723    0.02495590886216105
                   9000     0.9821673631668091    -0.6632530093193054     0.0363028572124733     0.0562965261704713    0.06737045053420596
                   9000      0.382723331451416    -0.3030348718166351    0.03628832718943428    0.05629716770425131     0.2516847348146254
                   9000     0.8771805167198181     0.3210477530956268    0.03625091769363046    0.05624531259726097      3.494448811405696
                   9000     0.5586401224136353     0.9680105447769165    0.03625068947860303    0.05631008946705655       5.95811190611924
                   9000    0.02474316768348217      0.620526134967804    0.03622591038750679    0.05637298849357446  5.498800374083525e-05
                   9000     0.6486428934904407     0.8717061422529077    0.03770504458970397    0.05664386683249028      321.1705029874581
                   9000     0.5574191808700562    -0.8975502848625183    0.03617026897970668    0.05649399186680767      12.42070518453424
                   9000     0.1628732085227966     0.5427403450012207    0.03610871925534701    0.05641259598622883   0.002740454325574441
                   9000     0.9500487446784973     0.5567196011543274    0.03609567757406769    0.05643564425584032    0.08974161569609114
                   9000     0.6647771310921438    -0.3657017246761491    0.03594700226488804    0.05837216744163667      100.5692172046574
                   9000      1.061053514480591     0.3148677945137024    0.03595721517909613    0.05631011858999967   0.004926470113549979
                   9000      1.079933166503906    -0.2128895223140717    0.03588683178375918    0.05628031739468516    0.01045127471111543
                   9000     0.7894450426101685    -0.4368186593055725    0.03586181415086789    0.05627773189550433      20.75193472028089
                   9000     0.6363909244537354    -0.8005764484405518    0.03581378611152516     0.0562168516558766      98.98219226543468
                   9000      0.555341362953186     0.8687004446983337    0.03579336666010671    0.05621839519000094      17.45238069091388
                   9000      0.462113082408905     0.4715555012226105    0.03591676756307211    0.05647187588611052      2.903790855534474
                   9000     0.6334941387176514     0.6175437569618225    0.03589445564721994    0.05638012820523224      42.45184535604783
                   9000     0.8297702489059049     -0.604169474895302    0.03657172977462818    0.06032099094508973      12.80187192156705
                   9000     0.3552751839160919    -0.6680169105529785    0.03552697665175352    0.05618614021359746    0.02437856823080023
                   9000     0.4911478161811829     -0.830842912197113    0.03531137534891349    0.05603267813055585       1.45832116623395
                   9000     0.2203135192394257    -0.8177816271781921    0.03522784464783419    0.05601301535454015  0.0001088406036679573
                   9000     0.5510933399200439   -0.05343249067664146    0.03522405052298491    0.05598994673737271      7.923962013253249
                   9000     0.2614890038967133    -0.8029220700263977    0.03522164228456722    0.05598855261382859  0.0002743710791711232
                   9000     0.8851369023323059    -0.2376103550195694    0.03518810063491703    0.05591499482119004      1.911391444315221
                   9000   -0.01586658507585526    -0.1774922907352448    0.03519909500133578     0.0558987743693127  1.017873895416882e-05
                   9000    0.03135247901082039    -0.3326182067394257    0.03519913088933774       0.05587734729966  1.967817713020175e-05
