8.597604784836147818e-02
8.481365681123761990e-02
8.400886875573733426e-02
8.485852296820121932e-02
8.928837585533093424e-02
9.767943486140555354e-02
1.082159261558440499e-01
1.184827114008570881e-01
1.264434226863956623e-01
1.284881512480238464e-01
1.178601143482015251e-01
8.892887683675920751e-02
4.544640770356831588e-02
2.715484109809764793e-03
2.280527609554340931e-02
2.919136078659030284e-02
3.315712273633970864e-02
5.380542824711373462e-02
9.188980522134131135e-02
1.308460127632175840e-01
1.582772822461782913e-01
1.752702465836759038e-01
1.827622449264869053e-01
1.755516061829646701e-01
1.505689366162407949e-01
1.111913703544816084e-01
6.594734603947759177e-02
2.580979848639547436e-02
0.000000000000000000e+00
8.403272585363347896e-03
3.280146644583224313e-03
8.197189281569053354e-03
1.988792793957777638e-02
2.812066934827331041e-02
3.078357013520392760e-02
2.669908274589560468e-02
1.641329941518746005e-02
3.216141487768548694e-03
7.384766888190686003e-03
1.057819723668396161e-02
6.250468129367366121e-03
1.894289161062970737e-05
2.208505043776503619e-03
1.562491229221578621e-03
6.641797993726106242e-03
2.145287668623305222e-02
3.578144469607393019e-02
3.609033677061977696e-02
1.608189419933344841e-02
3.602893740156139224e-02
1.061987400955023003e-01
1.560017373610987912e-01
1.924929549339381707e-01
2.302994219058762670e-01
2.557174236603274031e-01
2.497663225211321225e-01
2.103810938625735871e-01
1.536128504810585493e-01
1.021780413182010322e-01
7.249438139291021488e-02
6.843457490442725333e-02
8.347382995650148851e-02
1.065811581726310853e-01
1.269388435738006138e-01
1.366223791616417715e-01
1.324746653701629195e-01
1.171833985239208037e-01
9.814985959253352821e-02
8.359757993266951626e-02
7.790871378299953076e-02
7.963512411387682621e-02
8.382806728909532323e-02
8.653817669723051775e-02
8.752155253981591665e-02
8.913376669915405726e-02
9.277730418236722343e-02
9.600237133513236931e-02
9.253749493859142472e-02
7.516168449756661929e-02
3.929683208664840749e-02
1.480527842626263094e-02
8.147537168408765240e-02
1.494723444475760388e-01
2.077126938183483373e-01
2.865349279276594441e-01
3.561232269751039015e-01
2.907987200095084601e-01
2.223005520026722637e-01
1.380921561004772591e-01
5.674579046716882180e-02
1.433507396550923435e-04
2.936313013909849085e-02
4.231021480681095709e-02
5.248440540166213891e-02
6.820913173016580899e-02
9.203998248778658131e-02
1.228886272121767209e-01
1.581171353830408965e-01
1.948443900530159589e-01
2.305823721170345286e-01
