-3.141490000000000116e+00
-3.078024747474747524e+00
-3.014559494949494933e+00
-2.951094242424242786e+00
-2.887628989898990195e+00
-2.824163737373737604e+00
-2.760698484848485013e+00
-2.697233232323232421e+00
-2.633767979797979830e+00
-2.570302727272727239e+00
-2.506837474747474648e+00
-2.443372222222222057e+00
-2.379906969696969465e+00
-2.316441717171717318e+00
-2.252976464646464283e+00
-2.189511212121212136e+00
-2.126045959595959545e+00
-2.062580707070706953e+00
-1.999115454545454806e+00
-1.935650202020201771e+00
-1.872184949494949624e+00
-1.808719696969697033e+00
-1.745254444444444442e+00
-1.681789191919192072e+00
-1.618323939393939259e+00
-1.554858686868686890e+00
-1.491393434343434299e+00
-1.427928181818181708e+00
-1.364462929292929116e+00
-1.300997676767676525e+00
-1.237532424242424378e+00
-1.174067171717171787e+00
-1.110601919191919196e+00
-1.047136666666666605e+00
-9.836714141414140133e-01
-9.202061616161617552e-01
-8.567409090909091640e-01
-7.932756565656565728e-01
-7.298104040404039816e-01
-6.663451515151513904e-01
-6.028798989898991323e-01
-5.394146464646465411e-01
-4.759493939393939499e-01
-4.124841414141413587e-01
-3.490188888888887675e-01
-2.855536363636361763e-01
-2.220883838383839182e-01
-1.586231313131313270e-01
-9.515787878787873577e-02
-3.169262626262614457e-02
3.177262626262609968e-02
9.523787878787903782e-02
1.587031313131312960e-01
2.221683838383842202e-01
2.856336363636364784e-01
3.490988888888887365e-01
4.125641414141416607e-01
4.760293939393939189e-01
5.394946464646468431e-01
6.029598989898991013e-01
6.664251515151513594e-01
7.298904040404042837e-01
7.933556565656565418e-01
8.568209090909094661e-01
9.202861616161617242e-01
9.837514141414139823e-01
1.047216666666666907e+00
1.110681919191919054e+00
1.174147171717172089e+00
1.237612424242424236e+00
1.301077676767676605e+00
1.364542929292929418e+00
1.428008181818181788e+00
1.491473434343434601e+00
1.554938686868686970e+00
1.618403939393939117e+00
1.681869191919192152e+00
1.745334444444444300e+00
1.808799696969697335e+00
1.872264949494949482e+00
1.935730202020201851e+00
1.999195454545454664e+00
2.062660707070707033e+00
2.126125959595960069e+00
2.189591212121212216e+00
2.253056464646465251e+00
2.316521717171717398e+00
2.379986969696969545e+00
2.443452222222222581e+00
2.506917474747474728e+00
2.570382727272727763e+00
2.633847979797979910e+00
2.697313232323232057e+00
2.760778484848485093e+00
2.824243737373737240e+00
2.887708989898990275e+00
2.951174242424242422e+00
3.014639494949495013e+00
3.078104747474747604e+00
3.141570000000000196e+00
