#! FIELDS time deep7.node-0 deep7.node-1 sigma_deep7.node-0 sigma_deep7.node-1 height
#! SET action OPES_METAD_state
#! SET biasfactor       12.02723625380408
#! SET epsilon   2.008904905162975e-06
#! SET kernel_cutoff       5.122093479753262
#! SET compression_threshold                       1
#! SET zed      0.2331778067494764
#! SET sum_weights         956.80101773354
#! SET sum_weights2       2852.544157323537
#! SET counter  992
#! SET adaptive_counter  500000
#! SET sigma0_deep7.node-0      0.1932012254796419
#! SET av_cv_deep7.node-0    0.009400157901957029
#! SET av_M2_deep7.node-0       118422.8593869487
#! SET sigma0_deep7.node-1      0.4377248873346689
#! SET av_cv_deep7.node-1     0.02144357989361099
#! SET av_M2_deep7.node-1       113259.8463118337
                   9000     -0.198154864090626     0.7498867127238121     0.0796152561077592    0.09176572243467584      1315.549440101368
                   9000     0.5782218639350487    -0.5453952928830785    0.07597706883805132    0.08711360792775183      1532.704487017912
                   9000    -0.6807016909989209    -0.5448535968878306    0.07028735204882965    0.07934774809814522      272.3754963179396
                   9000    -0.2986253305834729    -0.6993485769794021    0.07715673279506959    0.08392132794920153      144.5108471484406
                   9000    -0.6233720863618369   -0.06954943949997729    0.07027517922766922    0.08598394465064861      263.9987931454832
                   9000     0.8525920253908577    -0.3010368802873306    0.07069874404185759    0.07035358264923421      824.7341075429877
                   9000    -0.4386946142689821     0.4291155240387989    0.06708645434790886    0.07405714923237025      557.0864120512036
                   9000     0.2899205557015884     0.3772710716423641    0.07611768457470039    0.08620202202714505      1.512786952610869
                   9000     0.1019622077496621    -0.6091519958196012    0.08558128914652638    0.08012273014171641      313.8061974883495
                   9000    -0.6781848167674698    -0.6735337648776255    0.06787607552914329    0.07359386664963938      177.5140938706425
                   9000     0.7273034925770223     0.2414009019429452     0.0685277408478521    0.07392242325554681      3.878677115209494
                   9000    0.04064376374503492    -0.3846283312788071    0.06473121460563346    0.07528569289657241      36.62773452266847
                   9000    -0.3765360535602046    -0.4068972747986285    0.07727792458599761    0.08202570727413114      33.43090132470884
                   9000      0.245190405860312    -0.7993857125567053    0.07527624738327859    0.07887455570314376      111.5931723548775
                   9000    -0.7718704831628439    -0.6562697171359211    0.06896958442486674    0.06968397496858965       173.099817621501
                   9000    -0.3344817160816185     0.6102796580092474    0.07252827636476038    0.06675437361568413      1321.565097084455
                   9000    -0.3164827675426296    0.04246846341268396    0.07387798319835294     0.0866362183870671      15.48919071319589
                   9000    0.08836291594979694    -0.8525428842924734    0.06128348917775393    0.06459814662042103      42.14037688679052
                   9000     0.3611805155480903    0.03949684975524676    0.07093281819684853    0.07375321394650274      0.971102386579844
                   9000    -0.4219774374327974     0.2955304924183541    0.06283485398130585    0.06374760023373952      253.2748491018057
                   9000    -0.5360125533246606     0.2554299899965865    0.07445179602647385    0.07176189109077021      340.0253818585936
                   9000     0.7843010399163762    -0.3938906710715389    0.06547623096996828    0.07093066938900142      811.4415391976722
                   9000     -0.907586508068004    -0.7237010427271048    0.06438692962735758    0.06894621699690355      37.26994172760406
                   9000     0.8011182172293573     0.2000476135413293    0.06708081219921457    0.06692047735727681      6.296125130619415
                   9000     0.5704652138540195    -0.3470040717669421    0.06880651199816207    0.07167565668809936       398.243041002878
                   9000    0.03008272596732227    -0.7451438441530829    0.06478275812448185    0.07805809596426562      80.48764298422259
                   9000    -0.5003476046479762    -0.6307162495876009    0.07500273971291553    0.08470893350219294      33.89379125622857
                   9000    -0.3200158101016481    -0.5166939986786059    0.06698220127449699    0.06979251749181783      53.48340069341434
                   9000      0.368836290226851     -0.758083843224485    0.06691812779211723    0.07133720027956147      125.5840424094869
                   9000     0.2995051050958349    -0.1383186485452032    0.06885496885038049    0.07431492009911139      3.270392478786659
                   9000     0.1434526820321627     0.3313724846608081    0.06368323864132015    0.06700167999062395     0.6771347758226012
                   9000   -0.09618963951499027     0.3968087955693167    0.07060395019104367    0.07225323159394544      14.97592388204739
                   9000     -0.639742901525054    -0.3367667960791286    0.06519604720336232     0.0701835210731257      96.05770484770774
                   9000    -0.4986926335418327    -0.4960187123743925    0.06362415467492566    0.07244641253145648      48.89967128766223
                   9000    -0.7222009519754111    -0.2226870926063962    0.06307559848351815    0.06626191530689375      62.86231442378376
                   9000     0.1975380411150966    -0.1584865392128173    0.06957937402807261    0.07977997863701763      1.626769502369002
                   9000    -0.4223066736198103    -0.8189301078490278    0.07152917295114311    0.06093786270615834      51.34905593503233
                   9000     0.4928689077056679     0.3800722125136439    0.06264576107294567    0.06922847637261473     0.5788588310470592
                   9000    -0.7612292515945864    -0.4885727416369275    0.06566552036364807    0.06667768340055674      192.0531289386326
                   9000    -0.5947658631006387    -0.1623177432963364    0.07132826379649761    0.07314090523424126      124.6582360650893
                   9000    -0.8839064041954697    -0.6109342161678922    0.06823882950775667    0.07626611074318355      53.91632181113186
                   9000     0.5976943394304696    0.01648351172275922     0.0659074075908673    0.06266573410149151      2.313670081581017
                   9000    -0.1466639930682977    -0.6256331881022419    0.06670150728821157    0.07162451084591247      96.52015021598649
                   9000     0.2269334832800136    -0.2377128989977686    0.06936793379623414    0.06862245710862884      2.281460628417819
                   9000     0.6479201493765948     0.4352002782457877    0.06878583152868123    0.06872070926525055     0.5429129341768471
                   9000     0.6876720126327101    -0.4753083251378922     0.0678357236902334    0.06677704678994795      1898.961352648481
                   9000    -0.5819332741290126      0.306975957379059    0.06470490622698824    0.06543605337314778      92.66361036489573
                   9000     -0.157991342093103     0.1508462732093812    0.06928153177777363     0.0718029735899855      9.106717007016655
                   9000     0.1675532876366421     0.1578614417705842     0.0636200982028286    0.07370282471480885     0.9862207322145946
                   9000    0.04334484780246136     0.4068545354801004    0.07133180180887128    0.06455058619477891      2.166576357034522
                   9000     -1.007951949299639    -0.3380921290702452    0.06901440065232446    0.07472533646692911     0.3980983846682351
                   9000    -0.2116537511324522    -0.4314144877537007    0.06546654756918592      0.076464467436147      34.42982348940723
                   9000     0.3468520284058317    -0.6000111284101397    0.06827384467970206    0.05923344671688026      298.9905970839503
                   9000    -0.8664533426359836    -0.2526316917967071    0.06469790383955287    0.06898140656720772      5.853299535983669
                   9000    -0.6771146008289464    -0.1436378702763174    0.06309691004025553    0.06595447809859173      186.5248670973523
                   9000     0.3351242184311263    -0.5125503159707409    0.06479253830962403    0.06750224368133222      161.1017161750935
                   9000    -0.2071240254588147     0.6221947733521326    0.06425664748907656    0.06602199135317158      496.0050200713224
                   9000     0.7443441866748813    -0.2807371831053042    0.06522304493875782    0.06710234957782332      659.3087874544902
                   9000    -0.1102689073065257    -0.1498324190794254    0.06780933863247857    0.07917142233447133       2.42898537747809
                   9000   -0.03384536183563543     0.2316665329541741    0.06801304715159698     0.0671407931192126      5.046514258191452
                   9000    -0.1225921337173669    -0.4996746956834915    0.06753802902728391    0.06326700695612748      22.26540337130364
                   9000     0.4086773877496006    -0.6463330765587951    0.06346742521323769    0.06523059815329807      230.5272320803115
                   9000     0.3889231131028528     0.5653787129123733    0.06545044626523432    0.06923667241508041     0.1642988964308604
                   9000    -0.0541926769637783   -0.02964758308271559    0.06491423767258911    0.06244793789081222      7.394655437104204
                   9000    -0.2915336281310121     0.3588074080270091    0.06709386748112083    0.07471375133041754      123.5092947251678
                   9000    -0.3375139404861935     0.1889785858760547    0.06543678111011245    0.06270690152841467      34.73658487619517
                   9000     0.3868295133683665    -0.1796998344624417    0.07015979850754162    0.06989818422609476       3.00773219883406
                   9000     0.6492051285794048    0.07637832031300937    0.06204387545629875    0.06089016829429092      2.182053850425573
                   9000     0.4226289145937669     0.3204855636501699    0.06935146993872907    0.05932242118555125     0.5528587758985294
                   9000     0.8189275431187407   -0.02428894038217772    0.06402771847229197    0.06531339418949676       19.8172737661343
                   9000    -0.7831057037494734    -0.3249492706839059    0.07266612455486833    0.07066059669469356      11.12794151511374
                   9000     0.2242903352503433     0.2513511206735659    0.06653211704347872    0.06446472090625333      1.028570608807659
                   9000     0.2050108274941934    -0.5279422998014134    0.06578187864519218    0.06276017380442361      156.8926656919944
                   9000     0.6550269566880447    -0.1104086768377013    0.06827945706918705    0.06081777271696002      16.86785993207553
                   9000    -0.1940379150657904    -0.2496830507262369    0.06554219218996658    0.06383680577744691      3.902812366428641
                   9000    -0.1521074198135304    -0.8784464566820026    0.06766366850484361    0.06345843370625191      7.745258440790136
                   9000     0.3622665946365205    -0.2755414547049039    0.05997160098476737    0.06039994489177598       19.7495068646938
                   9000    -0.4730036480660735     0.5037614850936936    0.06118347890270861    0.05908318262003542      239.1598775934744
                   9000    -0.3897864140737869     0.5484248710884181    0.06371388338454542    0.06316503323573487      246.6907185173455
                   9000    -0.1864624868730519     0.2302316169601032    0.06150421167986486    0.06142846146543984       14.8303045490311
                   9000    -0.3819022118156174    -0.2767676547830055    0.06618234249525307    0.06129693752650287      44.85441932361491
                   9000     0.2696471512317657    -0.3307078778743744    0.06794965842711001    0.07071575375107997      1.316001803289533
                   9000      0.577139069463763     0.3294967470444697    0.06276838540877717    0.06551979654805909     0.2756022114923543
                   9000    -0.4921160266153536    0.06885494282000962    0.06255595625641282    0.06992452551678198      86.71334150682189
                   9000    -0.4574085965985976     0.7185150568517558    0.06766307573888283     0.0676857352003431      35.32468960599255
                   9000    -0.7337253074516902   0.002342057684608081    0.06265887685248664    0.05886670928115131      36.08185157260785
                   9000     0.9543412923812866     0.2461071759462357    0.06726592743270007    0.07038861909446116       0.01888384337423
                   9000     0.4552739446328606   -0.07645225892520523    0.06255559495990122    0.06424948855560386      1.113931153048847
                   9000     0.1859982907772064     0.4931954145431519    0.06717664407920577    0.07014928846396914     0.1040396369040456
                   9000    -0.3166587094846013     0.4884082197708375    0.06339410315226877    0.06779640264293167      306.7182000883868
                   9000     0.4953107546860753     0.5364993713628149    0.06076557615011843       0.06039355847512    0.06904218722243577
                   9000     -0.104864962677889    -0.7363223713019382    0.06291917468563381    0.05922603161663369      70.40540309713859
                   9000     0.4511010974951847    -0.4964537853749266     0.0617140964946676    0.05823173855000508       278.206708625172
                   9000     0.3596316712526401    -0.3656194495634135    0.06388959243646168    0.06715696996158224      87.33674623937048
                   9000    -0.3756718828504531    -0.1464927437471654    0.06259655903143899    0.06144167953179092      8.004411430800767
                   9000    -0.1077575207976038     0.5736592314350077    0.06408733605538454    0.06404002608411456      119.5565858570516
                   9000     0.1688280051652414   -0.01567343748417637     0.0619073606389057    0.06480499123052096     0.7574811539853403
                   9000     0.0921122277705777    -0.5103439109761897    0.06588841399090814    0.05843719263467147      84.27153186317391
                   9000     0.2221526678422587    -0.4670611188260863    0.06156089354785814    0.05952595674545958      132.9122652811545
                   9000     0.7947195454982189     -0.503307265611117    0.05870064971748621    0.06496067147513133         414.9649771122
                   9000    -0.3066500093413507     -0.207616764333509    0.06378128652437831     0.0646557744165437      6.462928679652101
                   9000    -0.5598983890416989     0.4004285283500021    0.06254734990580464    0.06599802437124989      162.9369652076141
                   9000         -0.32470703125     0.8488494157791138    0.06497446479918778    0.06682043363371953      29.54502067437863
                   9000    -0.2186889454903381     0.4668311616047613    0.05862065650549528    0.06074839017253195      145.1758888956478
                   9000  -0.007465958320638415    -0.1740068067711835    0.06381923220656546    0.06248684098943164      1.212668592440522
                   9000     -0.207143253740753    -0.1695490789932631    0.05956715865673331    0.06384132930044965      4.645304825353112
                   9000    -0.3340259952037904     0.7280023656143872    0.06437997848124233    0.06516970350199938      287.4358034736551
                   9000    -0.6899138347303516     0.1047257093213002    0.06327104806609289     0.0679824708655723      15.08159395597122
                   9000     0.7606094458743298     -0.168929918101424     0.0616693898916801    0.06529942682913907       22.9825501324066
                   9000   -0.08086468671883097     0.9081847494276868    0.06137288711418897     0.0589171930763797      124.2401446398041
                   9000    -0.6181936264038086    -0.4116800129413605    0.06372052289736088    0.06493757584711986      12.58368685750131
                   9000     0.5017022259115732    -0.6448570269517496    0.06095310524566518    0.06029225869453997      212.3225469573237
                   9000    -0.1614535431113098    0.04784095014844581    0.06520743359923278    0.06081025933144298      2.356082355539745
                   9000    -0.2941887974739075    -0.8645021319389343     0.0634564323647501    0.06450286516991065       4.88489541421198
                   9000     0.8002795424272425     0.1214175388825388    0.05780873361926803    0.05557559071663903       12.1312119443705
                   9000   -0.05232694725535533    0.04511696580702536    0.06773103269699825    0.05670933016738809      4.445962833350437
                   9000    -0.4355727499713646     0.1473455139815257    0.05990055536860646    0.06168827420227332      36.24489837340559
                   9000     0.0875425711274147     0.2329211831092834    0.06296521359411898    0.06380041122221142     0.4207655418724269
                   9000     0.5634968876838684     0.4564005136489868     0.0627996707532521    0.06369694314105652    0.05856348508737586
                   9000     0.4641557731886566    0.05147815392463923    0.06178025218034063    0.06678747005234427     0.7679373187841726
                   9000     0.5507832765579224    -0.2506353259086609    0.06260139290340053    0.06351217066541384        19.955752482377
                   9000     0.2022058742147476     0.4166649254806927    0.06594623954627203     0.0615869576471423     0.6266051454022422
                   9000     -0.802129328250885   -0.07464924454689026    0.06244833768417985    0.06312146109402759      5.556650116621062
                   9000    -0.8642560393921811    -0.4618860468947367    0.06164356054476611    0.06234532313071542      16.68002439692468
                   9000    -0.4868792016281835     0.5819098442875749    0.05583118537072063    0.05791133718377505      126.2007849762101
                   9000    -0.4307141564022259    -0.7238716641270008    0.05988823822496937    0.05881191832814013       103.368624216016
                   9000      0.872068549617408    -0.1711042550533327    0.05712745223988792    0.05814098182192124      52.77991825981668
                   9000    -0.5574388430673178      0.159586047737153    0.06330455887773859      0.062347802820472      46.39113278426449
                   9000    0.08470294784771203   -0.01731194163111436     0.0606635085238036    0.06380716807753303      1.501714522378803
                   9000   -0.03656534800866834     -0.415060191263232    0.06128114517368645    0.06029595183957319      12.97366543104723
                   9000    -0.5475465616475901    -0.2800783544077249    0.06169170614848193    0.06497303594776048      39.89157801598154
                   9000    -0.5616865158081055     -1.031992435455322    0.06100579776828777    0.06172222134894415    0.03415552337159067
                   9000    -0.2932362258434296     0.1257077604532242    0.06106957848457121    0.06161417200665108      5.111434294717661
                   9000      0.341931841291412     0.1113472101602005    0.05961741396682642    0.05643436967990725     0.6960883210630664
                   9000     0.1657956188171406    -0.2999987626308199    0.06387547665662109    0.05669164362709625       9.58093758457907
                   9000    -0.5962981672513208     0.1048979291543869    0.06127344722046722    0.05731437332958966      70.62322353267696
                   9000     0.6459338068962097   -0.04368011280894279     0.0604332683989779    0.06106455876133965     0.8893834574095547
                   9000     0.5821711226502656   -0.04868967239201474    0.05761009346743706     0.0565928106006706       3.02207967695094
                   9000   -0.08740750768946717     0.7975846962035356    0.05977627830856916    0.05789859711858111      138.5764141606338
                   9000    -0.7928063869476318     -0.577335000038147    0.06032622053145179    0.06052776687335017      22.01403563726052
                   9000     0.7813691626950932   -0.09948520533907147    0.06390464611705654    0.06070833813241737      24.34193570212397
                   9000    -0.5323793353727087    -0.7364249185471525    0.06047745948900263    0.05741762712834655      33.97485121149459
                   9000    0.01303607861483049     0.1503176804033873    0.05968447233581733     0.0589444432900749       1.26455788130694
                   9000     0.3447563671842904     0.2646160790708887    0.06156549754617979    0.05945651318745841     0.4486282286616714
                   9000    -0.1494972616627521   -0.03483954714080079    0.06034196577242105    0.05584087077533811      3.593406694343681
                   9000     0.7419618368148804   -0.02864128910005093    0.06001268463590728    0.06008711308839045      1.686461645195954
                   9000     0.5139593468512111     0.1718325641263038    0.05752098342740501    0.05924732524099045     0.5464497777743451
                   9000     0.1668132952559433    -0.7259994005307769    0.06181337462798699    0.06059069211994379      84.64690471560752
                   9000     0.8826715804363039      0.450180606938078    0.05787347061720417    0.05789072919156055    0.03232545535855814
                   9000    -0.1526643240665749      0.870318943401305    0.05825423645729568    0.06026252240324492      311.1788348458213
                   9000    -0.4954073865687093    -0.1662830952664085    0.06075263482913155    0.05486516361116411      37.95935433931442
                   9000    0.08733575046062469     0.7082735896110535    0.05979183216427379    0.05958270052831964     0.8888885277780595
                   9000    -0.4095979536759503    0.06674208197916406    0.06082616732145551    0.06158752800904892      29.45228285089575
                   9000     0.4588872194290161    -0.5725859403610229    0.05982058714643314       0.05957509664732       69.8392354999894
                   9000    -0.6654872462081074     0.2914733933284068    0.05742526111248298    0.05688195361571258      29.84903117862202
                   9000    0.02722489187355523     0.6249350603179914    0.06210700787210001    0.05940823329712714      7.831736425586238
                   9000     -0.934925377368927    -0.1727692931890488    0.05933731392881876    0.05912226873470609     0.2980538645909047
                   9000    -0.7479974757277714      0.070347747776313    0.05674951064737921    0.06030802587429631      30.92551233138808
                   9000     0.1109624205800054    -0.2105149839484586    0.06245757432365594    0.05918832602489259      2.107659415700863
                   9000     0.5954045248887038     0.2013826853204178    0.05995450110029616    0.06029044170984517      1.058683524473093
                   9000      0.741968035697937     0.4307564795017242    0.05884812452802011     0.0587695606348366      0.119977225967366
                   9000     0.2726991808263033     0.6059753479715243    0.06157955732634147    0.05856842972331126     0.1127438162340519
                   9000     0.7038042850069015     0.5947527054030159    0.05673442816998417     0.0574851075147114     0.0442955156236742
                   9000     0.3363356523006628     0.6939066844017346    0.05776150345050321    0.06071551119095087    0.03216512145286751
                   9000     0.5915369374803006     0.7107046833060952    0.05714067050239477    0.05556533875540587      0.002607021780644
                   9000     0.5021162629127502     0.8460535407066345    0.05878967667414346    0.05867422920641139  0.0001596737944700002
                   9000     0.4195673961196703      1.012618228948815    0.05975189989161939    0.05628782776539402  0.0003652165714312315
                   9000     0.7070146799087524     0.7494294047355652    0.05872589065060579    0.05861007023465959  0.0003631272556542232
                   9000    -0.4013087749481201   -0.06515873968601227    0.05869126360755153    0.05859385184426253      3.069634819951491
                   9000    -0.4167460830830275    -0.6654490012647923    0.05939649270917015    0.05797912035663481      75.47568454811082
                   9000     0.2714213985796862  -0.004681133116841757    0.05804011160911032    0.06156516958508822      0.748906462867073
                   9000    -0.1109740687547212    -0.2595658895273653    0.05769656496752925    0.05710200903971322      3.675469097199312
                   9000     0.1592733561992645     0.8033848404884338    0.05845834432918221    0.05826743805405799    0.07926952850021497
                   9000    -0.3549915990360505     0.4182751836561973    0.05757340386638106    0.05726894427758855       128.117076189196
                   9000     0.9871694445610046    -0.1088239699602127    0.05811809917230652    0.05782022067413046      3.338767408006924
                   9000    -0.7510976844617843    -0.3954911520462251    0.05682195344532909    0.05678691102562336      34.28756434782943
                   9000     0.6786088943481445     0.1590165048837662    0.05791954566317236    0.05770176189631251     0.6027456551355181
                   9000   -0.05493826046586037    -0.8338668346405029    0.05788689992914016     0.0576906248585778      4.424158799590626
                   9000   -0.06306685838128645    -0.6807937475872646    0.05714448297577938    0.06242454423035011      48.30522878616684
                   9000      0.131637766957283     0.5657314658164978    0.05760046608056567    0.05705689320783221     0.3831228159693084
                   9000     0.7344445586204529     0.3319263160228729    0.05711106306411513    0.05636549587946875     0.5767988627831987
                   9000     0.2061693668365479     0.5840296745300293    0.05714890456884178    0.05631031399563213     0.1151270335191221
                   9000    -0.2173302471637726    -0.7611718773841858    0.05707578115171501    0.05628296500222349      14.65456833750985
                   9000     0.5400848388671875    -0.6962532997131348    0.05708838203222538    0.05618743267912139       54.0649807976898
                   9000   -0.04139408827014435    -0.5792652086214871    0.06052449904736926    0.05536105685646769      42.44849992747784
                   9000    -0.5846200585365295     -0.915973961353302    0.05682366287106064    0.05585229948079658     0.5016702587571586
                   9000    0.04293663700310476     0.3202660989884272    0.06047878848682024    0.05537143923600141      1.501086760495657
                   9000    -0.5400545001029968   -0.09159893542528152    0.05660341515847191     0.0556581277939432      24.23955647265393
                   9000     0.4480538368225098    -0.7353276610374451    0.05615330362376882    0.05529664133075382       30.8662290907038
                   9000     -0.363615095615387    -0.7508776783943176    0.05611004168646739     0.0552633460257748      23.88808868437266
                   9000    -0.2730133831501007    -0.5682950019836426    0.05593361900383093    0.05498497058395478      15.56027773579329
                   9000     0.9665622115135193     -0.277533233165741    0.05585254072810018    0.05495284134365001      30.51345117448717
                   9000    -0.8706530646488631    -0.3221541744345968     0.0569584247823826    0.05555284007296045       10.1823759743814
                   9000    -0.4990417377672913   -0.03792796373422667    0.05852125049781149    0.05539947449081076      34.20467597233075
                   9000    -0.5922975076405061    -0.8193582515657108    0.05520683905479776    0.05798502389884212      13.87518196991093
                   9000     0.4052764177322388    -0.4313159584999084     0.0557430286398347     0.0548558891511613      31.97176686193905
                   9000     -0.885973334312439   -0.08970803022384644    0.05552350968019776    0.05447092287321633      1.109385896635207
                   9000    -0.6117531657218933     0.5807379484176636    0.05547836784762475    0.05445316292212026      3.129618923856026
                   9000     0.1052390336990356    0.07246191799640656    0.05547551093214848    0.05445893503637245     0.3662337621849975
                   9000   -0.03019670024514198     0.5120258927345276    0.05528753661734621    0.05429979560272952      8.418139647975465
                   9000     0.1471764147281647    -0.8932009339332581    0.05529441492896191    0.05430709943881219      6.600212338286123
                   9000    -0.2099007368087769      0.857665479183197     0.0552911983452937    0.05413334546698765      103.7192628632852
                   9000     0.4250012106552727     0.6687545853167042    0.05714749957361322    0.05385359408874382    0.03767374900210796
                   9000      0.845366358757019     0.3254840970039368    0.05533314647189782    0.05415898024950476     0.3398036261930412
                   9000    -0.2977338135242462    -0.0767577663064003    0.05534819017914799    0.05413134102785294      1.911266417846545
                   9000     0.4318769363934868     0.1227063416773155    0.05453408147305432    0.05347732035486873     0.5339584369087276
                   9000    -0.6994304060935974    -0.4441748857498169    0.05519382494242334    0.05393611329794159      38.42664447495542
                   9000    -0.1013951152563095     0.6890177726745605    0.05514346251614742    0.05390174561087393      90.20948233922486
                   9000    -0.9492301940917969    -0.6636382341384888    0.05511179559486793    0.05386043326422632      7.829557579892061
                   9000     0.6372479416778818    -0.4299166251399636    0.05586137979394987    0.05552499207211888      639.0928006076115
                   9000    -0.6957323551177979    -0.8215091228485107    0.05509886807418588    0.05382328182256366      5.733845725334083
                   9000     0.5224631428718567     0.7027464509010315    0.05509191526610088     0.0538024667351838   0.003362109554602211
                   9000     0.7402841448783875      0.510069727897644     0.0550892733875644    0.05383287750094287    0.04559305571015122
                   9000     0.4298401745490589     0.8690946545623199    0.05805354577580778    0.05508053081162143   0.001125614282105373
                   9000      0.506742457942751      0.614373983569831     0.0548688953524897    0.05752039347062591     0.0328338954112553
                   9000     0.9144845604896545     0.3168610632419586    0.05491777935513775    0.05376479316550482     0.1368838046634115
                   9000     0.2552783787250519    -0.8935133814811707    0.05492749691492074    0.05371799429250683      10.21193776749964
                   9000    -0.5586540699005127    -0.4407526552677155    0.05491465965620435    0.05373790625947148      11.66886887925871
                   9000    -0.5943991541862488    0.02674644626677036    0.05490324939129671    0.05369844424481633      29.77840688088974
                   9000     0.3051467335358285    -0.6872362595203179    0.05965111420155236     0.0533464403254764      61.62477331940133
                   9000    0.06263229250907898     0.4993633031845093    0.05487006405504769    0.05361784262575806      1.126278053335599
                   9000     0.5312376618385315    -0.4242628514766693      0.054851387942255    0.05359260823442122      113.2873175127733
                   9000    -0.4864997565746307    -0.9685679078102112    0.05483553551418294    0.05354739883029017     0.3480534701733722
                   9000    -0.3893870413303375     0.2322728931903839    0.05475532938103762    0.05345372574079354      24.22012324107565
                   9000     0.4852549731731415    -0.2744324207305908    0.05458899701083206    0.05336521334761101      18.71025056905846
                   9000     0.6672857403755188     0.5016779899597168    0.05451393592625681    0.05332229342542588    0.07760844076300753
                   9000    -0.9925038814544678    -0.2112662941217422    0.05437737900079379    0.05317077706739258     0.2664653629618232
                   9000     0.1471831947565079     0.6274985671043396    0.05437107630350144     0.0531754436823411     0.3933913921221346
                   9000     0.8890782594680786  -0.000103541198768653    0.05441726309709888    0.05320703380719857      2.384032761237301
                   9000    -0.3837372958660126     0.4828627109527588    0.05423884067915041    0.05302886725785973      116.4631079023296
                   9000    -0.2377560317184253     0.1550724660254897    0.05455484172596121    0.05465128148856811      9.705827054376714
                   9000     0.8174868226051331    0.06128671765327454    0.05417803577965129    0.05294404946712349      2.306234570945524
                   9000     0.5652751326560974    -0.1110053583979607    0.05418152243094055      0.052898265283479      2.399616611239285
                   9000     0.8619208931922913    -0.4260738492012024    0.05411068085206859    0.05283762381063079      87.88169874251929
                   9000     0.6318143606185913      0.646242082118988    0.05409750631843079    0.05273017969551581   0.007028662353829275
                   9000     0.8774160146713257     0.1237359791994095    0.05410197370816135    0.05272068622059248      1.204788071728457
                   9000    -0.2374499142169952   -0.02556776255369186    0.05381318863744163    0.05263116207440847      1.788086152157234
                   9000     -0.608775794506073    -0.7453945875167847    0.05376133435993894    0.05262707967971277       15.0502299605787
                   9000     0.6852774024009705    -0.6948933005332947    0.05373617554879297    0.05259789908819574      20.05289899541454
                   9000      0.243635356426239     0.7149862051010132     0.0537346137700874    0.05252469102892614    0.02595656416314737
                   9000     0.2913374900817871     0.4835973083972931    0.05369286879944234    0.05249796616031814     0.1994779409491362
