#! FIELDS time deep26.node-0 deep26.node-1 sigma_deep26.node-0 sigma_deep26.node-1 height
#! SET action OPES_METAD_state
#! SET biasfactor       12.02723625380408
#! SET epsilon   2.008904905162975e-06
#! SET kernel_cutoff       5.122093479753262
#! SET compression_threshold                       1
#! SET zed      0.5601271782548617
#! SET sum_weights       706.3522557487208
#! SET sum_weights2       3422.084431705487
#! SET counter  492
#! SET adaptive_counter  250000
#! SET sigma0_deep26.node-0       8.287240899393266
#! SET av_cv_deep26.node-0       -2.22541644726447
#! SET av_M2_deep26.node-0        31346803.5835751
#! SET sigma0_deep26.node-1       6.579981563080727
#! SET av_cv_deep26.node-1       1.225054202333958
#! SET av_M2_deep26.node-1       20449421.57389668
                  14000      14.09231401660419      9.291736795981679      1.981449511713506      1.414436048597793      2054.158822733549
                  14000     -13.08333796663724      2.947443959606298      1.918230686497787      1.577014726166979      5363.386486509415
                  14000      3.492363641931531      9.079117299194225        2.1753092971134      1.504462272354264      1394.331887195563
                  14000      1.407358591900825     -16.97599341360413      1.925136505901715      1.367385543456957     0.6205697592434732
                  14000     -7.853170013765046     -6.407463458918418      2.273981972566807      2.003402264397498      36.71594568144991
                  14000     -6.620058138602724      7.157963738853355      2.219939672545902      1.411860391698288      963.1111511989205
                  14000     -1.619809272007606     -15.48038738851047      1.827882602313997      1.428419402967786      2.047238769043052
                  14000     -10.32359330166909       4.06314077117216      1.856250485088307      1.389630103233464      1936.292717568258
                  14000     -5.374199834740214     -10.44479036628793      1.867358733979547      1.542813256360384      23.52090601180588
                  14000      21.43940619140544     -7.079515008888777      2.042735809867089      1.594573568327706    0.02533934921426223
                  14000      23.20113393435898     -1.338812083871414      2.084325382505201      1.732365732360299     0.6998148850551502
                  14000       17.1788554260809      7.795316717744372      2.035758775994765      1.475450133510055       386.558850159133
                  14000      21.09967894389245      5.063540739774488      2.072994695758359         1.630799543233      68.03324307243213
                  14000      11.09035149980916      9.483110873862097      1.916914791454905      1.451408160379819      2209.059407599047
                  14000      9.760977079236563     -17.09155524283157      1.710934571538951      1.321722663117789    0.04876348818348042
                  14000     -8.501839283476446     0.4368080955007712      2.000559586979556      1.561010906205561      215.8372588499836
                  14000      19.78046097081936      -11.6223571941814      1.729459311577129       1.35058768492974   0.005046489448657495
                  14000      15.27178434360017     -16.10727454827744      1.862007583532416      1.366274449955785    0.01527257395444296
                  14000      23.96866806034359     -3.989872758094109      1.875479287130818      1.644473714888224     0.1323240332056261
                  14000     -2.626963912619726     -13.50454540509112      1.787310616157604      1.482929181370341      2.902840423875065
                  14000        -6.766627676906     -2.530955347494649      1.999696586015447      1.527579794170643      15.98703655594591
                  14000     -1.407225131988525      10.34706497192383      2.302358211219748      1.701548369167645      4.127228291806706
                  14000      5.578315440711695     -17.97890796802795      1.780363086323286      1.374059387115839     0.2681836254470171
                  14000     -5.007314475748731     -3.606733304183289      1.786383242659997      1.506526552122428      21.06171824098602
                  14000      9.642023194766022      -12.0491560896589      2.163599971388715      1.652777050538098  0.0006707465874618301
                  14000     -0.483132361172709      8.468642807674396      1.808335792436516      1.469075221827033      273.9408484629214
                  14000      11.46026546389191     -8.548040577335277      1.801338258538184      1.399769397575186  0.0003870160731773904
                  14000      17.44373559126699      -14.1647041910754       1.74818702874026      1.413280200340655    0.01033316717517769
                  14000      13.99872589111328      -9.48417854309082      2.071052156835081      1.601846844725728  0.0001902952386366854
                  14000     -10.49039293131686      -3.62210669818725       1.82278488999842      1.383147633944524      134.6411252713967
                  14000      21.82050375603573       0.50381783954328      1.830423607304134      1.358134969009585       1.26912499562861
                  14000      21.59362983703613      -2.85606575012207      2.038535354672797      1.584490484537086    0.06448310333522861
                  14000      7.672174809469073     -5.309274585179161      2.018207994042539      1.474376606548671  0.0003550442197813411
                  14000      1.477766990661621      -7.27118968963623      2.013860082297998      1.574338569864735    0.06945155331907776
                  14000     -3.224271281068058      8.091027882645502      1.741226399656619      1.427633304173579      168.0250017981772
                  14000     -4.765241006898859     -6.443474013222534      1.716858751995888      1.290913679476894      13.25423567998656
                  14000     -11.95342003766475     0.8616197021394367      1.692815897686181      1.354952483206486      607.2536125578403
                  14000     -3.073987258977514      1.168909164814196      1.862976100009275      1.551592676616007      5.205925028036796
                  14000      5.350828045306565     -13.80174135894985       1.69725967737559       1.38268964186954    0.01346125796972452
                  14000       7.90662075275769      5.115930032442749      1.698208020973174       1.45505264165701      14.19872200826974
                  14000     -4.234052012499862     -12.01807150575128      1.597668408104416      1.325743774387488      6.105151412592935
                  14000      20.95899851778195     -10.17190116496267      1.776037725963087       1.41875696119738   0.003070483897295779
                  14000       17.7236673745036     0.9223210604940739      1.719394575716636      1.303614169977705     0.6090394050615231
                  14000      22.16218300100341      3.638044462768474      1.684791066899749      1.321813887319808      9.782331414905705
                  14000     -4.371869275144349      6.016277180747832      1.635125777790367      1.329735439981865      128.5829796144525
                  14000     -6.064581802341325      -8.31514620304975      1.662259477456905      1.269843969727194       15.5239191659694
                  14000      6.058091796567231     -11.55708345085856      1.656483587178395      1.297357473146694      0.001886395622338
                  14000     -11.06309297556714     -1.672378080928077      1.808631311175914      1.315200965057087      116.0447126007593
                  14000     -3.690035820007324     -16.50210571289062      1.692382941984847      1.350388036568786     0.1208070598338151
                  14000      7.024248600006104      6.828425407409668      1.675400126225159      1.339956807691739      21.08372573757716
                  14000     -6.205677943048817     -1.027357626533387      1.639699476978562      1.375470992792607      13.24403058765328
                  14000      12.17029567462592     -16.39991235380685       1.78676455736517      1.309239718389089   0.006571151300620756
                  14000     -8.052258534006395     -9.777967112263804      1.592748454226388      1.312739305005494      5.572628132588344
                  14000     -2.600555526689415     -9.633607290058107      1.570615809342256      1.443314968948035      3.094943514673759
                  14000     -4.623783111572266     -13.90982627868652       1.61488373675225      1.288663639244918     0.4518919853799335
                  14000     -10.71046746288938     -6.192479557703436      1.528625449265662      1.222953633398698      7.574121419970238
                  14000    -0.2070541600157693     0.9905154248420359      1.511510990442432      1.227654357157728     0.3663764459325058
                  14000     -1.114926456333218      6.737454711237902      1.532043193710977      1.190292353773693      49.59789180212459
                  14000     -4.247774124145508      -2.13801908493042      1.538563225329457      1.233883170855834      3.151504213561613
                  14000      6.842351416568826      8.947449393066897      1.634181948496606      1.221956962177767      287.9933369043922
                  14000      12.54955387115479     0.8374772071838379      1.520357734888146      1.223124830588873   0.004766750589413707
                  14000      14.31837653832646      3.566856125108635      1.593189411642226      1.210556729339071      1.453020422637645
                  14000      10.84758678690258      3.276463966404238      1.616962198074577      1.199020809222497     0.7760693917443205
                  14000      19.74207878112793       6.55672025680542      1.503191129234992      1.210199201324991      16.82364156691266
                  14000     -7.657427875439841     -3.961438662584215      1.485706031161524      1.224907212695027      15.32670824378878
                  14000      18.95018005371094     -4.409544944763184      1.491292949291174       1.20143119810624   0.009146142951284714
                  14000      4.014314651489258     -7.718478202819824      1.489773690868079      1.201176642892218   0.006300267537152485
                  14000      8.855184555053711      8.552589416503906      1.479507067802692      1.195993511790782      77.46846706222766
                  14000      7.721096038818359     -17.27891159057617      1.481034249954581      1.195526478426794    0.02137261367169956
                  14000      24.23188591003418     0.2122468948364258      1.476465125807143      1.191202543073755     0.1755098597930079
                  14000      14.00056552886963      1.320238590240479      1.472708695002678      1.189219409436635    0.05595487248361135
                  14000       6.03719425201416      5.229321479797363      1.469987359103746      1.186589570222876      5.936203582433231
                  14000     -9.206400871276855      5.692704200744629      1.467213862662698      1.182849053891182      90.25841318891784
                  14000     -7.172183036804199      8.651645660400391      1.453267842057867      1.170237581669608      43.15711305202419
                  14000      17.82490539550781      4.331845760345459      1.448699357640905      1.161943991384303      4.745846093673443
                  14000      18.16107177734375      6.238711357116699      1.430637535434081      1.154432562288626      22.61862444197119
                  14000      4.637824058532715      6.354823589324951      1.431388270257355      1.151559476598059      23.65937943334283
