#! FIELDS time tica_cv1_5 tica_cv2_5 sigma_tica_cv1_5 sigma_tica_cv2_5 height
#! SET action OPES_METAD_state
#! SET biasfactor                       4
#! SET epsilon   5.176336619919723e-10
#! SET kernel_cutoff       6.539381215389747
#! SET compression_threshold                       1
#! SET zed     0.02944805948511404
#! SET sum_weights       9272.380742762594
#! SET sum_weights2       41351.83335492778
#! SET counter  4992
#! SET adaptive_counter  2500000
#! SET sigma0_tica_cv1_5   0.0007386047042327471
#! SET av_cv_tica_cv1_5   -0.001423795317027858
#! SET av_M2_tica_cv1_5       6.611250542647328
#! SET sigma0_tica_cv2_5   0.0001931774114098845
#! SET av_cv_tica_cv2_5   0.0003508795181858795
#! SET av_M2_tica_cv2_5       1.845790408909134
                  35000   0.007450018491777172 -3.642615735627997e-05  0.0002865882230414083  0.0001547897696606491      94.39463703611568
                  35000   0.003677528913026919 -0.0009042774516665767  0.0002199509566856379    0.00012589350795298  0.0009135004787809536
                  35000   0.006631651742617544  0.0002472094527281345  0.0003435410308700198  0.0001481005460278545      53.05479992548639
                  35000   0.005115269953289136 -0.0001679126777704836   0.000267534399411654  0.0001479943225256124      59.01998568880528
                  35000   0.005869158904713457  -3.79470172103329e-05  0.0002703355204577291  0.0001375185790525948       133.700319430568
                  35000  -0.002312025096614388 -0.0002382302412422856   0.000290900100586606  0.0001683215657143988       682.387508661941
                  35000  -0.002109722623942001   0.001069868132954086   0.000292909042442149  0.0001689119858798729      895.1518173086303
                  35000  -0.001444853822833306 -0.0007716930335283483  0.0002999147217358821  0.0001664450507828808      4177.103570791819
                  35000  -0.002548977813427228  0.0007148398605983142  0.0003086474014358971  0.0001747350788227643       640.839764287103
                  35000    -0.0019721703485843   0.001410166786304005  0.0002984205830569753  0.0001703956249008828        1859.8247371857
                  35000  -0.001043230720528302   0.001788973974104903  0.0003066180834631102  0.0001699912765851476      1007.741379431843
                  35000  -0.002384173265614068  0.0002649641735796802  0.0003207526612847225  0.0001626491318137824      427.6502052578882
                  35000   0.002704335323453793   0.001612896850878137  0.0003507034291589272    0.00016937798314657  0.0005374325910765378
                  35000  -0.000170931927302006   0.001742485870382778  0.0003099341070503744  0.0001614104787130478      310.7587514844855
                  35000  -0.001196738151174189  0.0002704037015572007  0.0002929967357402613  0.0001567888377430609      17.36070624718181
                  35000 -0.0001496938286394611   0.002251955554229003  0.0002691818608132716  0.0001537293076599054      38.21428633408639
                  35000  -0.001794552300564391 -0.0003266115992128382  0.0002763186122150435  0.0001480746081513893      1151.269043220906
                  35000  -0.002640469103296509   0.001060159708378184  0.0002830790210088322  0.0001649878083416618      770.5557972332249
                  35000  -0.002863454975024181  0.0004857149341568738  0.0002784224150578627  0.0001642740883578472      336.1076329214861
                  35000  0.0005617138852320995   0.002171183239216802  0.0002886542621829038  0.0001479109010683666      21.77501924053044
                  35000  -0.001505225038341795    0.00156438622890754  0.0002981207238593093  0.0001657334535822078      1287.321872756017
                  35000  -0.001813779736927705 -0.0005405817703898216  0.0002792834042190194  0.0001532999952867603      1784.023473994013
                  35000  -0.001304505857395005   0.002232265240627244  0.0002650518045707202  0.0001554678701607601      63.10371614950292
                  35000  -0.000567199021499544   0.001929075928528724  0.0002826323566391152  0.0001627657650347341       393.084648108494
                  35000  -0.002478603647394018   0.001332437162340095  0.0002983305459226463  0.0001574928123355651      936.8933050268075
                  35000  -0.001001681954046708 -0.0006895787300737915  0.0002773115685588715  0.0001439058419939874      1326.691112436034
                  35000   0.002546500558640313 -3.356060231562721e-05  0.0002887635220506263  0.0001595284367966305  0.0009619888544541494
                  35000   0.002624542787230611 -0.0007505964064884322  0.0002634530615284393  0.0001461978384462222   0.001510178165491911
                  35000   0.000993440188559964 -0.0007136867636702968  0.0002804514975537313  0.0001506425130498315     0.6584433351683785
                  35000  -0.001275335382824779 -4.254767474778609e-05  0.0002899648769962759    0.00015226461864975      87.22644196262459
                  35000  -0.003149383986347341    0.00111541224687531  0.0002728945604516754  0.0001621723626559016      137.4336480472398
                  35000 -0.0008310345707197391   0.001549212539964523  0.0002846513127278784  0.0001579874988763204      374.6901530644342
                  35000  -0.004825933845477979   0.001224436505407678  0.0002744012751867523  0.0001609654875150543     0.0160814379911581
                  35000  -0.002268199750084823   0.001827575351796639   0.000282698220204035   0.000170432515954284      156.2934811887264
                  35000    -0.0027284524581015 -0.0001320185556922801  0.0002711225395609432  0.0001515843559825635      178.7834696271988
                  35000  -0.004992580814438836   0.002141046755297794  0.0003294665026447408  0.0001549783186242239   0.000160499033778108
                  35000  -0.003080034163806247  0.0008500494705055078  0.0002797331392131179  0.0001525584978305935      365.7751928777763
                  35000 -0.0009627218831132319   0.002046399717029802  0.0002838918894403497   0.000152311837952889      278.4779531766659
                  35000  3.457537386568181e-06   0.002017558499330423    0.00027741182484078  0.0001490486007252189       137.772227563639
                  35000   0.001112555852394644   0.001046240483862861   0.000244971623310916  0.0001437475475482772    0.03208239904904863
                  35000  0.0002981009450407028   0.001840493778750217  0.0002975093084976124  0.0001376216270519694      68.82966404982385
                  35000  -0.001531801013565944   0.001864092653185879  0.0002806992524128635  0.0001477639669827185      362.0836855283924
                  35000  -0.003431934054990318   0.001321916736489636  0.0002685152844135406  0.0001477689115160157      39.75425045708735
                  35000  -0.001672457970436469   0.001205731704056737  0.0002654975334490789  0.0001612793925282384      832.0929155684445
                  35000  0.0005797859132469367 -0.0004417579606098836  0.0002829304677732268  0.0001514728719999978      0.430206660794816
                  35000  -0.002901575146634802  0.0001853266927486716  0.0002732385112005079   0.000165537831956151      180.5784789069525
                  35000  -0.002383801591842353   0.001594866163468732  0.0002889851412958351  0.0001474106533667985        460.84114427976
                  35000  -0.002100694034084746  0.0007366418375583234  0.0002751704132143008   0.000157927767433682       367.390711340165
                  35000  0.0004629835043447756   0.002363981464155653  0.0002697477137881903  0.0001465639824578156      9.755553126547431
                  35000  -0.002197674040555383 -0.0005710537124307902  0.0002578619195723454  0.0001472511693492238      582.1981334576983
                  35000 -0.0006747093283822448 -0.0009291806189518117  0.0002570689565767018  0.0001491361199985154      590.4121938335775
                  35000  -0.001089523844963671 -0.0008752298397124408  0.0002626135181389092  0.0001437651581053165      2635.847723623915
                  35000  -0.001621367077104768  0.0001054768324507211  0.0002720334656951504  0.0001484477254876166      114.3386858877253
                  35000   0.000310876824112887   0.001374633662282768  0.0002915391854740888  0.0001515132861533392      8.299998869285265
                  35000  -0.001488410093316416 -0.0009624995995435781  0.0002605598150237829  0.0001416708661729391      1226.007890061034
                  35000 -0.0004796915253600708  0.0005775074874640373  0.0002702638862945928  0.0001667650166472661      1.018426470235671
                  35000  -0.001298801663564807   0.001116589641288994  0.0002690960899003718  0.0001497148106145385      211.7434222460191
                  35000  -0.001698686047120911   0.000540748808901593   0.000287217315629303   0.000159448789560508      67.08767038594593
                  35000  -0.002749925356692313   0.001728179059687538  0.0002568653068819969  0.0001515949780303249      71.48845099474339
                  35000 -0.0003013142952676319  -0.001478868104678464  0.0002415606169413833  0.0001457749305845846     0.3150662114532213
                  35000   0.003207420643774109   0.002521588267988984  0.0002722248264594057   0.000149587647927219  7.724768312913917e-05
                  35000  -0.001195525483594121  0.0008836148989157318  0.0002546988405816892  0.0001469090259964983      39.98327139616008
                  35000   0.000196572495941078 -0.0007158232096859052  0.0002798082780198804  0.0001561683054947027      11.03626770040612
                  35000  -0.000364887494060353   0.001279284118064713  0.0002729313018065268  0.0001430174528325665      57.82398223719738
                  35000 -0.0004657582054462687   0.001496201199799995  0.0002619859211425888  0.0001465580412761694        133.80482444021
                  35000  -0.004285785392739883   0.001942567627595198  0.0002598799365326629  0.0001455768364334952      0.014147572550991
                  35000  -0.002089729913281695 -0.0007627042965673031  0.0002524266866221937  0.0001417687612947853      561.6933337598239
                  35000   0.000644003525894707 -0.0008313254556274298  0.0002443525784585342  0.0001471729093300298      1.318117632783982
                  35000   0.000295454670727317  -0.001224730425959283  0.0002486915801466034  0.0001432162015253016     0.7963724070969481
                  35000 -0.0002707473927944587 -0.0006728867641341941  0.0002623288401111576  0.0001427257078399618       90.4627395372105
                  35000  -0.001378535785574274 -0.0005455115420299267  0.0002604613543826265  0.0001464043890261316      1825.289394647407
                  35000  -0.003474606601736675   0.001851587824047607  0.0002562020511857701  0.0001445062852166091      2.235643732344842
                  35000  -0.005320442391267911   0.001925352335939346  0.0002228870952189721  0.0001302594964066217  8.826650099486975e-05
                  35000  0.0007901789374735721   0.000222750990859553  0.0002632118136614328  0.0001804537312442531  0.0006849946091020168
                  35000  0.0008923596192220059   0.001874641368218111  0.0002720611806319355  0.0001385574800301791       13.7827512116709
                  35000  0.0006230745418647057  0.0005333253328060253  0.0002825403333616453   0.000162479513785194    0.01117036117173315
                  35000  -0.003717531386313453  0.0007460109803570152  0.0002546803147608397  0.0001471423876686383      9.986605612148439
                  35000  -0.001635484432599109  0.0009105192209351702  0.0002699230288980088  0.0001582037344690598      183.0991574087569
                  35000  0.0003365114677198021 -0.0003274012685334345  0.0002664077572136636  0.0001617956265265553      1.348454484523008
                  35000  0.0004314443094021032   0.001136292410671299  0.0002543493318980877  0.0001532482219906973     0.9508700058544031
                  35000 -0.0003131570438788584 -0.0008493913448168979  0.0002645719093326537  0.0001436041853430809      143.6623813268192
                  35000  -0.003262937148727934   0.000599724746641125  0.0002824858505586767  0.0001543619699445319      75.03164615478153
                  35000  -0.002530587809646732 -0.0009665890034735855  0.0002446886259318811  0.0001391082584287581      3.942205169198539
                  35000   0.003857417232380401 -0.0001997317331418464  0.0002741708966323732  0.0001422352427275439      1.762752286388519
                  35000   0.006292735473613362 -7.001371028146031e-05  0.0002608447858901872  0.0001469199582084276      233.3788753116114
                  35000   0.006656790974166623 -0.0001861661443206257  0.0002573775275621503  0.0001397945991334397       73.1054493493187
                  35000   0.006655383863625118 -3.308893057491952e-06  0.0002618554721298055  0.0001433926025390828       190.617038874721
                  35000   0.009581257781499014  4.609991848903982e-05  0.0002536971791261567  0.0001511830889466032   0.007440866300106588
                  35000   0.003410327072298798 -0.0001589877438460831  0.0002646740019283978  0.0001400119773295229     0.4803485291317133
                  35000   0.005969527325742327 -0.0001980036672070075  0.0002574259844306583   0.000137074340565026      134.3348459585455
                  35000   0.002309344168442884 -0.0003629287167912493  0.0002497490742072963  0.0001491590235191511    0.02759484378213081
                  35000   0.004216166361624209  -0.000431724248133788   0.000258579991158193  0.0001358739541072589      1.455551997756851
                  35000   0.004262973242406713 -0.0002179357999081984  0.0002601367737324342  0.0001473047220001528      6.303648278760393
                  35000    0.00472309632231182 -0.0002747328781462082  0.0002575125863572206  0.0001401078850484652      21.14440221915137
                  35000   0.008213241312740999  5.288188593253899e-05  0.0002628633680867453  0.0001469060436196268      5.306488430496134
                  35000   0.005583530756292605   -0.00019001827774046   0.000261771233199851   0.000141674925964626      75.52757947766683
                  35000   0.008560608384592246  0.0002330322553756506  0.0002497728204557677  0.0001628494579145516      1.277738033382228
                  35000    0.00770013070473117  0.0009690049499747241  0.0002558270160094009  0.0001455839197511997   0.001104693855546966
                  35000   0.003503306507798389 -0.0004281256187827855  0.0002513072776201817  0.0001380301050697217     0.4110472527183028
                  35000   0.009478102894977088    0.00085514578398038  0.0002860499810493569  0.0001683827520333193  3.750290387009721e-05
                  35000   0.007834597914340036     0.0001712513293412  0.0002669268856127411  0.0001364388193636264      23.14412501399254
                  35000   0.007385966786289956  0.0001915219652861802  0.0002754237500440867  0.0001362031234902686      74.94646544229306
                  35000    0.01106097332900496  0.0002911144497382146   0.000287907146446081  0.0001658418054462616  3.988619784412326e-07
                  35000   0.005638801100896449 -0.0003432440198404787  0.0002647097912489226  0.0001345760146452419      42.06421200358898
                  35000    0.01066617179291639  0.0004594354425274577  0.0002310939988142223  0.0001268298378988371  7.331292546829657e-05
                  35000   0.002942198318280567  8.286476840954241e-05   0.000238667882769067  0.0001287050870152294    0.01167399933251856
                  35000   0.007045481211456235 -6.949774583299209e-05   0.000259427102896892  0.0001445649093711679      132.5919037506441
                  35000   0.004155815475001965  0.0007576718548089129  0.0002551896770709811  0.0001365614869761489   0.003431052463740758
                  35000   0.005785890937553942    0.00121428154941191  0.0002482422567590943  0.0001313151501349604  0.0004942165221748192
                  35000   0.006107594963930645   0.001436062324075515  0.0003059465982794608  0.0001602182865810292  8.270907705346207e-06
                  35000   0.005214177745075817   0.001109492864676902  0.0002245445840319828  0.0001267666241826282  0.0006878059241352353
                  35000   0.004560551389000038 -8.789943140399448e-05  0.0002607746864842995  0.0001360267194517656      9.085632878957069
                  35000   0.004420971268116929  0.0001699333492592898  0.0002491183425416833  0.0001373545896942335     0.8717966213083452
                  35000   0.009133122813492925  0.0001448396749049015  0.0002508243085185091  0.0001343656320222421     0.1339399064158055
                  35000   0.003526872535169536   0.000858361905217834  0.0003014526447979709  0.0001505985705927247  0.0002450458024528846
                  35000   0.009445276942026371  0.0004181802536926738  0.0002582083230438213  0.0001491396690612902   0.007957685495171094
                  35000   0.003584888600169284  0.0003300843052543834  0.0002417380903602921  0.0001321864028360778   0.007462628614724635
                  35000   0.006026836273245351  -0.001030915742227153   0.000289051533266531  0.0001507037681654831   0.001154765159540276
                  35000   0.003350547224921676  7.295819993928373e-05  0.0002602693286531107  0.0001611112213224379    0.01885677694386967
                  35000   0.005321166026128218 -3.650900669317193e-06  0.0002513301664738632  0.0001371618993220377      26.06970523124527
                  35000   0.006970250715560297  0.0001137910432923264  0.0002642894685717313  0.0001384446825650509      108.0542873711579
                  35000   0.005663176531519825  0.0001285398889512614   0.000258076845800507  0.0001426700497091125      22.51666045920971
                  35000    0.01179095010913382  0.0001032675148553062  0.0002482480202491939  0.0001327101234838246  2.538623984269695e-06
                  35000    0.01053024011038304 -0.0001738449006714195  0.0003073622609379096  0.0001545372565814288  2.914987164444196e-06
                  35000    0.00851368011953366 -0.0001500812089244908  0.0002438291657399598  0.0001271488960867692     0.2614221775485698
                  35000   0.001373022851275667   0.002341059926669467  0.0002542852257255389  0.0001358873617950078     0.3963999687669248
                  35000 -0.0005324492995569229   0.002346208173761042  0.0002806384737623698    0.00014747013882482       20.1121672431632
                  35000  0.0006929317476992236   0.001651971196919058  0.0002717955103918548  0.0001393099171533014      7.457647752276627
                  35000  -0.004284665936905322  0.0003341182394699457  0.0003261065585548763  0.0001546986796862157    0.01674142185883497
                  35000  -0.002586363290210499   0.002820544738025775  0.0003007155548374398  0.0001588155988738043   0.004637977495078832
                  35000  -0.004250640791015441   0.002186939481267626  0.0002661006323626111  0.0001446222257794989   0.008918575447266507
                  35000  0.0005592187210267363   0.002595987478582155  0.0002815282615224448  0.0001394947332138592      0.595089491254164
                  35000  -0.001772275663097207   0.002145316504647727  0.0002708585719682226  0.0001467420802230655      61.89187581386231
                  35000   0.003243523719695396   0.002110894581961921  0.0002600096564802009   0.000139478538739675  0.0001484059353619452
                  35000   0.001225764664006196    0.00208142215396053  0.0002571355606543158  0.0001325677170544623      1.905790820803718
                  35000  0.0007292377874459105 -2.793029435008296e-06  0.0002634214298838808  0.0001410226261495151    0.02042338400419956
                  35000   0.001688464217803838    0.00170569917942837  0.0002664701449606746  0.0001325826454880925     0.1234547601792611
                  35000 -0.0008482175022472461   0.002436209935678803  0.0002593872427205627  0.0001522783810214736      5.302727388185096
                  35000  0.0005625069537792762   0.001990892255135691  0.0002828975031343388   0.000135108018551434      24.93987521560664
                  35000   0.006256475025662702  0.0001159250953203316  0.0002736615260885374  0.0001347912629729168      103.1639333056962
                  35000    0.00674718468256377 -0.0005616483882420269  0.0003236723621212839  0.0001539161646637241     0.1040149803540479
                  35000   0.007868875617863841  0.0008549411369919316  0.0002587974200748679  0.0001304979582711493    0.01441556525759579
                  35000   0.002202369359979338 -0.0001016372569567723  0.0002465215852448411  0.0001290925564052524   0.008429878176058597
                  35000  -0.003733302796449147 -0.0004150243667225717    0.00032503857739914  0.0001537562309701216    0.09323058139300641
                  35000   0.001677512062425305   0.001491330471256876  0.0003265003339903286  0.0001539914038698656    0.01895166207126294
                  35000  -0.001267477561682835   0.001362495355583063  0.0002684916010041285  0.0001474401375164305      476.2917565471143
                  35000  0.0008932478965181879    0.00136520613062594  0.0002857005368373288  0.0001464894420990745     0.8582215996429735
                  35000  0.0009413493150012638 -0.0003580680028954482  0.0002501312477382137  0.0001386015625052741     0.1280038164975899
                  35000   -0.00199903073225484 -7.169701289070859e-05   0.000282444668730491  0.0001478731106155003       486.608315726816
                  35000 -0.0001810535938400706   0.001004812009267446  0.0002579099754145498  0.0001450756516320542      4.371948958629591
                  35000 -0.0003488172122559685  -0.001052802491361433  0.0002496401373865062  0.0001434236730196307       60.3043648959083
                  35000  -0.003724210357956841   0.001616682918297445  0.0002751168693855407  0.0001617117312524285      1.605372845807059
                  35000  -0.003303713567029893  0.0003471928105062719  0.0002552222423983464  0.0001390050515660323       20.5927620634454
                  35000  -0.003972288525515962  0.0009755373472296021  0.0002773287565867461  0.0001434657134134043      2.252444930652824
                  35000   0.002147710262129162   0.001891746233380072  0.0003210881546888274  0.0001553938175506094   0.003431790529994133
                  35000 -0.0008575584545238724   0.001323449792705011  0.0002634089284709092  0.0001503355057325399      186.0029526474282
                  35000   0.001183314838845534   0.002472469757454115  0.0002933669254276978  0.0001551355880802077     0.1171528931051044
                  35000   0.001523153573193004  -0.001425484751473097   0.000306863976903155  0.0001523668079656256  0.0003465322505582816
                  35000  -0.001766549439121376 -0.0007897839869117437  0.0002556820362591102  0.0001461457548246875      1623.004448788563
                  35000  -0.003172192458763482 -0.0006590638593090084  0.0002921349717511969  0.0001513667097612037      1.196121020496431
                  35000  -0.002468457584081716  6.686671642314719e-05  0.0002749127909314224  0.0001453038060735458      283.2185865638425
                  35000  -0.000200496236777903  0.0001416416982089927  0.0002661634373522238  0.0001536225664122323     0.1625395853918106
                  35000 -0.0003970544233940302   0.002148681086141073  0.0002744577149523249  0.0001408340685721235      77.41216802728995
                  35000  -0.001935043343215508   0.002335174837757194  0.0002583186041201297  0.0001441463300226846      4.129975501266496
                  35000  -0.003119656581854571 -1.665374130941722e-05  0.0002587786344484504  0.0001394431132156574       26.7340421232869
                  35000  -0.001875634214716353   0.001682479320820524  0.0002644912730853352  0.0001464113176277483      511.1861856960462
                  35000  -0.003870582188410263   0.001323478287234792  0.0002526756135091566  0.0001342423249600454      1.397440053212277
                  35000   9.14595324102724e-05  -0.001867766807136465  0.0002893820428794904  0.0001502478245634216   0.003506044022342118
                  35000  0.0008789219399014824   0.001208319360909655  0.0002509115805430481  0.0001422821785277461     0.1764360588452152
                  35000  -0.001916505645939628   0.001893177418962034  0.0002546683560011692  0.0001530804085234885      226.7783907420324
                  35000    0.00219710056432021   0.003240714489421875   0.000286652059828785  0.0001490177739707185   3.76043967282748e-07
                  35000  -0.001045802709165577 -0.0004560255011946219  0.0002638585934706993  0.0001494704641408838      360.5814426249947
                  35000 -0.0009303098325150364   0.000615706136019264  0.0002408373066045515  0.0001435967201315978       4.86742343410405
                  35000 -0.0008326763589074263   0.003481264086983963   0.000278590569443616  0.0001489192287462371  5.931067166897943e-07
                  35000   0.001944922730470854   0.002926552680104347  0.0002512610334307315  0.0001254160209702985  0.0002566269518532896
                  35000  0.0001910088273598603   0.002649628414976106  0.0002538694574952812  0.0001402599404440626      1.259807761439997
                  35000 -0.0005367958034134068   0.001111474623677295  0.0002494577953676257  0.0001422817884740584      16.85107533342125
                  35000   0.001333349107739179   0.001901575388813841  0.0002658731175009816  0.0001389281834102689      1.661252972252217
                  35000   -0.00397190739488015   0.001702143032462084  0.0002458884128894472  0.0001395928263520239     0.2462619817087512
                  35000    0.00186020162827039   0.002518363287969576  0.0002736829912901396  0.0001485449667449496    0.01015968182805176
                  35000   0.002758111278215331   0.002441311463597866  0.0002725502661381715   0.000148897511947115  9.681371494645575e-05
                  35000 -0.0004820578402889934  -0.001685146882834724  0.0002768438944274876  0.0001583205620816761    0.03375624262948767
                  35000  -0.003038351791951914   0.001491318726716248  0.0002452150253732031  0.0001468341288849941      64.84609277171965
                  35000  -0.003282816964298904   0.001669558792165767  0.0002614714539375898  0.0001393953304405697      7.855746531883451
                  35000  -0.001785823380279893    0.00351803392680819  0.0002696361152882475  0.0001489040799882043  7.395877783766802e-07
                  35000  -0.001649702277876768  0.0003300231072639241  0.0002600332838401779  0.0001363674302235277      57.30792307676822
                  35000  -0.002506003474684497  -0.000537059761124862  0.0002444116774982188  0.0001357843239937811      67.44329946087362
                  35000   0.001628713595503323   0.003239893648139294  0.0002665766438843579  0.0001492536602385468  4.134724402369457e-06
                  35000 -3.666403921774866e-05   0.001138291135530096  0.0002548683930991452  0.0001338734820719287      2.053652201333854
                  35000  -0.002335978875400835   0.002145665951360882  0.0002573703583478695   0.000157048717293021      9.802933649190285
                  35000   0.002646881848617284  0.0009869526539638023  0.0002632668157511902  0.0001481206408474145  8.859769013966064e-06
                  35000  -0.001074299802970636  -0.001046612623453826  0.0002583399350049318  0.0001382058964359113      425.6211588817484
                  35000  -0.002028785030786173  -0.001107683112085644   0.000235658492048186  0.0001344625591216327      22.20959197790326
                  35000   0.002898026900170208   0.002279554135624893  0.0002605209103478787  0.0001482019126003424  9.911187265384084e-05
                  35000   0.001901952405157489   0.003137575837961213   0.000260268829667221  0.0001482580648213488    2.4299020785634e-05
                  35000 -0.0006434753480540974 -0.0005063782635928405  0.0002377311103611423  0.0001555489305129998      70.07105491083594
                  35000  -0.002557037289540643 -0.0007414932730236777  0.0002470982492232821  0.0001385722906855465      23.08059314046998
                  35000  -0.003463600147661838   0.002120587314770787  0.0002558844495991109  0.0001471676477774441    0.03999028041165392
                  35000   0.001351980594864721   0.001300796406499914  0.0002557612684673449  0.0001472549982915561     0.0292027892274738
                  35000 -0.0007900699909261915 -0.0001067100797593927  0.0002372682258114956  0.0001402117489213536       7.58920991526875
                  35000  0.0001467975736010902 -0.0009863094427337213  0.0002506106993736612  0.0001475957215512433      5.914289111138349
                  35000 -0.0001883618269221055   0.002540710026039254  0.0002306964914131969  0.0001328563977025494      2.348662734740557
                  35000  -0.003199112889044424   0.001954360346075946  0.0002409437120497483   0.000148798302717033      1.521740140596142
                  35000   -0.00221038470956942   0.003386082469196894   0.000248687852653125  0.0001456332508980101  3.792262894333584e-06
                  35000  -0.001918248685800748   0.002574046298931215  0.0002422771076124565  0.0001356211577794738     0.3394611371946221
                  35000  0.0006716435161830366 -0.0005865205259812751  0.0002568782645289825  0.0001381288873225173     0.5287828448109269
                  35000  -0.000879396320871155   0.001012658504431365  0.0002543809516217517  0.0001388771067865662      42.39708543975032
                  35000  0.0002705280171537364    0.00286349513137505  0.0002445033204731033  0.0001449011819165796    0.03607263832424024
                  35000  -0.001176256071666531   0.002522921904367974  0.0002437975748809836  0.0001447272746699047     0.5737117853634267
                  35000  -0.003609057861301419  7.549215468957894e-05  0.0002352074088587304  0.0001418820561006247      1.141830380941349
                  35000   0.001835439554996234   0.002362953500768816  0.0002401296584194562    0.00013644313225385    0.03431662853052643
                  35000 -0.0005357595889374899  0.0007993390292389439  0.0002477317579751313  0.0001386529512908596      2.132837924972187
                  35000  -0.001642823171192392 -0.0001404461690984352   0.000246755483557224  0.0001332350041453753      136.4273159956205
                  35000    0.00164183574608323 -0.0003589037256153903  0.0002486506867301872  0.0001361318237354305    0.03712277525107297
                  35000   0.003063766104892489 -0.0003210874374694661  0.0002617763638104161  0.0001404634479030375     0.1584907388942072
                  35000    0.01022548241058251  0.0002218659669782114  0.0002476895334026388  0.0001350603969071343   0.001149561130938903
                  35000   0.007915760183263596  0.0003559147605792393  0.0002457914931289389  0.0001323546297808044      4.891266351535088
                  35000   0.004851799532462875  0.0001913404243309227  0.0002441648144355134  0.0001450399847161235      1.595614924991826
                  35000   0.008248569892319436  0.0003332338176225609  0.0002365351931605303  0.0001397129023039606      1.566256580033222
                  35000   0.006073769769388463  0.0008544124231998381  0.0002478359365452767  0.0001347489520787492    0.05481870410435884
                  35000   0.004338314357751365   0.001829329537553289  0.0002471750283554163  0.0001445850016232939  5.354458885266102e-07
                  35000   0.004379084840954673   0.001150772540439631  0.0002475777881935382  0.0001451500923567478  4.436875540513903e-05
                  35000   0.004364850718197438  0.0005588640568007361  0.0002470557360416781   0.000144554209561312   0.002790181330756177
                  35000   0.009468683744381753  -0.000235823429722273  0.0002471399909648148  0.0001443826232691079  0.0007386270545929753
                  35000   0.003849486083598837  0.0002165208921790748  0.0002640568637765841  0.0001416855026359593    0.06031385237039379
                  35000     0.0029768293019204  0.0003363870631511842  0.0002472858441826591  0.0001441954856006414  0.0007756580108552449
                  35000   0.005970526132909916   0.000280231124224835  0.0002418861139945177  0.0001401297246348341      11.74675899308011
                  35000   0.008217978723229359  0.0006846481114573983  0.0002469477597425694  0.0001426155934563209    0.01129373694947394
                  35000   0.006183362571795963 -0.0004480133489255263  0.0002510165373361116  0.0001347758943163396      11.28184703867819
                  35000   0.004838168243427495  0.0008191024233305596  0.0002466219724558163  0.0001414533570073652  0.0003843131921270313
                  35000     0.0045807831187775   0.000636132562673128   0.000231039609626053  0.0001385639643732833    0.01039811556154183
                  35000   0.007503721846746624  0.0003546830408511396  0.0002506752482321796  0.0001336063293441361      9.440174089659987
                  35000   0.009989494329698527   0.000129029822010223  0.0002366934262134339  0.0001378312707481156   0.001460306457278439
                  35000   0.005525824870921768   0.001012260469616335    0.00025098997059136  0.0001290489469996996   0.002817540460381653
                  35000   0.003905551705208666 -0.0003821654707603416  0.0002392083172618153  0.0001343596671057349      1.704129909534563
                  35000   0.006426818592450269 -0.0002747876949168593  0.0002444378768099368  0.0001404186886058124      63.70161723021172
                  35000   0.005157141841454268  0.0005194767358885632  0.0002480539659620638  0.0001485530986274051     0.2056953698037523
                  35000   0.007002683179561788  0.0005443393115165512  0.0002451652700152627  0.0001318512852494495      1.500524244692378
                  35000   0.005087312017593233 -0.0006041622124565126  0.0002671524199698704  0.0001295409258913751      1.186840411181004
                  35000    0.00689171658805877 -0.0002904533872218228  0.0002465574497000949  0.0001343439841541278      23.18647172979796
                  35000   0.002820439154908735   0.000550552399719003  0.0002458629992314304  0.0001394729758009499  0.0002642569227785039
                  35000   0.007490848723785136  0.0008713497081513492  0.0002505964510760171  0.0001337750365922267    0.01219979619553435
                  35000   0.007242452608061844 -0.0002727083607832473  0.0002415761147227262  0.0001345431302406743      6.060655069067411
                  35000   0.006902964740747621  0.0009502781818616834  0.0002479382921089717  0.0001352379073213581    0.01121148341523038
                  35000   0.007701041507321787 -0.0002846762272340448  0.0002358752764144838  0.0001320653392649568       3.07317784166259
                  35000   0.008439424320476192   -0.00113047193722149  0.0002450634050485193   0.000137545400877256  4.598223527634202e-07
                  35000   0.007094813806782454   0.001561150244269433  0.0002449599589495807  0.0001374950289306676   1.09509921001567e-06
                  35000   0.006515161120471952   0.001063938533015944  0.0002467625507425177  0.0001283233677665783   0.004942105408887875
                  35000   0.008972277954533977  0.0003665840442472845  0.0002635832441512509  0.0001353046432293866    0.03696195940556726
                  35000   0.005412434424470829   0.001618647148982748  0.0002449586387682442  0.0001368777419690081  4.113883235362342e-06
                  35000   0.004560171772499294  0.0003226389396663514  0.0002431326322182072  0.0001350768306993339     0.3140173323470347
                  35000   0.009020954888408853   0.000528607874502888  0.0002537414417297194  0.0001322346167211727    0.02305539954697217
                  35000   0.005197377093895348 -0.0003516640394746713  0.0002499460120819972  0.0001401774870862117      15.89523218050592
                  35000    0.00854345008002861 -0.0003019178815578266  0.0002449231725642959  0.0001364274619271538    0.02189625174834672
                  35000   0.006596658155535337  0.0004516719595637122  0.0002606391835754864  0.0001321941257350176       8.29175629139155
                  35000   0.008142418683188702 -0.0001761176957605823  0.0002595454769466832  0.0001354585691556974      1.250272490444237
                  35000    0.01066644868133197  0.0007000452061597939  0.0002450331376369225  0.0001348037588086862  2.403067060812296e-06
                  35000   0.002574624833950506  0.0004215510983563416  0.0002584829627168934  0.0001411366374071556    0.00113375294936885
                  35000   0.007109874473943201  0.0003268270188695745  0.0002482902131200932  0.0001317763168065842      17.03409905055118
                  35000   0.002105659176498885  0.0002791186463750466  0.0002443484982395739  0.0001386282658423726   0.001073154020436851
                  35000   0.004070378361412491 -0.0006240536737871965  0.0002447260017782952  0.0001340478476116547    0.03714813032855618
                  35000    0.01108753777411036 -8.911474650142677e-05  0.0002447521651901275  0.0001339560891057976  3.803449060442938e-06
                  35000     0.0079541423625774 -0.0008155297840956686  0.0002447490200404378  0.0001337305060134762  0.0008829612539416038
                  35000   0.003278817457903617 -0.0005747729013146509  0.0002361559309348875  0.0001439898454760189    0.02444004983500868
                  35000   0.004465752486782823   0.001448222244287179   0.000244614165995655  0.0001335725304009315  1.543262303296727e-05
                  35000   0.005789045218152039  0.0007493558689480924  0.0002613702479192916  0.0001308075244896426    0.05316422472196046
                  35000   0.007668838845912268   0.001773336922311534  0.0002446645825261581  0.0001335722025360268  6.070287867521595e-07
                  35000   0.005713932494710288  0.0004330562490132987  0.0002495392593057633   0.000132899860472334      2.053887244517969
                  35000   0.009208067363783609  -0.001047873153008382   0.000248784824839487   0.000124051399151084  2.347124927371996e-06
                  35000     0.0100347268332166  0.0004547912187984095   0.000236063990531686  0.0001344511952641363   0.001471979911920959
                  35000   0.007573643407814339 -0.0005239069662393588  0.0002445319545407051  0.0001326880829524136      0.164341166511775
                  35000   0.005487672198437683   0.001175484731671802   0.000244358034463691  0.0001324879246088265  0.0003521962765894128
                  35000   0.006810848257212959  0.0006787684997251601  0.0002451346189635154  0.0001359196446915601     0.2497394663493494
                  35000    0.00845377866743182  0.0005931515880521966  0.0002391194718947159  0.0001424343433984118     0.1026649568930277
                  35000   0.009204946775607778 -0.0003226159697625164  0.0002441048683748182  0.0001316990344431807   0.002152795334311409
                  35000   0.005740865123718047   0.001749395512008266  0.0002441780573613731  0.0001312939389322207  6.544287637796398e-06
                  35000    0.00889247311289443   0.001528949121227416  0.0002442192209059272   0.000131289695305484  5.122608056541027e-07
                  35000   0.005567737785299199  0.0002950330208649199  0.0002442318237082417  0.0001310556029253354     0.8915849611034258
                  35000   0.005347641894668695  0.0007616089532869391  0.0002442520652371198  0.0001307754705240688      0.011225218361489
                  35000    0.01101498727114927   0.000467382435495899  0.0002443241716531042   0.000130766251820634  6.201981299046573e-06
                  35000   0.004615329557487682   0.001245565020697875  0.0002442932154130219  0.0001306326100466922  6.929342897197822e-05
                  35000   0.002365693542953109  0.0009427788266060036  0.0002443022960420434  0.0001300759439995199  5.514065806245849e-05
                  35000   0.003520929241967928  0.0004795965208528776  0.0002462753937644937   0.000129361669352142    0.00640548134001075
                  35000   0.008227755595667309  0.0009819120778871927  0.0002445057104051124  0.0001299132232526522   0.001865085768458801
                  35000   0.001720907280988028  0.0002742794111563955  0.0002442831117069183  0.0001295436084330317  0.0001232124404717835
                  35000   0.004864286143851096 -0.0004223121419680627  0.0002408002321277202  0.0001270143344298918      8.827153149066998
                  35000  -0.001119451211012956  -0.001555786081463879  0.0002452181318229072  0.0001290576643196464     0.1509234050971412
                  35000  -0.002916229860119441   0.001290000894323982  0.0002417358269178479  0.0001336762056730496      66.99051957697569
                  35000  -0.002264586514965389  0.0004527126146876016  0.0002704819550743931  0.0001377571742942491      228.6834646744918
                  35000 -0.0005690106115532621   0.001721656101114072  0.0002510079691734505  0.0001344658763955694      210.9816471359639
                  35000   -0.00405970068243242   0.002997199283247642  0.0002464669383113091  0.0001285013625137077  7.497134555369635e-07
                  35000  -0.003576610406348906   0.002506448617748703  0.0002306910802081179  0.0001302127255995525   0.003426435127375635
                  35000   0.003514295612495447   0.001762016847279197  0.0002463279340001592  0.0001288242747237346  4.893222373077635e-05
                  35000  0.0002312433626879622   0.001674723033959424  0.0002351749532488549  0.0001417040805576428      18.23685350440465
                  35000  -0.003648307634363824  0.0009891765068035544  0.0002503281514027441  0.0001296617281609768      4.018986912272727
                  35000 -6.773803903287643e-05   0.001539486675528017  0.0002358479971830685  0.0001390636307934152      36.83730706541908
                  35000   -0.00429402469713405  0.0007218091522994323  0.0002427026387511166  0.0001306895904329504     0.2135283393478674
                  35000   0.002253122461064498   0.001632713323412743  0.0002381856465929902  0.0001352147238768432   0.008927843346611529
                  35000  -0.002237166852753969 -0.0009583086169510827  0.0002513024884847036  0.0001273851933293583      28.21569333565846
                  35000 -3.842902797976976e-05 -0.0002517408339753406  0.0002407747433328048   0.000128592298605627     0.2407961773613682
                  35000   0.001692510415798729 -0.0007907988913751092  0.0002556690232418611  0.0001305469580737706    0.03044023147073713
                  35000  -0.003672168416621939   0.001125111091198815  0.0002424206522407397  0.0001302081339875557      2.997307433637787
                  35000  -0.003749233165484965  0.0005430311248012193  0.0002333633143756147  0.0001337468722457723      6.754002448055457
                  35000   -0.00365799414339304   0.002925943721191977  0.0002395048888251619  0.0001290736032828401  3.491020995699403e-05
                  35000  -0.003419757690713443   0.002724996402865162  0.0002395171079716498  0.0001290469997814069  0.0003417418339349054
                  35000   0.002519618878265984   0.002243631973174603  0.0002569127052299831  0.0001283633625193537   0.003928047490744938
                  35000 -6.037782094329093e-05 -8.795443134325788e-05  0.0002475881287930102  0.0001297724113714562     0.1818652617996079
                  35000  -0.004310712207167392   0.001434829576054258  0.0002392950660199695  0.0001292692066820495    0.07038822122874754
                  35000 -0.0003913200524350635 -0.0001250603627124244  0.0002375567196329875   0.000138903921122439      1.725091528882244
                  35000  0.0004153788645458369 -0.0009797624892888541  0.0002304065943172176  0.0001422117141494765       2.88530469463432
                  35000  -0.003154804780376995   0.002494870233584271  0.0002319938882687988  0.0001304900167038477    0.01615931607126088
                  35000   0.001759052073495327 -0.0005949866878884816   0.000232122667834664  0.0001260578958469184    0.02528594150383345
                  35000 -0.0006102538337525063 -0.0007574636126624202  0.0002416217041694101  0.0001385567024543936      188.8288507987276
                  35000  -0.001987598018689357   0.000180402413374437  0.0002350249305146736  0.0001370903124484169      70.12254595913646
                  35000 -0.0004409887064156471   0.002532905987382544  0.0002359378698877869  0.0001294262442743264     0.7866186636486745
                  35000  -0.002770361144684258    0.00262083768710546  0.0002356401448942619   0.000129374100986702    0.01927673258700862
                  35000  -0.001346342802855738  0.0005284012225696875  0.0002397273242625505  0.0001421775313248935      15.69638285534943
                  35000  -0.001276218462012615   0.001960293482122041  0.0002376521877778725  0.0001350685784574806      63.39735904958455
                  35000  -0.003022821312379219   0.002268076262229879  0.0002328755402771303  0.0001400903170354136     0.1479179792422837
                  35000   0.001268294969350994 -0.0004023393586220822   0.000237000972987863  0.0001387186422177705    0.06404156687868634
                  35000 -0.0009989764430136793   0.002970781821248754  0.0002322234934139597  0.0001297271171891226   0.007494428215973081
                  35000  -0.003326866291229541   0.000918662363120901   0.000230409939837019  0.0001291615841057621      12.37654038649148
                  35000   0.001170437309388062  -0.001451224417070228  0.0002306011996020564   0.000129242279694374   0.001123235376073141
                  35000  -0.001179920093799871   0.001609335651547852  0.0002320126795315491   0.000143306088181262      237.9327205907896
                  35000 -0.0009657160671498279   0.002253471952090863  0.0002277066891031551  0.0001297644551211294      18.24421774573583
                  35000   -0.00347980962143943   0.001514182300580192  0.0002271687058356502  0.0001356180290045441      5.203088592851377
                  35000 -0.0001079524433841517  0.0006802297883251957  0.0002293443464489182  0.0001354064017078357     0.1598480129975566
                  35000  -0.004972731881520219   0.001710227142543309   0.000226923440431867  0.0001282942922349704  0.0004198849521105863
                  35000  0.0007230570541089903   0.003560405695219858  0.0002268164912852896  0.0001285747457942989  7.974448760744568e-07
                  35000  -0.002574553777369142  -0.000342782759518137  0.0002384216249743685  0.0001305173185743656      95.27053954305701
                  35000  0.0002205474176806752  -0.000496111407887243  0.0002379499387512066  0.0001275639531391188      1.091337915786009
                  35000   0.002725386618344942   0.001903716669084996  0.0002370494791734074  0.0001292439819094201   0.001215500609134455
                  35000  -0.001109084471340964   0.002720700876618005  0.0002250635616635699   0.000128206697582111      0.116205990987031
                  35000   0.001049478278299925   0.001669486212411445  0.0002571392912993947  0.0001288921277953247       2.52083245655894
                  35000   0.002020135327137284   0.001355738022438614   0.000224704338104048  0.0001281552304984735   0.003497006711718701
                  35000  7.506904873625269e-05  -0.001623847027383653  0.0002244707676062325  0.0001281865819313715    0.01387232554394446
                  35000 -0.0007580791035980027  -0.001165713108706974  0.0002353644218744941  0.0001255148326813399      16.28408626929469
                  35000  0.0009334844889975932   0.002213459140332475   0.000227143817363263  0.0001409299192322454      1.824177302785376
                  35000  -0.001770309079618746  -0.001003111822161694  0.0002467739891530879  0.0001339587201062931      243.7055295380892
                  35000   0.001161934672262304   0.002256799242796062  0.0002264011683612511  0.0001244221080177412      0.572048351477374
                  35000   0.001460208015430578  -0.001129348102014654  0.0002211075456044991  0.0001280459115751313   0.003011149250671835
                  35000   0.002688639982394001   0.002774999329423095  0.0002200542099860957  0.0001274684656520605  5.000935565312453e-05
                  35000   0.001370552913522706 -0.0001799161538829199  0.0002284231324325445  0.0001307553077280686    0.01841225477449477
                  35000  0.0008544112772624038  -0.001324939812161783  0.0002200448537108671  0.0001277000400475049    0.01356265796491871
                  35000    0.00207940321591954 -0.0005162251241253764  0.0002277222460973191  0.0001240185473203725   0.008929147180208742
                  35000   0.001544749000445064  -0.001732203010957911   0.000219792658788562  0.0001278173782583356  8.081111152559236e-05
                  35000  -0.004432015348877961   0.001746747046273969  0.0002197347252532981  0.0001278993764038224    0.01730364690757154
                  35000  -0.003145249954204558   0.002105174350018136  0.0002195651257911554  0.0001278688652669872     0.1880997206479506
                  35000  -0.004384295740585608   0.002647991124012926  0.0002195607842832215  0.0001278846725878096  8.516103885943008e-05
                  35000 -0.0002576527939486124   0.002392905329767195  0.0002185370743270137  0.0001300789590583625      3.389774767371835
                  35000   0.002375585117615175   0.002075167155920819  0.0002371860222257235   0.000134249362634223    0.01070266979958173
                  35000   0.002838604251382203   0.001303335115965799   0.000218584591116881  0.0001278555771626394  0.0001155783514996508
                  35000   -0.00342874880188089 -0.0001228213812139029  0.0002231327040101241  0.0001345509479783148      2.608684382873219
                  35000  -0.003022706713891294 -0.0004683695496316037  0.0002218273977925034  0.0001382443570801411      2.929988885580989
                  35000  -0.002394852768837791  0.0009287871376544986  0.0002349702717832326  0.0001302788392689862       117.406761234058
                  35000  -0.001799150348825925  0.0007534653647457693  0.0002319540724056321  0.0001319945209276646      32.13292727770819
                  35000   0.003567217653598096   0.002462177948548521   0.000217386271169567  0.0001275984059961719  4.570141530131382e-05
                  35000  -0.002891671064769598  0.0006823296005287044  0.0002278054675452203  0.0001278549807868575      61.21312816160739
                  35000 -0.0001653703727115053  -0.001177679825426942  0.0002328748075720602  0.0001379971208173557      7.923801302381385
                  35000   0.001834951213630088   0.002071814576468598  0.0002424870157419393  0.0001248246028428023    0.09881435846135833
                  35000 -0.0003282757479092043 -0.0004250351308913312  0.0002282481700734297  0.0001439733688532667      7.690154771308968
                  35000  7.063769115478112e-05   0.000218272842348404  0.0002302678199815616  0.0001281909500399898     0.0379920981292563
                  35000  -0.001007110358767182 -0.0002393505590312661  0.0002208484883964665  0.0001298719830958295      16.80364610576045
                  35000  -0.002699899166021004   0.001497302951936857  0.0002332034400937178   0.000131802052067443      48.94349620092154
                  35000  -0.003323272692289513  0.0001468141307017296  0.0002152457805963777  0.0001273645139678073      2.568652932170279
                  35000  -0.003977948388191696   0.002528361678995261  0.0002146516163872627  0.0001271836440089198  0.0006719238672539206
                  35000 -0.0002215872378218529  -0.001907493562518093  0.0002146960965336063  0.0001272511424800304   0.004580433431722322
                  35000   0.001463787730959692  -0.001946990458141947   0.000214528940881208  0.0001274049234182465  2.826137157591309e-05
                  35000  -0.001330051931341608  -0.000311013193160729  0.0002359440346089526  0.0001319184318983414      124.4052381121168
                  35000   0.001007545191118359 -0.0005279999058275646  0.0002178405231335575  0.0001269994413492026     0.1435421189357136
                  35000  -0.002781456368473358 -0.0006450523528317741  0.0002132257561069064  0.0001275025387805354      2.579620348734628
                  35000 -0.0004143992481346309   0.000386443392181898  0.0002200747435982862  0.0001254439021567184     0.2144452230837379
                  35000  -0.001503266861780184   0.002665152967228408  0.0002128152222003826  0.0001275083518242418     0.1289831136974714
                  35000  -0.003547050332924713  0.0002922056656351386  0.0002211825481417237  0.0001320795133591893      2.719913033245803
                  35000 -0.0006872414921800846  0.0004394997971029022  0.0002124207997299698  0.0001274394305825027     0.2903341360202362
                  35000   0.008016997050146307   0.001317690741631528  0.0002145562787574137  0.0001274233666784208  9.112349096882248e-05
                  35000   0.004074773373987065  0.0004860678288395291  0.0002416399313763374   0.000125626202611638    0.01846278435251395
                  35000   0.007712718929302098   -0.00010397603247194  0.0002413914049148019  0.0001236417041862529      2.901824212367763
                  35000   0.005467471929675948 -0.0008310708705962423  0.0002155614287221682  0.0001273801191273312     0.0153387420311855
                  35000   0.006267097330542432   0.001242973028298776  0.0002171975148650843  0.0001327318055606145  0.0008785921401402035
                  35000   0.008403878064465546 -0.0005358229550468181  0.0002159603854243069  0.0001267920545029265   0.006753397159560971
                  35000  -0.002539640919616229   0.002044984422367454  0.0002184433855989448  0.0001257622339633185      2.107784177929908
                  35000 -0.0001251002424592393  0.0003226991750579514  0.0002182432464438364  0.0001257793359447478    0.04050172537308949
                  35000  -0.002048709563121165  0.0003271410189989142  0.0002377294709984157  0.0001275841061315885      25.04741090053561
                  35000   0.002939831452020029   0.001749779680410441  0.0002181735286407183  0.0001257358412106739   0.000472505044373613
                  35000    0.01043415725244009  0.0009119422873956961  0.0002192884668721337  0.0001257617427215553  2.495308007057007e-06
                  35000   0.004077944284369089   4.76454120389326e-05  0.0002446293455354676  0.0001253504956621621     0.4663504415841419
                  35000   0.008267977160631705 -0.0004028132510037279  0.0002255984979017556  0.0001298480372062807     0.1002837096872206
                  35000   0.007983522788358097   0.000555168476304196  0.0002332484779365114  0.0001277160406764286     0.3132139200799628
                  35000   0.006883311322926879  -0.000971314477523604  0.0002218952153252177  0.0001253195873072764   0.001177290371943825
                  35000   0.002674010337988404 -0.0002059885406780273  0.0002219033608804738  0.0001253176646785277   0.006559493723553986
                  35000   0.003512935385643499   0.001336120981377275  0.0002220261811173866  0.0001250052574361981  1.955496816025361e-05
                  35000   0.005016779266383597  0.0009370221107246998  0.0002248165007721706  0.0001263129920840302   0.003033894245622743
                  35000   0.007069489371065896   0.001175161874065765  0.0002220642507821326   0.000124992680027118   0.001146471652610066
                  35000   0.007650202903639192  0.0005151609713886858  0.0002246990004479113  0.0001258353769228922     0.8004585939922081
                  35000   0.005806824316369764  0.0005967297511756484  0.0002220196847706036  0.0001246690410081331     0.1198898145229193
                  35000   0.009173183153996513 -0.0001743106085794466  0.0002220062722726779   0.000124641271766288   0.005096803974709955
                  35000   0.002906052116935386 -0.0004879218708448993  0.0002220238429763291  0.0001246137663235476     0.0144053082353142
                  35000   0.009655275321672941  0.0005599297101256401  0.0002258877609242531  0.0001281902636076051   0.003625534223283469
                  35000   0.008951499341073898 -0.0001875376169727207  0.0002255244599540213  0.0001365062471714989    0.05439958008184469
                  35000   0.002858457994171252  0.0007863934620658767  0.0002220470604056797  0.0001242660266021059  0.0001054393776723621
                  35000   0.007618596219607605  0.0007126490341554665  0.0002379303119192322  0.0001244576336465323     0.1908800289568077
                  35000   0.003978156903465951   0.001008536475073953  0.0002359809001241767  0.0001260979734942491   0.001021070303684081
                  35000   0.003489226929700911 -0.0006868574643276239  0.0002261799652887527  0.0001240412099591137   0.009002953444818317
                  35000   0.002180765577273414   0.002273266706677508  0.0002305188177049982  0.0001225815145659371   0.009983523892981376
                  35000  0.0006826893797847125  0.0007565306486421292  0.0002377950748660135  0.0001233663503164499    0.01721961240130159
                  35000    0.00110283671938166 -5.563032934724106e-05  0.0002277753344667541  0.0001241247565416453   0.008268725392456664
                  35000 -0.0009461390753982907   0.001171723342254774   0.000227577222944423  0.0001240836964372989      7.470100746813828
                  35000  -0.001600417117459733   0.002520074593533705  0.0002274498621233914  0.0001240478893928648     0.4714769840036551
                  35000  -0.002871384442786957   0.002059419027002129  0.0002321438096718266   0.000127683114263707      1.180584990048718
                  35000    0.00303825055406069   0.000483997066966702  0.0002266912044833925  0.0001240990228791115  0.0007765919557174182
                  35000    0.01028905650623893  0.0007535348016137485  0.0002293375193397767  0.0001235430200256664  2.879412701887828e-05
                  35000   0.004111442511910022   0.001394559927921694  0.0002292940882474649  0.0001233948186604644  2.845799499565845e-05
                  35000   0.004406423726211502 -0.0005521840633084582  0.0002311310956461551  0.0001258249353061747     0.3666089559026697
                  35000   0.003786537959921885   0.001213326587597019  0.0002291292825964658  0.0001229357421138062  6.455465749593364e-05
                  35000   0.006209299334001397   0.000717631687692715  0.0002306971017339813  0.0001223494632595398     0.1311658318058012
                  35000   0.004996874308797888   0.001225257637257126  0.0002291477836503971  0.0001227761969356671  0.0003643093254885548
                  35000   0.005508172228929951   0.002050118885758785   0.000229129590883514  0.0001224658863862868  1.510710669451233e-06
                  35000    0.01123109219976511  6.505160836811413e-05   0.000229157884684469  0.0001224332128078624  5.319256922763486e-06
                  35000    0.00460468384331439  6.831151286496252e-05   0.000229078665935316  0.0001223138178404123     0.4174064979766775
                  35000   0.007403540004752561 -0.0008122732617484843  0.0002290025327691561   0.000121924703384115   0.004838896314018091
                  35000   0.008635175121942999  3.047978816570794e-05  0.0002323560896452031  0.0001215716611255118     0.3248559726049315
                  35000     0.0102485447632486  0.0005733049003642506  0.0002288927276282393  0.0001217504539713842  0.0002237226210761267
                  35000   0.002276415395257178  7.550115991166325e-05  0.0002438766440053027  0.0001233690829221321    0.00266337726682919
                  35000   0.004196950668575092  -0.001173952977058323  0.0002288999080384775  0.0001216904642174391  2.153294629471896e-05
                  35000    0.00526699808673489  0.0001695760559306268  0.0002299222475394909  0.0001239455703339116       2.90808160941605
                  35000   0.003065897384382354 -9.931269804072846e-05  0.0002366700204596991  0.0001210790021911469    0.05705986175121038
                  35000   0.002800927550493239  0.0002201599744328289  0.0002288818103079257  0.0001214215535788943   0.001884194759046275
                  35000    0.01001273209277371  0.0009491640052786727   0.000228879485511851  0.0001213622568649456  2.067167222791314e-05
                  35000   0.009751226720878853  0.0002425075794400393  0.0002289291728536605   0.000121337847093623   0.002558394209188981
                  35000   0.004617059647838795  0.0009860258127258421  0.0002288390408905145   0.000121129735989301  0.0006808213037214202
                  35000  0.0006408963645838249   0.001501076509722484  0.0002303989174751058  0.0001210473887557542     0.6715104936798687
                  35000 -0.0007428228870842995  0.0002944472829491053  0.0002296507569382247  0.0001210640570592903     0.3820927000289693
                  35000   -0.00266896552034506  0.0003624931514085985   0.000237283113654797  0.0001281949420920621      21.37085928070078
                  35000  0.0006416502334510117   0.001796144938710403  0.0002291938405737003  0.0001210580962685508        2.0372506927537
                  35000   -0.00128729513139912  -0.001139191612120698  0.0002288288710884809  0.0001211353154358613      17.73141564878479
                  35000  -0.001596818727638646   0.002372800088732716  0.0002285117565781825  0.0001212092328231905      1.421789937586012
                  35000  -0.002035389007518285   0.001232898496365914  0.0002281829915710133  0.0001211758014429807      26.53979437634972
                  35000  -0.004507992099528009   0.001331727201927883  0.0002275504145566919  0.0001209435016252668    0.01708436769839511
                  35000  -0.006134496402422267   0.001679078658415818  0.0002267482131310406  0.0001210830939776869  6.449367836728378e-07
                  35000  -0.005881598026639478   0.001997079118495978  0.0002267052752465102  0.0001210601430577161  1.011982109617031e-05
                  35000 -9.931950600695337e-05  0.0004739839116886028  0.0002266475657367205  0.0001210861273564803    0.04615910182445769
                  35000 -0.0005431200417497751  0.0001791726950846315  0.0002264429185764022  0.0001210943017837972     0.2182267018560021
                  35000    0.00136139390920279 -0.0006766160363826438  0.0002406881755373707  0.0001239852353474621    0.07176253002739776
                  35000  -0.005971855761511618   0.001411111890121228  0.0002262743828975721  0.0001210828696351279  1.748824099795915e-06
                  35000   -0.00132763341805728   0.003075356270919225  0.0002261868168175135  0.0001211360240729523   0.001469366227611184
                  35000 -7.132943361238829e-05   0.001330591776440246  0.0002260527636962609  0.0001211261753565267      2.384992394861426
                  35000  -0.003605451025900274  0.0004193768152856263  0.0002260383015865539  0.0001211270415446561       1.46136938872786
                  35000   0.003277709493910493  0.0002984755193947298  0.0002288025490419411  0.0001208854602437032   0.004159417387891886
                  35000   0.002469857227634407   0.001152124630001906  0.0002288583981602953   0.000120768304589501  0.0001712533619812866
                  35000    0.01071816976003078 -0.0003123198553457368  0.0002288655061943592  0.0001207572848355384  4.719659799351247e-06
                  35000   0.007106458923191081  0.0007339987464744347  0.0002288328236116725  0.0001206701305770334    0.08388917249632039
                  35000   0.007241803630258243  -0.000446583374759219  0.0002288024782951747  0.0001205378846816576     0.5882788394260521
                  35000   0.006491030124676249 -0.0009801157885401951  0.0002287702768625792  0.0001204985918019991   0.001618032191866149
                  35000     0.0091157801702183  -2.48545928748634e-06  0.0002287346154559343  0.0001204263274576835    0.02373756150906074
                  35000  -0.002079406201360743  -0.001441246873179023  0.0002296257826881778  0.0001200695818643321     0.1401174989248155
                  35000  -0.001558147077618275 -0.0004338530057353473  0.0002292750624465891  0.0001200706321667684       33.9523491098699
                  35000   -0.00371706263466698   0.001987583025669543  0.0002286569621077536  0.0001201190288378441    0.09164498081555172
                  35000   0.004387647384693212   0.002151218884693419   0.000228610094502307  0.0001201189356318874  7.257677247176685e-07
                  35000  -0.002758648080833273   0.002303000547959414  0.0002286281706048296  0.0001201255870144081     0.1703514528239284
                  35000    0.00101307904517052 -0.0009102390813703178  0.0002285294678377368  0.0001201528822969818    0.06849604577257383
                  35000  -0.005460161985081457   0.001617218828861264  0.0002277917163926839  0.0001202411843388043  7.394228548287274e-05
                  35000  0.0002213922687633698  0.0001047719072231366  0.0002277629020686307  0.0001202237002490129    0.01945869116654887
                  35000   0.002168632725725385 -0.0007225003520410421  0.0002276837340110342  0.0001202306290789965   0.002812064131916554
                  35000 -0.0005171684665933139   0.003094395077021608  0.0002276845796966775  0.0001202394965352829    0.00053259521990823
                  35000   0.001232527109473115  0.0003470183659137308  0.0002276579493672491  0.0001202578836263243  0.0004069019446953139
