#! FIELDS time deep27.node-0 deep27.node-1 sigma_deep27.node-0 sigma_deep27.node-1 height
#! SET action OPES_METAD_state
#! SET biasfactor       12.02723625380408
#! SET epsilon   2.008904905162975e-06
#! SET kernel_cutoff       5.122093479753262
#! SET compression_threshold                       1
#! SET zed     0.01835520177233858
#! SET sum_weights       1145.022381210663
#! SET sum_weights2       7858.548158891486
#! SET counter  992
#! SET adaptive_counter  500000
#! SET sigma0_deep27.node-0     0.07445997459753387
#! SET av_cv_deep27.node-0      0.3697611762928636
#! SET av_M2_deep27.node-0       77312.25448941944
#! SET sigma0_deep27.node-1     0.08001006716952358
#! SET av_cv_deep27.node-1      0.1126533157300313
#! SET av_M2_deep27.node-1       106515.7870253577
                  29000     0.3503130560043169     0.8468798613039317    0.05383623435474934    0.06692185766858581      328.4099073407545
                  29000     0.4034390906196182   -0.09573620996298421    0.05664069783314816    0.07102925463611827      18.15288362314572
                  29000     0.4276973972913609     0.6848100334831903    0.05898739233670547    0.07437530865829996      66.81144191058152
                  29000     0.1491397300840409     0.6552714358617759    0.05876585686984599    0.07115807482481158      44.86732519045421
                  29000    -0.2414088011747893     0.2672116476904497    0.05314534996238492    0.06974108502233593     0.7685380922869004
                  29000     0.6380709674507372    -0.3776104709314867     0.0532319654842936    0.07051955418952695      27.91980249566669
                  29000     0.4385010507144302     0.2799306683260168    0.05463264501990255    0.07682594917469218      9.769403978644871
                  29000     0.7969896956781477    -0.4346422258227834    0.05830583335655364      0.086174591757382      4.657139173386101
                  29000     0.5744121046372516    -0.6171399638331501    0.05646627315677355    0.06803735076363739      75.10403520044709
                  29000     0.1584394024937866    -0.6881442364927207    0.04859012557657803     0.0686749884837243    0.01216304111275854
                  29000     0.5078063607215881    -0.9166286587715149    0.07766416349449641     0.1403842467546138   0.001683319880184219
                  29000     0.1739627111610209    -0.1745723069452326    0.05663657306421545     0.0718397654675058    0.04299507949421459
                  29000    -0.1010106605332797    -0.9330555867391387    0.05454228949296859    0.06317333774595289  0.0001988865325340874
                  29000    -0.3616517076785356     0.4079728314191688    0.05406936211631734    0.07283911989604248     0.5136004527025111
                  29000    -0.2540628202321942     0.4058096670750305    0.05859419751669664    0.07911618181444566      2.630976069659277
                  29000    -0.7316905350987527    -0.6070364379299353    0.05461503321563305    0.08225316749301285   0.001865621975687942
                  29000     -0.650628965817232   -0.02656151410389029    0.06510293172245167    0.08353683846935529   0.009442006172474584
                  29000     -0.488276452632798     0.0297960456942896    0.05256246842358309     0.0773415314481265    0.03826636107378228
                  29000     0.2478372080599698     0.7442418531289782    0.05305174716588401    0.07587618417042917      241.5432165069958
                  29000     0.5294223789701199  -0.007112365882589461    0.05747379338646993    0.07842934725484416      13.89370608525909
                  29000     0.1903426019616904    -0.8770202716150354    0.04984522186391239    0.05983542741363973   0.002266053682689976
                  29000    -0.1399478234603297    -0.7442342482734721    0.05694770977260671    0.07004924749789021   0.001539905289174733
                  29000     0.6293538949211386    0.06910245478141443    0.06022092623223522    0.07609259180010267      9.061103048982394
                  29000     0.3394648774623526    -0.6255702219543944    0.07032811883171201    0.09000545483175854       0.35208760079039
                  29000    -0.0495754576944424     0.5434549819097063    0.05372237681862276    0.07340205382918122      5.245133704684386
                  29000    -0.6685067923324837    -0.2605525391760304    0.06447715313853547    0.07851112013995312    0.01376332030533808
                  29000    -0.5930085752215858    -0.3510116753161912    0.05854770837729917    0.06740732680478498    0.00676905415651441
                  29000    -0.8042204331859886    0.06999015310916436    0.05406173889575677    0.06733816423632817  0.0001824949271595955
                  29000    -0.1831994822647829   -0.04734790948959944    0.06545405856772653    0.08164713247670158   0.005676466240260808
                  29000     0.4685214438068814     0.1263476753200741    0.05818968254118916    0.06889725230493284       9.93167568291806
                  29000     0.6330378515301069    -0.2090613831926326    0.06403860223831456    0.07490954546363789      24.60930953894502
                  29000     0.5834704721864894    -0.4541703964754578    0.06564732180675396    0.07310543403473499      65.68688784838439
                  29000     0.4772211946680311     0.7791204004443697     0.0624977782839138    0.06860143586063834      17.09577857520727
                  29000     0.7831587071493118    -0.6980710908176708    0.05935380148826135    0.07428346814135976       93.6590468331279
                  29000     0.7164929966455262    -0.7160569148648325    0.05206627515379797    0.06778026168996951      71.66595975086899
                  29000      0.842745304107666     0.5784803628921509    0.07900509062385212    0.09382537722835323  0.0003117476498201533
                  29000     0.2137433603884017    -0.3064888577822041    0.05924442724032553    0.08323677607771396    0.03385318442594702
                  29000     0.7827843900149362     0.4292952858046712    0.04991317987205408    0.06949379912203683     0.1362355934774562
                  29000     0.7391806563221165    -0.6328820351112621    0.05460793999579727    0.06811925850222714      85.08386071987763
                  29000      0.709563344065151    -0.3712484207154145     0.0547202178322982    0.07210625812884357      8.331090047357076
                  29000     0.6220030156783258     0.4371225136785219    0.05251680472223531    0.06832448996411219      4.570210400358286
                  29000     0.5251022725744241     0.6118850136352577    0.05146028309270394    0.06613784428543985      4.734373455116293
                  29000     0.7232002180065638     0.3343182243301435    0.05267067564935541    0.06855033356861685     0.9730821088204206
                  29000     0.8714313355718949     0.4864236052431467    0.05504814785117765    0.07308200048228337    0.00975662762833905
                  29000     0.4785316476133314     0.4615462417228647    0.05162010198258372    0.06445347924632401      4.289654936503012
                  29000    0.07561909281529618    -0.7348601887142536    0.05502148060354793    0.07291429584525129   0.002487863773199721
                  29000     0.4936659886609355    -0.7577280577980413    0.06076633150471636    0.07561844696931333      1.910555109448131
                  29000    -0.4637842253158226    -0.1970769189129166     0.0571509143205065    0.07224271886989812    0.01278255859598329
                  29000    -0.5865602036125471     0.2996951564356548    0.06067410891812844    0.07330692815193073    0.01030164811116991
                  29000     -0.164572173081771     0.3701491311879924    0.05423058194199488    0.07211064614974916      1.313590298716704
                  29000     0.3067826202866636     0.7679661194163473     0.0545986828793991    0.06832800584003604       284.549543732467
                  29000     0.2997231463245484     0.5526900918123372     0.0523689004764863    0.06584808631919498      8.135858748080683
                  29000     0.8924140157464563    -0.5117193736165885    0.05289468685755738    0.07306110856027144      2.058969453609934
                  29000    -0.0297768565639207     0.3326074760108584    0.05670487472965914    0.07318870558581347     0.2433898417663511
                  29000    -0.1396603121643683     0.6053069303525835    0.05127715308458204     0.0634438331698195      1.050614575062984
                  29000    -0.2641458081178729     0.5142507988520642    0.05549059653222039    0.06905367400856464      1.212082357259747
                  29000     0.4341739072240581     0.3940108911234775    0.05401659347707661    0.06416134439486057      5.977834016811697
                  29000     0.6792236453601489      0.168529482842924    0.05250707335226014    0.07352371308257284      8.060370571591346
                  29000     0.3563609232491492     0.3400078712984508    0.05234101129882101      0.071233548985792      4.344180609213306
                  29000     0.6975949032673353     0.7796379919844166    0.05189730484236241    0.06244272718693912    0.06382283928509898
                  29000     0.6306456668243947     0.2657918142741244     0.0519360483628001    0.06559333808628703      4.935686278995632
                  29000      0.495595627630996    -0.2923808036313603    0.05509697132726622    0.07770289136690373      23.48808918974113
                  29000     0.7123726252066732   -0.03314768246489217    0.05889954533870088    0.06731137767507216      5.082574013585727
                  29000     0.3188436718745735     0.2535308832733664    0.05159670839760695    0.07542695871497848      1.178386674390703
                  29000     0.5150952051238422      0.886431771659244    0.05654209944439658    0.07021779030010966       6.10287493360134
                  29000     0.5315901404636807     0.3343512697165296    0.05412103013858863     0.0683875168911884      10.00800550471352
                  29000     0.5646507067272298     0.7372181995766738    0.05257943471412227    0.06190682956008661      6.070176903792304
                  29000     0.4004209174683064      0.568487778957288     0.0526479070831327    0.06440828173594856      36.10351414420219
                  29000     0.6396958414172327    -0.5424090533805606    0.05444522621330282    0.06966248237986791      45.86168044804526
                  29000     0.1116657151301492     -0.243652447575517    0.05297206792865395    0.06621501629037059   0.006816360661178581
                  29000     0.2240579674268686     0.5339038376412952    0.05172479474716756    0.06523025780128951       3.45957522763243
                  29000     0.4516409668166533     0.8579117860105226    0.04944447459559576    0.07038457988996653      38.67534625453732
                  29000     0.1571283100696855   -0.03346705703555354    0.05448760154767695    0.07137816698125264    0.01960777914405612
                  29000     0.9224532842636108    0.01859979704022408    0.04981193227826049    0.07227054921440745  0.0003031300956042282
                  29000     0.4766575732117964    -0.5168840158572667    0.04991423961544401     0.0683899541814031      4.991056302313806
                  29000     0.5660511557851199     0.4727363840169621    0.05237808817610478    0.06717946187918124      1.414397646766347
                  29000     0.4913087938101978     0.5583694637091082    0.05283168588619824    0.06838808523665958      8.531582450901162
                  29000     0.7409971898771807    -0.7853429696435085      0.049565987078435    0.06518548681843388      10.64057611479132
                  29000     0.3741268639249662     -0.203236717158754    0.04863462112129666     0.0693853699827648      1.427055832358551
                  29000     0.7665510177612305     0.6327963471412659    0.04669719590786763    0.07066952812345162   0.006208165707459305
                  29000     0.3661870402798502     0.6585641135248333    0.05173678760461844    0.06435293840422568      52.85563067898606
                  29000     -0.899657130241394    -0.4066974222660065    0.04688163022144894    0.07055702429240938  4.048801761261836e-05
                  29000    -0.8040407564923164    -0.4658461839947472    0.05262044389743192    0.06389114617321198   0.005340512914999306
                  29000    -0.6910890340805054    -0.3488557636737823    0.04793924129002059    0.07058506052949116  0.0006171504324902885
                  29000     -0.328364517200283     0.1591284076461495    0.05101483678661345    0.06978984711648353    0.02129555502691256
                  29000    -0.6653595651647302     0.3087564870358707     0.0533431171836863    0.06447814124581765   0.004040035138876525
                  29000    -0.5011265987659914     0.3982068512148092    0.05314987326783575    0.07517263572761942     0.1135572167892565
                  29000    -0.3844266831874847     0.1468552350997925    0.04857807824813446    0.06913991567293068   0.003722384643063987
                  29000    0.02936543972175887     0.6230366648244631    0.05502169182976021    0.06448585339389196      11.63651729673741
                  29000    -0.4456744085689808    -0.4838496011609174    0.05399208190956513    0.06768846980198961  0.0006268184661661282
                  29000     -0.469408241388215     0.2774438623529947     0.0517262626301894    0.06737401309804113    0.09587313625545679
                  29000    -0.3725727438572821    -0.1635965653138481    0.05247549583842096    0.06206511818140963   0.003535373871961021
                  29000    -0.4849666638761119     0.1442385556225753    0.05568522616119143    0.07115295298710264    0.09492106478263745
                  29000   -0.06030760705471039     0.6623627543449402    0.04793613193840459    0.06808298922958185     0.2283275614555109
                  29000    -0.3285676309569703    -0.1051221024750556    0.05241619638192462    0.06404293155900159   0.006952761348529711
                  29000    -0.1602497279491313     0.5133303628509114    0.05375044560021204    0.06553589815796933      2.005820582508933
                  29000    -0.3559669392884083    -0.7529790938147344    0.04919549273384639    0.06779313153757287  7.368156889761324e-05
                  29000    -0.2650760018447245    -0.5889329352918961    0.05343935039085333    0.06277908922587666   0.000128889535900676
                  29000    0.02423686874704386    -0.8011515360241397    0.05108678296656581    0.07077988115779321   0.003810741026393142
                  29000     0.2809860711361328    0.08606206746039424     0.0503327783331731    0.06221828977939367     0.3041985077243486
                  29000   -0.09336842596530914     0.3773274719715118    0.04864294749209475     0.0686985024256985     0.2216773544584359
                  29000    -0.5971676578282157    0.04049582112742323     0.0527370572604561    0.07723130107456899    0.01197945024346487
                  29000    -0.4382028364217247     0.4740339555763944     0.0490671189878147    0.06712549511364978     0.1198533698907178
                  29000 -0.0006989969286898367  -0.006078270568927874     0.0530093096877468    0.06090658305417936   0.002155838251627344
                  29000     0.4068432954968144    -0.3192061782776505    0.04972389962662164    0.06598219479316257      2.085170606986292
                  29000    -0.6893000545200416    -0.5103026127356487    0.05079298871702356    0.07052386334176849   0.007159040610910314
                  29000    -0.5061550533720677    -0.6960124835422036    0.05075243016196433    0.06414698323911283  7.610335404211008e-05
                  29000    -0.2794930417638342    -0.7350885699664994    0.05296117031233692    0.06069171235332371  0.0001865134817549513
                  29000    -0.2862872121774302    0.09711011954316398    0.05255660878068265    0.06420483686495571    0.04266049053247591
                  29000    -0.8904212117195129    -0.6086218357086182      0.051353480774286    0.06805927947198583  2.987997476938827e-05
                  29000    -0.8352787739799963    -0.6424745239222526    0.04932647213162756    0.05935554810405225  0.0007112835016799119
                  29000    -0.6172987758872994    -0.7172307285837567    0.05262763053533408    0.07016889943785386  0.0001848566941138262
                  29000     -0.422773689031601    -0.7381284236907959       0.05151105798695    0.06796019939707186  2.065769342990896e-05
                  29000   -0.07385696731388387     0.1381908361809546    0.05413121318078872    0.06783708667172018    0.01571862665884405
                  29000    -0.4125800202947077    0.01714132359170463    0.05109833027438989    0.06464364458833789    0.01058251890673333
                  29000    -0.6138179808893216    -0.5037991246183369     0.0527785816395165     0.0633721303875395   0.002695188563648193
                  29000    -0.3299687347017657     0.5085518199913652      0.049463879848473    0.06612962193424334      0.278945635792244
                  29000    -0.6235245785121137    -0.1744488800040523    0.05177930488742256    0.06403989516951508   0.004258390813220174
                  29000    -0.4722066446869421     0.6553125158073703    0.05099800193228079    0.06832193748090701   0.002042519735246286
                  29000     0.1425505131483078    0.09721445292234421    0.05079802216817023    0.06710969624245272   0.002317000693439421
                  29000     -0.534588634967804    -0.5348304510116577    0.05079203348947614     0.0670883646828544  0.0001313525714749316
                  29000    -0.3741241580864195    -0.4473663648262389    0.05385401030861349    0.07135806342199623  0.0005361691440342075
                  29000    -0.9426227807998657    -0.6020257472991943    0.05081403792393075    0.06723190675774728  3.373395840992552e-05
                  29000    -0.5691972970962524    -0.2463243305683136    0.05078096263013612    0.06720692414369067   0.002081314212710438
                  29000    -0.8144813551713871    -0.5529099869499856    0.05352579151463074     0.0638901815843585   0.002108846589023538
                  29000     0.1373191475868225      0.346948504447937    0.05147391266147481    0.06771436022506383    0.03901108982782119
                  29000     0.8518665517577292     0.1202094705376198    0.05168991085129829     0.0616251142896396    0.05484054841980995
                  29000     0.4285217225551605    -0.4253416359424591    0.05155579219709646    0.06636268363193966      1.659234236513191
                  29000    0.06184123083949089     0.1995775401592255    0.05237232999710629    0.06623246615179951   0.004756763655266857
                  29000     0.7487164680971847    -0.1109341856017224    0.05180116253608696    0.06481868540590403      2.028290050923977
                  29000      0.688082951255181     0.6347253800660537    0.05135956421335085    0.06575042392350093      0.130315301847914
                  29000     0.3462373468320296    -0.4119581462947556    0.05185375196301631     0.0609646021144923     0.8507605267759074
                  29000     0.1767414510250092     0.1562875509262085    0.05219130652409346    0.06606001947872613   0.007703128133227521
                  29000     0.4273731818828264    -0.2323815311977709     0.0515492275439588    0.06914323528055405      3.683556583958225
                  29000      0.680595300504666    -0.6481990163500914    0.05100475247934529    0.06092786754479945      43.18720900341294
                  29000     0.3898239135742188     0.2438717186450958    0.05085859318719029    0.06503451604044061      1.126969446757965
                  29000     0.6625283274083053    -0.1104873258312967    0.05118765635853675    0.06437094083544372      5.697576329231049
                  29000  -0.008353702156939475     0.1732588047174243    0.04930053912693327    0.06733158959662308    0.03015904630113145
                  29000    -0.2008379399776459     0.1726778149604797    0.05039060237521464    0.06467277928286985    0.07634234404805598
                  29000    -0.5318984389305115     0.2157788276672363    0.05131408554165252    0.06457935395135182    0.00885290283962677
                  29000     0.8663375973701477     0.0113760232925415    0.05156810422617438    0.06466795467133594    0.04018905818077585
                  29000     0.2004444005861247     0.4335167801333657     0.0534265828080217    0.06432484961417079     0.9226806746932452
                  29000     0.8270892468797004      -0.33644639040446    0.05213383585972792    0.06306279052582865      1.311185975338104
                  29000     0.1098545475596364      0.252519150865077    0.05453911526760417    0.06070600540002977    0.01734191246226312
                  29000    -0.7741947289998399     -0.339772831087247    0.05137164119390296    0.06249544918259616   0.001717839787172211
                  29000      0.545207929321417     0.1774774546246386    0.05141918928675167    0.06642379993050128       13.4323176289373
                  29000     0.1684413850307465     -0.526475191116333    0.05050561852224458     0.0633891463838087   0.007082828449100007
                  29000     0.9056659936904907     0.2820603251457214    0.05010246166822929    0.06323190772878901  0.0005846326501201991
                  29000     0.3908514498182883     0.9261201332833339    0.05018128660359902    0.05980516896164591      25.53163737182164
                  29000     0.2690051198005676    -0.4060242474079132    0.04885726184005848    0.06261646034216303     0.0590118757437577
                  29000     0.6898829268857181    -0.2979023402189453     0.0525910582317782    0.06228694463726125      5.166252363302466
                  29000     0.5859658753510193    -0.0651196872386799    0.04873205267511899    0.06516861424331631       3.45680516294737
                  29000     0.5792907861631453     0.5487043840444537    0.04862107780691415    0.06132331026115787      1.394292465165445
                  29000     0.8808319568634033     0.3960996866226196    0.04815612860883456    0.06242810189292345   0.003885165985094411
                  29000     0.5827283081274083      0.221247434897194    0.05202496956102563    0.06123597336629891      2.195158374288105
                  29000   -0.08823262541837976     0.2792291292728292    0.04916704154621696    0.06196906987626072     0.1485515831677671
                  29000     0.1965110301971436     0.9482057094573975    0.04798209829490623    0.06212035023265453     0.7103040516819088
                  29000    -0.8304567933082581    -0.2653287947177887    0.04846024596978106    0.06204180243988317  0.0004993138735158833
                  29000    -0.3862329638430556    -0.6544220793314328    0.04883846727542931    0.06523998057457282  6.314612951371134e-05
                  29000     0.2231264241914622    -0.4321119480908816    0.04880524425640496    0.06621863104546519    0.05201095857418664
                  29000  -0.003407051553949714     0.7450577616691589    0.04855243704871764    0.06235402664223678     0.3396187274736689
                  29000    -0.1669673284391149    0.08259529512600905    0.04976525089190516    0.06721969207369466    0.03525100944487235
                  29000    -0.8792656786505983   -0.01074253087966972    0.04946834404400382    0.06030339169824509  8.783139667812971e-05
                  29000    -0.6206469535827637     0.3793775737285614    0.04878232821782622    0.06213689994428929   0.003306692524444076
                  29000      0.358446828619698     0.4628332757430654    0.05032198700844092    0.05913958772999508      2.641933006027226
                  29000     0.7071190649123976     -0.487393231441422    0.05168452427229424    0.06043676092611729      10.21348533809429
                  29000    -0.3960832357406616    -0.8793950080871582     0.0493798612877296    0.06236624302987032  1.678164943342786e-05
                  29000      0.265671044588089    -0.1835019886493683    0.04940653656269021    0.06233614561157486    0.08792297098577143
                  29000     0.3735151640154943    0.08442131517702892    0.04901163396697265    0.06169856595853704     0.8376165682280496
                  29000     0.2732784807161533      0.835412223920423    0.05020556090683043    0.06224174290050782      64.42702299379624
                  29000    0.06297490000724792     0.7561099529266357    0.04883027280562771    0.06128035773758134     0.6459690704750987
                  29000     0.2704233465703242     0.1703836452881924    0.04954035979315027    0.06268300536884397     0.2884189580641955
                  29000      0.699306223451911     0.5035043134946766    0.04831564381202016    0.06541677220089352     0.2973210655212225
                  29000     0.5520906059389403    -0.1347591062174984    0.05169327816129005    0.05936645674285201       10.4849229428023
                  29000     0.8205808401107788    -0.2365797311067581    0.04887200076463529    0.06107262567033816     0.1875794279973269
                  29000     0.2823285641459901     0.3685849608263357    0.05049715218052619    0.06497685719002248      2.073961081328254
                  29000     0.8616220951080322   -0.07634308189153671    0.04879960363052788    0.06098971407556269    0.05153594423341794
                  29000     0.8343417048454285    -0.6295586228370667    0.04872680368063843    0.06094427469786562      6.741023846237767
                  29000     0.8691086769104004    -0.6926022171974182    0.04864146910412812    0.06092605274065865      4.827149664390327
                  29000     0.9525410190509002     0.4009575713898776    0.05029744444276685    0.05873469733732404   0.001672716927447226
                  29000     0.3110481381570177   -0.02166898094491416    0.05469443416463889     0.0599083092542528      2.903936183889344
                  29000    -0.7272578477859497     0.1520902961492538    0.04786967952299846    0.05985149024991224  0.0003443860434238796
                  29000     0.7229492134625146     0.5611697906044523    0.05095472602696258    0.05982363372767565     0.2229012365545711
                  29000     0.3492737798906042     0.1588807977995056    0.04954383753661386    0.06320394027360379      0.855090229366242
                  29000    -0.7378124291404671    -0.1841425157433151    0.05444126811832788    0.06012750705325626   0.006241795640470774
                  29000    0.03706525266170502     0.6947675943374634    0.04852540109074158     0.0596775060590295      1.067425174235508
                  29000    -0.1678450405597687    -0.1982145607471466     0.0485318345829698     0.0596568472656069   0.000312051473107839
                  29000    -0.4413478076457977     0.2185509353876114     0.0485216056150076     0.0596109722252065    0.01993781787736286
                  29000   -0.01067493483424187    -0.1080981269478798       0.04845772993887    0.05949895092197401  0.0001810392416922093
                  29000   -0.05003819614648819     0.7794111371040344    0.04844960431036596    0.05946891901391847     0.1091176619491215
                  29000    -0.6330111448693717     0.1716050470608032    0.05445391464183399    0.06014492974374801    0.01189875251883656
                  29000    -0.2700794637203217     0.6835436820983887    0.04824349482191901    0.05929545460018736    0.01855550135726293
                  29000     0.2251306324429206    -0.8202096445190632    0.04997659571915753    0.05944773936065451   0.008149460619142681
                  29000   0.003888719016686082    -0.6659846901893616    0.04820682028088518    0.05941899713397647  0.0003917401417724708
                  29000     0.9762223362922668    -0.3265710771083832    0.04865319292261126    0.05908510832233672    0.01146385039914932
                  29000     0.8895810083960192    -0.6160008036009061    0.05048131464834673    0.06321474560057862      6.735820273480684
                  29000     0.1433443685546101    -0.5993599653570448    0.04951037785547092    0.05855770358423426   0.007802552476148446
                  29000     0.3316681194836514    -0.7526313948255983    0.05183751332149774    0.06055849509557623    0.06754226986141934
                  29000     0.4082891359842107    -0.5137733167070321    0.04896430817232565    0.06180987250824426      1.139518623428879
                  29000     0.9909355044364929     0.5797663927078247    0.04836969991267639    0.05916576337164994  0.0001634030458897917
                  29000   0.004879243973797702    -0.9020509120829576     0.0522392042403068     0.0617891807217725  0.0009865164596347324
                  29000    -0.2907855581058973    -0.9006620671687294    0.05314236010056285    0.06551260223169068  9.410488276694371e-05
                  29000     0.3058521002307156     -0.480999767991217    0.04924654477259151    0.05835569088242223     0.1708663165350615
                  29000     0.8546963334083557    -0.1785808950662613    0.04837327153850823    0.05920897466763926    0.08325887160811085
                  29000     0.7911283136424895      0.150826252434036    0.05270017636834773    0.05986298832473027      0.418773396328514
                  29000     0.2443996975748505     0.6172156962428154    0.04980926025788009    0.05829348052143521      17.15376806667759
                  29000    -0.4515141546726227     -0.595521867275238    0.04850682547314864     0.0591285334543258  5.328774644672802e-05
                  29000    -0.5771218318782153    -0.6225132295208529    0.05390734325175713    0.05971919869670649  0.0006767886750466321
                  29000     0.1864277900603956    -0.7748247597790826    0.05005830339099555    0.05940926187124486    0.01117248468840869
                  29000   -0.05847447638672175    -0.6277401059204045    0.05064599392280434    0.06131514092397788  0.0002416374659364787
                  29000   -0.02909416731977876    -0.7279833194461746    0.05129877655062803    0.05971755140824233  0.0008821554523943764
                  29000     0.6380695315365867    -0.7093140918958785     0.0512274304299592    0.05940643913731367       13.3890036113146
                  29000    0.09854809194803238    -0.1077945306897163    0.04856943352150236     0.0589204842584948   0.003125681319513316
                  29000     0.7025386691093445    0.03988161683082581     0.0485565957796014    0.05887796771055654      1.137675512271781
                  29000     0.1061752066016197     0.1498909890651703    0.04854375102322632    0.05885719030827872    0.00330891307694724
                  29000    -0.3707906004340015     0.2477771160139229    0.05173737398937273    0.05917749880203832     0.1408674449814371
                  29000     0.1577567160129547    -0.3694720864295959    0.04864789696383025    0.05882892481157395   0.007452703125338987
                  29000   -0.09719667583703995     -0.254688560962677    0.04866229987672601    0.05866240788252584  6.911142611006368e-05
                  29000     -0.440324991941452     0.4081659018993378    0.04867868997219645    0.05861514464900756    0.05037924328874943
                  29000     0.1631188988685608     0.7656491994857788    0.04864851602344786    0.05847290733507534      6.833501495149458
                  29000     0.7725972533226013    -0.2025141566991806    0.04863938960772462    0.05846289352853674     0.6520696681716517
                  29000    0.04225098427345421    -0.1767721083969254    0.05031325394203082    0.06276135038076402   0.001598895778864885
                  29000    -0.3656759262084961   -0.04869437962770462    0.04895261485537325    0.05848899985305418   0.002616133138966437
                  29000    -0.4831649363040924    -0.3749428689479828     0.0489427934623783    0.05849488098629647  0.0004845248480650835
                  29000      0.681493878364563    -0.8196156024932861    0.04913684170776151    0.05847964473763383      2.622075220566424
                  29000      0.249750011349903     0.2954079223728668     0.0515601535289418    0.05789176822281247     0.4674873544868722
                  29000   -0.06717278808355331    -0.3056365847587585    0.04935515026125024    0.05831107450510374  4.245236912666953e-05
                  29000     0.2368022352457047    -0.9859538674354553    0.04937134120950917    0.05835112167826181   0.000177957553181306
                  29000    -0.7332265377044678    0.07786085456609726     0.0493840334176085    0.05838936308953985  0.0006999889128458606
                  29000    -0.8356358408927917     -0.412278950214386     0.0494966644009851    0.05841121410134605  0.0006222062348998852
                  29000    -0.6063661575317383    -0.5738828182220459     0.0495090415865139    0.05841719388909844  0.0006227747044107162
                  29000    -0.3708564043045044    -0.5627263188362122    0.04958977930054538     0.0584382104934128  9.736344801167956e-05
                  29000     0.1490022540092468    -0.8261364102363586      0.049491369155898    0.05855160690303567   0.002821920909216409
                  29000     -0.179352656006813    -0.6252998113632202    0.04946493405446296    0.05855182252826718  8.003861350702687e-05
                  29000     0.4418100297242193    -0.7025263285818918     0.0492328933067465    0.06324534023885964      0.735913964913993
                  29000       1.00934362411499     0.3562203645706177    0.04944541366997998    0.05859744400045334  0.0001496490622197149
                  29000      0.211981475353241     0.3516794741153717    0.04936078763291209    0.05853922446288063     0.1743282509777351
                  29000     0.5396204662583914    -0.2108554679990308    0.04990669415217003    0.05812454527940062      5.349257941493132
                  29000     0.6407824754714966     0.7044715881347656    0.04913915981772789    0.05828945499060347     0.2734489070513668
                  29000     0.4141216278076172     0.7874484658241272    0.04881146958615231    0.05809962339851007      17.70232203770591
                  29000     0.2043082714080811    0.09588370472192764    0.04897430755893348    0.05809278214578861    0.01990997540910056
                  29000     0.6418253779411316     0.3522967398166656    0.04885487280591389     0.0580434863813377     0.5053062808044519
                  29000    0.03640589118003845     0.4882638156414032    0.04845605640372515    0.05769363603800785     0.3427893964878546
                  29000     0.5105108022689819     0.2549087405204773    0.04842231767027184    0.05767041131311645      1.587518434153177
                  29000     -0.835344135761261    -0.3363293707370758    0.04830919375246498    0.05758663740685577  0.0004974505192923622
                  29000    -0.1029045507311821     0.4940255880355835    0.04865801023781071    0.05755125139241518     0.4467878112551584
                  29000    -0.4302980005741119     0.3430286645889282    0.04865343550426431    0.05752946117116117    0.04588886145566719
                  29000    -0.1514482200145721     0.7455822229385376    0.04871610975132468    0.05761731087049096    0.02351041436335575
                  29000    -0.6110866069793701    -0.7950549721717834    0.04873813686154389    0.05761395463350951  4.603942601073522e-05
                  29000     0.5275604128837585    -0.3634259402751923    0.04877959460861399    0.05753535313848682      3.943635838682014
                  29000    -0.1060324236750603    -0.8398523926734924    0.04876121342406905    0.05761538503195562  0.0001522693647553607
                  29000     0.2402705401182175    -0.7107515335083008    0.04868634213591336    0.05766984056479219    0.01714938237880171
                  29000    -0.1992725133895874    -0.7926548719406128    0.04860005086343683     0.0576021964570192  0.0001633600110787548
                  29000     0.8789582763428658    -0.4177506985359404     0.0512642347072044    0.05812604471811075     0.7678519699174069
                  29000    0.07922244817018509    -0.4074260294437408     0.0486352812503749    0.05752079192190765  0.0009077567228510293
                  29000    -0.3784907758235931    -0.2413288503885269    0.04873203638118517    0.05760640238907361   0.001172651784664655
                  29000     0.3155731558799744    -0.2170114815235138    0.04871712695449558    0.05767995430491007     0.3187431786486246
                  29000     0.8048655986785889      -0.52953040599823    0.04866958976205761    0.05762786125227397      2.940183726957307
                  29000     0.4667493945805509    0.03717284448078059    0.04971234158403771    0.05919164270854586      2.991730210374146
                  29000     0.5954131484031677     0.6204493641853333    0.04863142328298387    0.05759347578897656      0.599158844781256
                  29000    -0.2676185667514801    -0.3381531834602356    0.04870625716722216     0.0575882983516466  3.246519408634652e-05
                  29000    -0.7116332054138184    0.00565570080652833    0.04874444312986493    0.05756752195488862   0.001510946316756996
                  29000    -0.4432144165039062     -0.124421663582325    0.04875074619645711    0.05750493087673689   0.002764530992713983
                  29000     0.5253023505210876     0.4175729155540466    0.04881900471511418     0.0574724676991229      1.006084057752634
                  29000   -0.03710903972387314     0.4107901453971863     0.0488308254946544    0.05742906659402593     0.1959724268145679
                  29000    -0.5089292526245117      -0.62343430519104    0.04891696255225202    0.05742884751486237  0.0001625715549108628
                  29000     -0.174211174249649    -0.1378164440393448     0.0489403209036862    0.05739496657140949  0.0007764097648801671
                  29000    -0.4428847134113312   -0.05068426579236984    0.04893910805026698    0.05736938082376809   0.005001993293585819
                  29000    -0.5550658106803894     0.1192116960883141    0.04894383807135721    0.05734652474175818     0.0107613002012294
                  29000     0.6165462136268616  -0.008223555982112885     0.0489776730467441    0.05729032829839623       1.74878543576442
                  29000    -0.3168596923351288    -0.6462036967277527    0.04899636164454944    0.05731704812968758  6.176581396464576e-05
                  29000    -0.1278851628303528    -0.6507755517959595    0.04897605415735339    0.05734058663199115  0.0001565453204158109
                  29000    -0.9083353281021118    -0.5011866688728333     0.0490817014754256    0.05745626143031583  0.0002725794531931887
                  29000   -0.08595844358205795     0.0150479394942522    0.04912691622195309    0.05744587094687477   0.002309877047005502
                  29000     0.1534141600131989      0.488789290189743    0.04911644203392518    0.05742748112231414     0.5923608756636793
                  29000      0.559039831161499    0.06229420751333237    0.04914745265897968    0.05740267807438841      2.068587981348443
                  29000     0.1916942447423935    0.03468168899416924    0.04848345694525925    0.05682272778231501    0.03447316947344864
                  29000     0.7356009483337402     0.1183002963662148    0.04839809303797131    0.05671029009490456     0.7102289946102696
                  29000       0.84635990858078     0.2873818278312683    0.04837078258165182    0.05675999247010607    0.01522784089632186
