#! FIELDS time deep6.node-0 deep6.node-1 sigma_deep6.node-0 sigma_deep6.node-1 height logweight
#! SET action OPES_METAD_kernels
#! SET biasfactor       12.02723625380408
#! SET epsilon   2.008904905162975e-06
#! SET kernel_cutoff       5.122093479753262
#! SET compression_threshold                       1
                   3510      9.990018844604492      6.406930446624756       8.35550340012939      3.182281473394444  5.979173072774214e-06     -12.02723625380408
                   3511      7.518280506134033      6.503638744354248      7.105250789650589      2.705464120816824      1.328274200271735   -0.04053872686099028
                   3512       7.70123291015625     -5.770210266113281       6.80812927002578      2.596043314892291  0.0001201205355783028     -9.435435760874617
                   3513      6.874024868011475     -13.75759410858154      6.542104906339048      2.890633245745708  1.430823435646864e-05     -11.49546756590101
                   3514      6.610254287719727     -8.799559593200684      6.304811978355039      3.035092233337755  0.0004201035404915924     -8.103981157913692
                   3515      5.373839855194092     -18.45295715332031      6.091955311221438      3.153236208124286  7.150010814078158e-05     -9.870939971041198
                   3516      8.521543502807617     -4.226317405700684      5.895363577407367      3.125498475044094   0.006484988085420579     -5.405032076046891
                   3517      2.710776805877686     -17.73579597473145      5.728971676936465      3.136626233517539  0.0008014146859723536     -7.520974976268401
                   3518     -1.914763450622559     -22.81369209289551      5.572458131508909      3.138040021489982   0.001808007862536793     -6.734621755091307
                   3519     -18.16947174072266     -4.144237041473389      5.561068870342551      3.076665810053656  1.476923554652353e-05     -11.56385417356331
                   3520     -19.34243392944336     -4.972938537597656      5.549758223772973      3.000476074390903  0.0002648454514162772      -8.70436554094797
                   3521     -14.55699634552002    -0.6307822465896606      5.507864317987627      2.928556152018023   0.005728344144883682     -5.662169070045958
                   3522     -21.15921020507812      -7.22745418548584      5.465000127872438      2.861814567548458    0.00694661777571033      -5.50020712369172
                   3523     -21.00619888305664     -5.834418296813965      5.362631135086467      2.775413625322115    0.09778721649434877     -2.905233660570414
                   3524     -20.84624099731445     -6.247058391571045       4.99408274456496      2.571162365391528      1.243051076131161     -0.510346025578818
                   3525     -10.65653419494629      0.825991153717041      4.882576019792601      2.510442329866615     0.1132860011704341     -2.952234523558014
                   3526      3.711085319519043     -12.04967498779297      4.808425490979391      2.491529018182369   0.006435970775925597     -5.843113082966816
                   3527      7.830241203308105     -3.712905406951904      4.724325005471278      2.472198372896137    0.06787499118824353      -3.51278191918987
                   3528      10.41623687744141       5.72275447845459      4.737809748373817      2.508966559268411      6.552280169872708      1.074732228399077
                   3529      6.645310401916504     -18.33701515197754       4.67232624948685      2.507640018599737   0.003870392056908653     -6.373927084981724
                   3530      6.549004554748535     -8.458541870117188      4.604503945651218      2.496657280678173    0.04302947657571608     -3.984408971545347
                   3531      6.008446216583252     -17.77244567871094      4.539320980116631      2.476729557697718    0.01654457619690174     -4.962507320645521
                   3532      5.813045978546143     -12.21967887878418       4.47261958142392       2.44962629498795    0.06170432841516707     -3.672018212290507
                   3533      10.56214904785156      3.196647167205811      4.260379399689501      2.359042168234251      8.981254762659704      1.222226726440287
                   3534      4.897237777709961     -6.239835262298584      4.201376387117607      2.347977211956863    0.08378788436309365      -3.47102724821656
                   3535       5.91167688369751     -6.510437488555908      4.136421731006574      2.336409545576936     0.1889153852774029     -2.678536362132942
                   3536      6.422987461090088     -16.46812057495117      4.079870887795506       2.32086391736578    0.04311497323262932     -4.176406865815396
                   3537      3.992600917816162     -19.41190338134766      4.025580060705792       2.31716752588599    0.04626808344189396     -4.120815105095548
                   3538      6.092981815338135       5.20781421661377      3.828337554124388      2.230096240044003      9.363497598035035      1.100767519486148
                   3539      -20.6059684753418     -5.952528476715088      3.771944343223626      2.224044633962019      1.097628489591584      -1.06045677895844
                   3540     -9.501309394836426      5.022546768188477      3.737559487298344      2.251077974512756    0.06706933837352673     -3.852713005147962
                   3541     -1.549776554107666      9.909540176391602       3.71449489401907      2.233303875254486     0.5125364300420789     -1.833185502734255
                   3542     -19.78125953674316     -6.890057563781738      3.638298399298682      2.205132057986284      2.095221518166837    -0.4585639863482355
                   3543     -10.69832992553711      -15.8381233215332      3.608451317767194      2.205066771859079   0.000464731412294525     -8.880541222017897
                   3544     -19.47467231750488      -4.75035285949707      3.515997627364051      2.166420820698876      3.324073891337163   -0.04893594187783853
                   3545     -10.70918369293213      1.705644249916077      3.498835564840852      2.146979803569704     0.1704457500100472     -3.033372652935683
                   3546     -9.916496276855469      0.179952085018158       3.46533401354162       2.13061663791577     0.3199209791435075     -2.420987557971814
                   3547     -9.618863105773926      5.137082576751709      3.425934243100292      2.130913017461149     0.2421875509951601     -2.710644875778518
                   3548     -3.616204023361206      11.03895473480225      3.394078620120351      2.108367961034885     0.5325264461875113     -1.942702985131543
                   3549     -2.881659507751465      10.43761253356934      3.339043172147253      2.098814065434596      1.318715760387217     -1.056811668482593
                   3550     -6.746894836425781      4.103918552398682       3.30671045592808      2.076712885967016      0.615040970251065     -1.839852987175941
                   3551     -14.39747142791748     -0.745216965675354      3.267552650092294      2.054093386984639     0.7243785273890487     -1.699092107006794
                   3552     -17.70034408569336     -3.698010921478271      3.193903186949469      2.000947481558982       5.04443139776989     0.1926227212389411
                   3553     -21.52027320861816     -7.445417404174805      3.120766727002047      1.950388165215366      5.708544505255096     0.2675444500274006
                   3554     -12.99176788330078     0.1775858104228973      3.081806683574372      1.927372167759234      1.425115661096193     -1.144600276982213
                   3555     -1.295572757720947      9.881911277770996      3.037600402424516      1.899368095776756      2.517603304209166    -0.6046302763928441
                   3556       4.43770694732666     -3.368552207946777      3.024020248103236      1.893747819450688      0.286473538116334     -2.785490884468329
                   3557      5.989277839660645     -13.26988220214844      3.015054926106622      1.894417800011382     0.1123699135658268     -3.723956208549112
                   3558      7.446343898773193     -16.76523017883301       3.00390121356592      1.891951067427973      0.132918466579582     -3.561025683873781
                   3559      8.568120956420898     -3.309077024459839      2.985900371417893      1.879294832910859     0.5637905606915202     -2.128801259517517
                   3560      8.276597023010254      6.438790321350098      2.933848957510016      1.851001959231386      15.18222734139655       1.13164101258098
                   3561      5.126649856567383      7.756422519683838      2.873115697353617      1.823354344865255      13.05045760542753     0.9443713321482983
                   3562      9.737569808959961      6.708398342132568      2.831563668268002      1.803956400682605      18.03457332354823      1.242575233359213
                   3563      9.075571060180664     -9.207268714904785      2.814704697142385      1.805839764903281     0.1233189245196284     -3.747625084690672
                   3564     -8.976042747497559     -3.442651271820068      2.799579544810849      1.800164365901688      0.381633704844887     -2.626473567487608
                   3565      -17.9427375793457     -3.393235206604004      2.761873694279664      1.776305054301496      5.622613636162621    0.03671456667504677
                   3566     -3.172698736190796     -18.98463821411133      2.745831041284612        1.7719567628421    0.01170405482595011     -6.146178470497273
                   3567      7.887845993041992     -3.549935340881348       2.72531133388532      1.767478615149129     0.8155187400007581     -1.912320952776642
                   3568    -0.5230259299278259      2.764760971069336      2.704481027890424      1.763671065048761     0.8381731100154944     -1.894749885916695
                   3569     -1.053174734115601     -2.371906995773315      2.688284144255386      1.760633671110937    0.09801154243852228     -4.048619884810158
                   3570     -12.42107486724854     -2.450582027435303      2.661706030156782      1.750031014525908      2.552053900145535    -0.8050274894069606
                   3571     -8.564281463623047       3.47423243522644      2.649246510311039      1.743511802678301     0.9624403868098235     -1.788633297748198
                   3572     -6.899139881134033      9.962828636169434      2.631305482743582      1.734458266221345      1.322278393032507     -1.482995233243494
                   3573     -9.025051116943359       5.49648380279541      2.612263265479551      1.725856917089874       1.21868102419393     -1.576816933742171
                   3574     -18.82793045043945     -4.378705978393555      2.581410330825574      1.697075741612709       11.9787384473031     0.6798490218819467
                   3575     -8.200019836425781      6.987338066101074      2.560634695087403      1.687339729821073      1.575020981804138     -1.362849853871966
                   3576     -19.25642967224121      -4.43646240234375      2.529104064026165      1.665892797673827      18.99315634182349        1.1017782637117
                   3577       7.77852725982666        -13.02978515625      2.522867923956317      1.659959181556937     0.1869103019377374      -3.52546388157025
                   3578      6.790547370910645     -10.58869552612305      2.518161073407144      1.654905085835743      0.277215482736039     -3.136214367305471
                   3579      9.359194755554199      5.857775211334229      2.516695785978755      1.655062232833062      31.52701144408745      1.597103372995023
                   3580       10.0111665725708      6.956037521362305      2.510199525949477      1.663114179038613      35.37874022282944      1.714638412069689
                   3581      6.484082221984863      3.458783149719238      2.476055611433821      1.651458145294525      14.38316080869002      0.793856803163425
                   3582     -6.680788516998291      4.599001407623291      2.461183045754749       1.64597950816781      1.652713213814618     -1.379130658327771
                   3583     -12.83952713012695    -0.6125747561454773      2.445018783261073      1.636375978463933      2.351213167376587     -1.039058498642694
                   3584      8.661308288574219     -7.086137771606445      2.435120687411459      1.628444866085406     0.3422713481759231     -2.975056400050789
                   3585     -5.578507423400879     -3.522199869155884      2.425486780336239      1.630262241299512     0.2259632803330321     -3.393136412503258
                   3586      6.894055366516113     -18.38511276245117       2.41912053845118      1.626677771135836     0.1275771295663758     -3.969617109268564
                   3587      7.052570343017578     -10.93398952484131      2.407068317515966      1.626904911368789     0.3959578444123624     -2.841885370977892
                   3588      5.906888008117676     -15.05090141296387      2.398028348599443      1.621226502586129     0.2464582571956604     -3.323259568096762
                   3589      5.452704429626465      -1.82817804813385      2.385940009293557      1.618903701316718     0.9372138609726975     -1.994028177248894
                   3590      4.479747772216797     -7.707279682159424      2.373744539040333      1.614180134732115     0.4310222142248517     -2.778826562946896
                   3591      6.684521675109863     -8.704132080078125      2.362574635452552      1.610785113080762     0.7921635550495216       -2.1770404876686
                   3592       6.68019962310791     -15.08495712280273      2.351208029381597      1.611586764401379     0.4243423768434629     -2.805592912021717
                   3593      7.144885063171387      6.311038970947266      2.352461875116675      1.616482841721887      47.22972419812168      1.910211766533765
                   3594     -12.47871017456055     -2.009032726287842      2.347189139758393      1.613588682745922       3.38765178463759    -0.7287105797611954
                   3595      4.205574989318848     -19.20506858825684      2.337764529570052      1.618626786768938     0.1289635315234438     -3.997979112866985
                   3596      2.561108350753784     -12.67461967468262       2.32736248114776      1.619509959588629     0.1965867220356963     -3.580319125758021
                   3597      8.053507804870605       6.86048412322998      2.335606566806953      1.634186009565767      58.38530209454253      2.125953869929802
                   3598      7.560236930847168     -12.25511074066162      2.325034869330102      1.630772443499598     0.5013151590407157     -2.638258252643364
                   3599       8.15507984161377    -0.5577513575553894       2.31280033591468      1.627071450393998      1.698523641204625     -1.425526540653888
                   3600      9.445700645446777     -5.968039035797119      2.301332643388118      1.629903895742434     0.6294497734457164     -2.421426565675783
                   3601      6.890762329101562     -18.63599395751953      2.290591312885387      1.628187658572246     0.2299804879393903     -3.434010046610536
                   3602      8.368635177612305     -15.60359477996826      2.279766288564716      1.623881478224237     0.4498528205091529     -2.770469392572019
                   3603      9.935920715332031      6.886796951293945      2.274445039512717      1.631672399348211        62.846272846696      2.171506447880261
                   3604     -5.208631992340088     -11.88976287841797      2.265863485851779      1.627902156049229  0.0008725820181975137     -9.019332591037173
                   3605     -5.032240867614746     -13.57954120635986      2.262112798756861      1.626770028035316   0.001269776354203006     -8.646545546498867
                   3606     -10.53363990783691      -14.0570592880249      2.257500816741811       1.62439205411943   0.001980239187097621     -8.205672414374076
                   3607     -3.907004833221436      7.715686321258545      2.247070573436251      1.628660383404201      1.411512117560281     -1.638479987348658
                   3608     -9.820353507995605      5.209122657775879      2.244149070491811      1.629554005287823      1.885447759274549     -1.349728659791036
                   3609     -1.254774689674377    -0.3194594383239746      2.237099806857955      1.625553029443612     0.2447706655675451     -3.396931951832346
                   3610     -1.622718214988708     -6.286327362060547      2.231268225498629        1.6264043803957    0.05287780003135904     -4.931356643608224
                   3611     -2.525424957275391     -1.341789722442627      2.222594618982325      1.626731921601483     0.2225874052876329      -3.49771388261548
                   3612      2.646072149276733     -11.12142086029053      2.215703428055507      1.623434758093363      0.344393669282795     -3.066382602559699
                   3613       8.59224796295166     -4.037971496582031      2.209060410983513      1.617234570636845      1.128475221827738      -1.88637450027516
                   3614      8.426448822021484      -13.2955322265625      2.202861234441223      1.611053570691938     0.7140170363054269     -2.350729791074497
                   3615      5.608160495758057     -18.38073921203613      2.194715088861256      1.615354232684684     0.4013642399335252     -2.927806192864827
                   3616      7.136396884918213     -9.566298484802246      2.186094610531814      1.613375986996217      1.005438325869153     -2.014657637178467
                   3617      9.542477607727051     -8.471112251281738      2.177747053358498      1.607106700992373     0.9674936385653541     -2.060846834100804
                   3618      5.703898429870605     -11.78465461730957       2.16867451463049      1.602471612050592      1.108088280687074     -1.932227153804021
                   3619       7.17078971862793     -10.08531665802002      2.159434901451838      1.602028786298882      1.840471833742316     -1.429387412346072
                   3620    -0.3487629890441895      10.66006660461426      2.148576856347594      1.604387233472174      2.234461373053443     -1.238978971707642
                   3621     -7.219436645507812      6.296760082244873        2.1514513983611      1.600363618775372      2.733645828275987     -1.038517032671793
                   3622      2.527338266372681      10.08447456359863      2.139869527966009      1.599390723857425      4.398446860201171    -0.5689076573437921
                   3623     -17.04500770568848     -3.646026849746704      2.133042360405012       1.58716135028299      14.37286069527406     0.6043113919113346
                   3624     -9.723681449890137       3.57107949256897      2.127662736392651      1.582566725561048      2.587621092016532     -1.115715702181789
                   3625      -5.71859073638916      8.500209808349609      2.123077802510172      1.576820206311951      2.466585006069139     -1.169415041338618
                   3626     -19.68281555175781     -4.814182281494141      2.113351126775576       1.56043919895612      20.15072338191549     0.9159556386746988
                   3627     -10.26650428771973      4.920826435089111      2.105819333093304      1.553770850452755      3.803511758550666    -0.7592125742791354
                   3628     -10.55978584289551      0.771396279335022      2.100473978091349      1.547001659393768      2.417031397239021      -1.21950500854111
                   3629      8.873290061950684    0.06603281199932098      2.093818710079824      1.543091106862934      3.287102148374235    -0.9177432473084303
                   3630     -8.112968444824219     -11.83863067626953      2.087758163177115      1.552748943917249   0.003680673966227136     -7.709068454879608
                   3631      7.570209503173828     -17.43607711791992      2.080916100858951      1.559224265296839     0.6870252739667225     -2.478914304648292
                   3632     -8.119086265563965      4.551722049713135      2.072874105981815      1.553158116498829      5.830529747682106    -0.3481924518315138
                   3633      -6.34084939956665     -8.784159660339355      2.068317880736799      1.558444199233919   0.008514235682975014     -6.876118823491471
                   3634      -8.47403621673584      5.151806354522705      2.058762654400586       1.55035778671173      8.352499171659055   0.002624911934510425
                   3635    -0.9108691215515137      8.617058753967285      2.050065925677238      1.544577308431669      3.556458311980282    -0.8591393365821823
                   3636       2.57065749168396      8.651096343994141      2.035759093332454      1.543631441266682      10.94557335823619     0.2574148347426628
                   3637     -7.531410694122314      2.577535629272461      2.025206068245878       1.54129059116233      4.860189882016593    -0.5611576910345401
                   3638      6.604260444641113     -3.480337619781494      2.018429867436015      1.539999185063864      1.691839589079651     -1.620608513462699
                   3639      9.866350173950195      6.828440189361572      2.030507557960951      1.550421179282653      84.66015859927533      2.304930753695857
                   3640      8.556659698486328      2.794090747833252      2.018654652997347      1.539560618130691      17.86779701315748     0.7364016143377049
                   3641      7.700151920318604      7.397710800170898      2.020107142144655      1.542490698039387      86.59047365584168      2.317212034844804
                   3642     -1.801706075668335      4.977090835571289      2.016624920532114      1.539429937139798     0.8690247869440128      -2.28807293849833
                   3643     -1.703958034515381     -1.105578541755676      2.009642833071853      1.537058191918687     0.3041710339953619     -3.342864555814456
                   3644    -0.8262178897857666      13.07716178894043      2.007072954424649      1.533339208580033      1.085263754007843     -2.074578453360354
                   3645     -4.429183006286621      5.377788543701172      1.998737897595825      1.528847066905513      3.089036522111674       -1.0356377000979
                   3646       4.97061014175415       -10.972975730896      1.991481450467242      1.526802985114574      1.597474374396196     -1.700048095355858
                   3647      7.665693759918213    -0.4167144894599915      1.984399019302046       1.52227823791007      4.149317758230868    -0.7520586818956321
                   3648     -11.08120346069336     -15.84430503845215       1.97994259860071      1.525429263629292    0.00155705585169003     -8.640141574652707
                   3649    -0.2907412648200989     -3.709630012512207      1.974583081737906       1.53528126925352      0.181309601345079     -3.879005092233371
                   3650     -6.589256763458252     -1.301709294319153      1.969674450375292      1.530490277273943     0.8115778875753983     -2.385845282364889
                   3651     -11.01392936706543    0.02590999007225037      1.963377879112122      1.524311217261751       3.72254827255693    -0.8699092696270569
                   3652     -20.48048400878906     -6.192032337188721      1.956186087411345      1.513600557825949      15.10190285224384     0.5197819765395268
                   3653     0.6706173419952393      9.833882331848145      1.949932407424458      1.508216975953014      7.214990142084973    -0.2256430901798372
                   3654     -20.06779670715332     -4.894059658050537      1.937016296828651      1.499006882877828      26.03756738780401      1.044965235567314
                   3655     -3.202503204345703      6.933948516845703      1.932194525358169      1.496791336894346       3.31021687215968     -1.021532935237918
                   3656     -9.710071563720703       7.84677267074585      1.929975237949006       1.49223334076989       2.89056387993409     -1.161294113522069
                   3657       -18.654541015625     -4.537880897521973      1.914664469163776      1.481199304175643      35.50674041408263      1.331590277214706
                   3658     0.7218962907791138      8.534440040588379      1.908829396319809      1.475622994931464      9.831110761304977    0.04059559987666755
                   3659      9.520889282226562     -7.324601173400879      1.908772108666375      1.472936353171048      1.264357142771986     -2.012244874381112
                   3660       9.95970344543457       6.92098331451416      1.918454608981476      1.476887238492142       109.450472032081       2.45640199547753
                   3661      5.974039554595947     -7.080948829650879      1.914653932339788      1.480997114041038      1.284319959046298     -1.988044925444733
                   3662       5.67381763458252     -14.34644889831543      1.913209215215584      1.481298420564651     0.9124064073993712     -2.330495469906294
                   3663      4.676430225372314     -18.81031799316406      1.910126900302673      1.484642622293068     0.5202152604894034     -2.891695593587554
                   3664     -4.386996746063232      10.85322666168213       1.90556556983936      1.485366044262175      2.205140858624304     -1.449295291481019
                   3665     -20.98510932922363     -6.651954174041748      1.897902964371003      1.477072064785444      19.23623340044568     0.7070802565231848
                   3666     -14.94692230224609     -1.328796148300171      1.898355320580021       1.47171527820063      4.306519603535619    -0.7929802393668149
                   3667     -17.24235534667969     -1.902034282684326      1.895152470737197      1.464588872887413      11.22966184352308     0.1589057537382577
                   3668      1.744373917579651     -4.674631118774414      1.895040628823734      1.462032815499712     0.3491851579602294     -3.313611641588049
                   3669     -10.28336524963379     -11.89285850524902      1.890426532420454       1.45977043421527   0.002380863210336562     -8.305737262685193
                   3670     -1.161400318145752      7.274404525756836      1.884302199169062      1.457981542461202      6.531406953617026    -0.3932938473916819
                   3671      -5.30006742477417    -0.5464334487915039      1.882905690860533      1.454553767597707     0.8459359816627462     -2.440323033182665
                   3672     -13.65961360931396     -13.99259757995605      1.880702126873957      1.455667598606085   0.001437551034939679     -8.818231246151672
                   3673     -8.566795349121094      6.416351795196533      1.874040103764685      1.454767327947343      7.838673915993833    -0.2185145315700715
                   3674     -13.71345996856689      3.491966009140015       1.86914451352696      1.451440022790725      1.550333513600897     -1.844019660279577
                   3675     -19.77911949157715     -4.046470165252686      1.856114931785057      1.439713366109619      42.68880102599351      1.456339446437714
                   3676     -3.792094707489014       3.33674955368042      1.853182360083044      1.436292751447501      2.104240346859015     -1.557602574407986
                   3677     -8.359213829040527       6.53728199005127      1.845153390794369      1.431058020823878      10.09786523184946   0.002773728698209415
                   3678     -17.42846488952637     -3.826329231262207      1.831349320793758      1.420666723142951      41.60218370247269      1.403805204717005
                   3679     -8.733677864074707      3.975394487380981       1.82321734829676      1.415070958472668      10.68380849341659    0.03598499414028936
                   3680      -11.9004020690918     0.1102677881717682      1.817854105194193      1.410165876368697      5.120362662659468    -0.7059374159596802
                   3681     -2.323945283889771      7.466728210449219      1.810896165890792      1.408720962533438      7.653736673758746    -0.3088287690742573
                   3682     -4.566006660461426      7.730075836181641      1.804101745103778      1.407238052664888      6.809039389580159    -0.4305839410372218
                   3683     -1.975172758102417     -17.94024276733398      1.803062518644734      1.409628963138546    0.01691529973583234     -6.427250383032052
                   3684      4.297048568725586     -10.75469207763672      1.799213759359858      1.417520578402758      1.837762574779897     -1.735718884942648
                   3685     -14.97084808349609     -9.039762496948242      1.796390098027031       1.41627557205624     0.7832656939568744     -2.591000340619071
                   3686      5.542120456695557     -13.87036800384521      1.796948047335312      1.415036963651942       1.45012402815006     -1.975632328192257
                   3687     -15.49895763397217     -2.866844177246094       1.78998382766536      1.409417757621519      20.37691414982948     0.6592590992513799
                   3688      -4.54666805267334      9.150135040283203      1.785119994121062      1.407910881842274      6.401765397141926    -0.5023603739182154
                   3689     -7.422821044921875     -1.884453058242798      1.781610290842349      1.405323113271352      1.484596064577587     -1.967599179509083
                   3690     -8.099639892578125     -5.903608798980713      1.778613760726561      1.403905344798448     0.1580978469301704     -4.209975761089881
                   3691      8.439670562744141     -14.33388900756836      1.777796062891013      1.404372332341287      1.317019953600914     -2.090190299613125
                   3692      7.529528141021729     -4.573520183563232      1.778002306584626      1.403083058768853      1.997712455803391     -1.674361579266674
                   3693      7.915417671203613     -1.156030535697937      1.776203953845089      1.398932765956474        4.2393370689905    -0.9259317496016989
                   3694      4.539635181427002    -0.9128327369689941      1.774179085193069      1.395582179957515      2.192598686614491     -1.588789822206752
                   3695     -13.09427738189697     0.9252443313598633      1.770319563232619       1.39214131377186      5.285265175320363    -0.7136008247951113
                   3696     -11.10305690765381      6.889559745788574      1.768032269640097      1.388042441511862      5.940517628800364     -0.600968840048984
                   3697     -11.08724403381348      6.647647857666016      1.763964293731287      1.383461229570536       8.45117136949796    -0.2540695001917431
                   3698     -15.71964645385742     -1.637933135032654      1.756726444427495      1.377453498709514      16.77799644351126     0.4232301308697621
                   3699     -3.982791185379028      8.645844459533691      1.751310919371819      1.374381053265702      10.77058086568898   -0.02534025333512658
                   3700     -20.89706039428711     -7.165233135223389      1.748174817315728      1.367766289601344      21.70469402127226     0.6687530296020777
                   3701     -8.414690017700195      5.801290988922119      1.743690938043632      1.361893801676121      16.98686530608492     0.4167939763728243
                   3702      6.559946060180664     -17.26437950134277      1.741893328662203      1.361630907628453      1.180248000550488     -2.251146361707197
                   3703     -18.25865364074707     -5.531270027160645      1.732450124210682      1.355051670392831      52.42806032075442      1.532291432664771
                   3704      7.030223846435547     -7.672109603881836       1.73221935734089      1.352302046037276      2.258106115887942     -1.614788496203364
                   3705     -6.225786209106445     -12.42549800872803      1.729786205902496      1.355378453177858   0.003342533120748296     -8.129474570725545
                   3706     -20.12961578369141     -5.375107288360596      1.722259401183865      1.346975064252948      63.33283325921325      1.709375539183903
                   3707      10.09127807617188      1.102762341499329      1.721965529639486      1.343796373073859      7.426809672280068    -0.4364652751398211
                   3708      6.342068672180176     -1.600336909294128      1.722856878334289      1.341427018973717      4.098934633992124     -1.032081797572675
                   3709     0.3835042417049408      -1.54166579246521      1.720659232440506      1.338947004623317     0.3963969144851198     -3.371275048433625
                   3710      1.831598162651062      9.605205535888672      1.713839927903593      1.337622426297534      11.90437453443096    0.02600932693523027
                   3711     -0.570680558681488     -5.215195655822754      1.710780193556889      1.337027400754659     0.1784608844003729     -4.176514292372116
                   3712     -4.966343879699707     -10.06863212585449       1.70709772326396      1.335207769960707   0.005158223815781669     -7.723808144810496
                   3713      -0.50272136926651     0.3505648970603943      1.703320959428414      1.333264270033062     0.5746672507079258     -3.014280743186815
                   3714     -8.240120887756348     -8.345714569091797       1.70070253639505      1.331629812182622    0.02761719215096147     -6.052398526760473
                   3715     -11.40141773223877       1.84103798866272      1.696240514959345      1.328025948758133      6.318907228373203    -0.6248725504281445
                   3716     -2.199676036834717     -4.375624179840088      1.694156705872875       1.32523214736631     0.2506260118242028     -3.855547463410327
                   3717     -8.191342353820801     -8.002960205078125      1.690706156516097      1.323125157946207    0.05335326349028332     -5.406204131448591
                   3718     -16.71161842346191     -1.259189605712891      1.683690428753815      1.317043423271668      20.25358733358014     0.5241826240182914
                   3719     -20.36610984802246     -5.585516452789307      1.680789895171741      1.309744329470983      76.09078707935873      1.840496234924385
                   3720     0.8994438648223877      10.35604953765869       1.67740560162319      1.306244909695547      13.91853270560732     0.1370993274348424
                   3721      -19.9108715057373     -4.460794925689697      1.672236143166175      1.300531489058818      90.61179548487497      2.002992387153506
                   3722     -3.156068086624146     -10.07488632202148      1.670013415916486      1.298980249966824    0.01111844116745718     -7.005265757050779
                   3723    -0.2041399478912354      10.17019081115723      1.664079148402205      1.295056537897429      16.45737513898029     0.2880732049690549
                   3724     -5.932582855224609     -17.61960411071777      1.663504910554341      1.300586124054528   0.005085895757099603     -7.790069080016597
                   3725       1.19789981842041     -17.65480041503906       1.66019030133049      1.302748166372918      0.169163524683089     -4.286007955459417
                   3726     -11.16009521484375     -18.14484977722168      1.657068630110438      1.306713356079975   0.000858826664595429     -9.567904959411084
                   3727     -2.981955528259277     -15.14948177337646      1.653889264436323      1.309367064713939   0.006567892369846365     -7.533415553774042
                   3728     -10.50500297546387      5.578186511993408      1.649853181081377      1.308948283376974      15.55723341074698     0.2339092143108894
                   3729      3.018768787384033      8.502189636230469      1.644898769467561      1.305511228644613      20.93644545945295     0.5252382286518819
                   3730      6.229043960571289      4.797465324401855      1.638364714144837      1.300288649997104      48.02630530244942      1.347507017358927
                   3731       7.13002872467041      6.225052356719971      1.636098670672607      1.300004936209957      103.7563434358111      2.116201141140003
                   3732      6.657483577728271     -17.47768211364746      1.635849366001544      1.301015721615648      1.349381508851688     -2.225572978742916
                   3733      4.063549995422363     -4.475630760192871      1.634802320071002      1.301876274799016      1.230698447787246     -2.317616511634772
                   3734     -11.22823333740234       1.04346764087677      1.630548150954568      1.301899629473992      8.422810401049713    -0.3968425197630813
                   3735     -10.16521835327148         5.780517578125       1.62647861832578      1.297962413130341      19.93710914599982     0.4592689900470191
                   3736    -0.2654063701629639      8.846794128417969      1.620562790095372      1.294602084598966       21.6110693648536     0.5336557538736245
                   3737      4.811931610107422      5.414725303649902      1.612624909188014      1.289073244713626      46.78829994769129      1.296893177834133
                   3738      3.889551639556885     -15.69349384307861      1.611943890321909       1.28856718962819      1.017228533075978     -2.532473231573222
                   3739     -13.12947082519531     -3.814734220504761      1.609732553000436      1.287109986953469      6.492199099071258    -0.6814580161918328
                   3740     -13.24715042114258     -10.88404750823975      1.608723081362263      1.286594542693534    0.09033524528138466     -4.957314763741103
                   3741     -9.130696296691895       5.62309741973877      1.604485227343536      1.281554698488629      25.97364572143384     0.6974325537467458
                   3742      2.451038360595703      8.383017539978027       1.59838248739354      1.279842455049433      27.77932405693288     0.7594943982012481
                   3743     -19.12742042541504     -4.977466583251953      1.595621784260835      1.278490373233245      109.2156156020652      2.125740765049885
                   3744      4.859769821166992     -10.76729774475098       1.59587486206629      1.276232788553693      2.365199656870199     -1.708329634634586
                   3745      7.405154228210449      -14.8541088104248      1.596001607637859      1.274880262086482      1.850082524486207     -1.954942753349453
                   3746      9.630777359008789     -8.531203269958496      1.595647509827161      1.273039311028675       1.74203611043668     -2.016785344343782
                   3747     -9.712213516235352       5.33891487121582      1.589981735905178      1.270141305084224      31.21865909469982     0.8633398836986508
                   3748     -11.14828586578369      2.109126329421997      1.587053418092771      1.267271672260127      9.115978470453751    -0.3717526172576627
                   3749      1.126913785934448      12.22798919677734      1.587009938026807       1.26515742503407      6.767990822822862    -0.6712742365931464
                   3750      6.123542308807373     -18.74999618530273      1.586627732481649      1.265820988576958      1.304271392823501     -2.317550447106691
                   3751      9.215336799621582      6.189364910125732      1.586338094326332      1.267164136746882      130.6619034552493      2.290296044825782
                   3752      9.011943817138672     -13.82614898681641      1.585143038656813      1.267869880081164      1.748944832366888     -2.023501233568876
                   3753     -20.64727401733398      -6.22911548614502      1.581043525276446      1.263192365130044      81.30658222191119      1.809427435648094
                   3754      4.474751472473145      -18.7007884979248      1.580628492013897      1.263408892174895      1.145261455990119      -2.45325772547509
                   3755     0.4012652635574341     -1.319029808044434      1.578999620279071      1.264910038823577     0.5682733901550066     -3.153886924180973
                   3756     -17.62419700622559     -5.285933971405029      1.573825287493111      1.259658344854566      85.77122760615352      1.855506514062784
                   3757     -4.816425323486328      7.366165637969971      1.573029605284415      1.257819683078236      9.417077527417934    -0.3556187118793763
                   3758     -6.439068794250488     -1.921507596969604        1.5747514805962      1.255489230938921      1.132202695334491     -2.474738952670322
                   3759      -9.97859001159668     -9.638258934020996      1.572230284719278      1.253757168662854    0.02439121489581322     -6.315419071589408
                   3760     -9.071857452392578      3.872562646865845      1.566943040546255      1.250411327870063      23.35067378918333     0.5426982448910166
                   3761     -18.32701873779297     -6.996214389801025      1.561690823195274      1.245393118649496        59.069107771231      1.463401642256564
                   3762      7.187846660614014     -18.03705406188965      1.561437528189866      1.247002174909811       1.71927959985057     -2.072272101725721
                   3763     -17.88779258728027     -5.995645999908447      1.557599787145729      1.243251699737499      92.25081872485946      1.904860714447039
                   3764      6.886868000030518       5.68792724609375       1.55464200617012      1.238792042143432      99.31169243911536      1.973118588312543
                   3765      6.668795108795166      5.844207286834717      1.551195425017928      1.238580829330328      109.3298451520844      2.066834754738503
                   3766      10.99986934661865     -9.451666831970215       1.54982186651579      1.239641211739296      0.844138228194007     -2.797003796145475
                   3767       9.46299934387207      6.473341464996338      1.547513684884607      1.237008810427028      128.1659969236129      2.222145291553245
                   3768      7.897897720336914     -4.801401138305664      1.546228194705069      1.235571077567651      1.789707670974319     -2.051122656732673
                   3769      8.487560272216797      4.591651916503906       1.54062881618527      1.230679148667146      84.57539960850184      1.796873497525697
                   3770      6.080203056335449     -6.185351848602295      1.538716801973595      1.228885000106267      1.643519995646264     -2.146630409260894
                   3771      7.804473876953125     -13.80138778686523      1.536918529732139      1.228218374250479      2.158452568391931     -1.875791106040154
                   3772      6.471142768859863     -2.898848533630371      1.534522994003695      1.226490054417276      2.713823504266187     -1.649792184573815
                   3773      7.131860256195068      5.737849712371826      1.530466329444438      1.226301733573608      133.9847180229248      2.246774380035264
                   3774     -18.78960227966309     -4.759399890899658      1.527674861302264      1.221979579193605      106.7252369890173      2.013949916128723
                   3775     -3.961798429489136     -10.12319183349609      1.527095693591631      1.221360296536905   0.007850490858628203     -7.504373060345826
                   3776     -1.308943629264832      3.373855829238892      1.524844309192107      1.219726783444511     0.6752710567319298     -3.052648672708871
                   3777     -2.656611442565918      1.888171076774597       1.52250460698417      1.218189287883114     0.6077649812304996      -3.16077147096251
                   3778     -14.17739868164062     -1.655403614044189       1.51966289240381       1.21698260965204      10.27592409415248    -0.3358600218673263
                   3779     -20.35993766784668     -5.231648921966553      1.515975441677357      1.213528376771388      103.5622245922881      1.969237085955178
                   3780     -1.682429552078247      12.03915786743164      1.518694039905665      1.212815801401093      3.836359751140851     -1.325207286242152
                   3781     -2.183906555175781      1.662417411804199      1.516457666153742      1.211924498586085     0.6296665652352015     -3.134504905867957
                   3782      5.855539798736572      8.532988548278809      1.511111588398163      1.209354227660412      36.72454411947303     0.9258505931718387
                   3783     -20.79178428649902     -5.498681545257568      1.506051431167438      1.205814523619697      98.62011820413157      1.907395083108175
                   3784     -4.539122581481934      9.673439979553223      1.507224896282661      1.205101418811878      5.968116731381127    -0.8972614741197175
                   3785      2.513391494750977     -2.290992498397827      1.505900600074962      1.204253286539511     0.6905693314411869     -3.055514851053443
                   3786      6.429424285888672     -6.467014789581299      1.505119770648005      1.202737626384718      1.889257422581083     -2.050870123309021
                   3787      3.605194330215454      15.21165084838867      1.503960281209249      1.202117767380499    0.05068383168547993     -5.670488464705276
                   3788     0.8784277439117432      3.572225332260132      1.501615609224384      1.202882594699868     0.6590950238907456     -3.106151888750282
                   3789     -5.995772838592529      4.057996273040771      1.500478817067523      1.200728477329391       7.32032104028838    -0.7011598771356923
                   3790     -13.96939086914062     -2.045250415802002      1.499352726128701      1.198028910483028      10.91137694975243    -0.3050096351919107
                   3791     -9.794898986816406     -2.152385473251343      1.497131182631048      1.196517952402564      2.001511874329102     -2.003657571260212
                   3792      3.150159120559692    -0.6157351136207581      1.495053571409736      1.195040779575912     0.9229011177727461     -2.780417599375361
                   3793    -0.9176021218299866       2.16968560218811      1.492727753099562      1.193761391270961     0.7274646138425357     -3.021002381363727
                   3794     0.6892987489700317     -2.358786344528198      1.490731538570151      1.192359051047363     0.4962865742865745     -3.405927810504395
                   3795      -2.24504280090332     -9.285667419433594      1.488855477274188      1.191202015622905    0.01405269452325358      -6.97249730506824
                   3796      7.007858276367188    -0.6480089426040649      1.487835018022762       1.19045448680459       3.69308456928271      -1.40240752103672
                   3797      4.042218685150146      1.907371401786804       1.48759213303808      1.188648519932301      2.245132509909615     -1.901786464903706
                   3798      9.440101623535156      -9.01837158203125      1.486446545087335      1.187078619578532      1.524840884460305     -2.290752951306842
                   3799      8.843387603759766     -1.628393292427063      1.485105346747927      1.185936434911951      3.431285278250233     -1.481573446772352
                   3800      9.256693840026855      -10.7249584197998      1.483731295239956      1.184627126504537      1.179253892911119     -2.551656699007212
                   3801     -3.145873308181763      12.83629035949707       1.48216396529474      1.185245531835903      1.444098374144644     -2.349588491826033
                   3802     -15.84671783447266     -2.740306377410889      1.481588321373499      1.183225037450225      26.28241609162204     0.5497318536202378
                   3803      6.795322418212891     -10.48073482513428       1.48046461529882      1.182610686861799      2.129442066494941     -1.964586354027992
                   3804     -18.74577331542969       -4.6081862449646      1.478385253174203      1.179707005925387      128.4383146171281      2.131138534065916
                   3805      -20.4177074432373     -5.624331951141357      1.478473222760593      1.176281717673144       129.834310240926      2.139100658922485
                   3806      7.906859397888184     -14.42179489135742      1.478566380312572      1.175778723018241      2.295864563815418     -1.896413651431215
                   3807      8.125746726989746      5.469635486602783      1.475301361412761       1.17570910994671       135.244565005203      2.177291709545738
                   3808    -0.4116393327713013       -5.0862135887146      1.474753372143387      1.175872202923514     0.1940462939217318     -4.369684344556219
                   3809    -0.2217705100774765     0.1247064545750618      1.475920471718503      1.174601829672162     0.5554283657945654     -3.318331334808259
                   3810     -15.24613475799561     -1.754248738288879      1.472933143018189      1.173803269654804       18.6976952869835     0.1953783846817253
                   3811     -12.08404445648193      1.632723450660706      1.472882144771938      1.171905435450553      7.618420800282462    -0.7041055381771685
                   3812     -11.29488849639893      1.983033180236816      1.473190748262009      1.169853692715054      9.117179688844026    -0.5260569385200993
                   3813      2.547215938568115        4.4630126953125      1.470725169075504      1.170149059686534      5.627636158074819     -1.009950545488208
                   3814     -1.015769004821777      10.31419467926025      1.469068630152337      1.171693502685415      12.90037260128899    -0.1801918174002484
                   3815     -7.724717140197754      9.128849983215332      1.469288798187371      1.170398206751821      3.216608306157526     -1.570076772835539
                   3816      8.501165390014648      6.697854042053223      1.466350932133026      1.170610183604043       154.036347728269      2.296963923915047
                   3817      9.899008750915527      -7.17206859588623      1.466447289259845      1.171037269884957      1.428896985922221     -2.382891382511592
                   3818      8.567043304443359     -7.707241058349609      1.465873466880203      1.169901280490391       2.22516507836614     -1.941325004789668
                   3819      7.175556182861328     -11.77850151062012      1.464983139785908      1.170094743625634      2.066641452975889     -2.015673507856735
                   3820      4.481928825378418      -7.45679235458374      1.464170943996515      1.168692663404875      1.338261997254465     -2.451980096455871
                   3821      5.433093547821045      -15.5053882598877      1.462869538349667      1.168305475413089      1.553504923227063     -2.304058817358858
                   3822      5.020146369934082      -11.0741720199585      1.461489725594864      1.168170229453303      2.197267685766497     -1.958417246544596
                   3823      10.90079402923584     -2.901157379150391      1.459853252759066      1.167369065096882      1.016160140707967     -2.731407338841264
                   3824     -18.77136421203613     -7.152358531951904      1.457876401594334      1.164549771956333      67.12169753212082      1.455295993042631
                   3825      0.557593822479248     -4.452537536621094      1.458976558804126      1.164298532542421     0.3208179224000401     -3.887554313949362
                   3826     -7.753442287445068     -11.94086742401123       1.45758951338159      1.165748957045367   0.004143936855178513     -8.236487964398854
                   3827    -0.5805344581604004     -17.65974426269531      1.456718020013755      1.168194500137317    0.03640373892703603     -6.061965191079739
                   3828     -3.360962629318237      4.770053386688232      1.455021402486373      1.168302147279643      2.565174736063112     -1.807928019362121
                   3829      7.066492557525635      2.011563777923584      1.452688673415719      1.168378876969782      10.73966177276215     -0.377549861694257
                   3830     -10.31268692016602     -14.77115726470947      1.451801298595704      1.169830591333195   0.001864860504028989     -9.035431788221787
                   3831     -8.594162940979004      -18.4339771270752      1.450341220344736      1.170471061532007  0.0009290050553244959     -9.732718007587627
                   3832     -8.924295425415039     -20.96306800842285      1.449012714821578      1.170694891931761  0.0004231738536506078     -10.51977429409508
                   3833     -12.60425186157227     -15.99688529968262      1.447716179714608       1.17020312353132   0.001433781890019761     -9.300801805224364
                   3834     -3.503776550292969     -14.07378673553467      1.446229185745936      1.170254182407228   0.004466321258512573     -8.165536378893915
                   3835     -8.002189636230469     -23.08683586120605      1.444988237784051      1.169945604275615  0.0005034491293882872     -10.34949621535479
                   3836     -2.540606498718262     -21.72326850891113      1.443569966896435      1.169554528119428   0.001442121050704253     -9.298424944581663
                   3837      7.018757820129395      5.518991947174072      1.440827501894743      1.167762521746539      157.0078625163097      2.296076262052767
                   3838   -0.09615427255630493     -2.762066602706909      1.439691255960943      1.170038155376314     0.5301789221380241     -3.393602463444397
                   3839     0.1656014919281006     -6.819307327270508      1.438054411748785       1.16885978074449     0.1494972108563882     -4.661684486178465
                   3840      4.133180618286133     -8.868523597717285      1.436346716726175      1.167690650437236      1.495623925479874     -2.360852423548446
                   3841     -6.834267139434814    -0.8229340314865112      1.435320689999507      1.167539696808839      1.209275276373296     -2.574218519554176
                   3842      5.158029556274414     0.4218323528766632      1.433993373078616      1.166872666623872      2.716594576061042     -1.766357309377276
                   3843      4.109336376190186     -19.51716995239258      1.432916988575674      1.166468806806681     0.6916292857413479     -3.135538658834701
                   3844     -2.689384698867798     -7.694345951080322      1.432313678342019      1.166118725953151    0.02858838972029171     -6.322309365415041
                   3845     -16.16437530517578     -4.439867973327637       1.42807732374206      1.165240720382513      54.08756923940852      1.219334321322866
                   3846      9.880785942077637      6.530050754547119      1.425537081629306      1.164485036731666      149.2374290309747        2.2318393562603
                   3847     -1.719676494598389       8.68879508972168      1.424977957476903      1.164748999606849      14.48104397947539    -0.1010243273295721
                   3848     -4.723669052124023       5.08932638168335      1.422719104068787      1.167079423363152      5.204686938463244     -1.123892902421971
                   3849     -7.593607902526855      6.746070384979248      1.419947319937833      1.167570321535969      14.99400910044748   -0.06733132606988501
                   3850    -0.6969919204711914      9.294988632202148      1.416785445255567      1.167675265784005      20.30686932966366     0.2338378060680235
                   3851     -12.78718090057373     0.1082839965820312      1.414651360991821       1.16778508141874      9.393265381208389    -0.5385418094239381
                   3852      -7.80018138885498      1.353947281837463      1.414430488340481      1.166051688306915      3.744755547340921     -1.459820042395541
                   3853     -14.67308139801025    -0.2942257225513458      1.413198452216718      1.163886743762385      11.53934384454369    -0.3371437807956715
                   3854      -1.75183367729187     -4.746776103973389      1.411772347152118      1.162616218788749     0.2869505117345994     -4.033453553299621
                   3855      5.314326286315918     -2.661951303482056      1.411350443071332      1.161156603136568      2.689753535581425     -1.797113613634745
                   3856      4.719727516174316     -3.878929615020752      1.411896502938655      1.160188988155873      2.111784690884415     -2.039476601807605
                   3857      6.722933292388916      2.623786687850952      1.410650356038406      1.158132555114578      20.40060326127901     0.2258973894157581
                   3858      6.882186889648438     -6.589924812316895      1.410221257185309      1.156943310337184      2.586080925312489     -1.840855132256672
                   3859      2.951628923416138       1.33909547328949      1.409416563897397      1.158433344856808      1.149539312498617     -2.650921141625595
                   3860      7.611697196960449      6.423958778381348      1.409843908144987      1.157943100075719      194.3415426393129      2.479214608897186
                   3861     0.3853916525840759      3.154282093048096      1.408271521782345       1.15733537900619      0.930995928986961     -2.863543785129598
                   3862      7.783414840698242     -15.37280750274658      1.407627002586255      1.156693042785865      2.180635741092404     -2.013439890768065
                   3863      8.722609519958496     -10.27847766876221      1.406880379969978      1.156691383442033      1.958651933780679      -2.12133188922498
                   3864      8.671871185302734     -8.096359252929688      1.405602643245723      1.157757510752557      2.821303473629714     -1.756376672729796
                   3865      8.597886085510254     -14.70040225982666      1.405529546991902      1.156845101442569      2.580058282206984     -1.846604085705068
                   3866      6.222133159637451     -2.591014862060547      1.404009332703287      1.156298548227267      3.811543891453543     -1.457936490367603
                   3867      10.50738906860352      2.457093000411987      1.402165131059647      1.154474449967051      11.76796648619242    -0.3334828493674677
                   3868      7.325883865356445     -15.71911716461182      1.401028059273628       1.15380634902401      2.719671290993509     -1.799743102879889
                   3869      9.966099739074707      6.826199054718018       1.39796778120568      1.152326206367086      161.5415326224971      2.281037794473726
                   3870     -5.967403411865234      4.214330673217773      1.396829045050309      1.151995787050086      8.809483613539912    -0.6289973380753004
                   3871     -11.52065944671631      1.627430200576782      1.398245875375747      1.150224612938082      11.30690744295293    -0.3799372068345632
                   3872     -4.406626224517822      7.861639499664307      1.399059915353174      1.148706124736378      9.663851916584065    -0.5376977277534981
                   3873     -5.142675399780273      8.378771781921387      1.396758101879493      1.149456012686571      9.752063779505713    -0.5296051275255943
                   3874     -13.51998233795166     -7.674080371856689      1.399058049106101      1.148454140118239     0.8002456311745499     -3.029147326961745
                   3875     -20.68087005615234      -5.76087474822998      1.395902433201246      1.144939571341106      127.0648817334376      2.033064039222224
                   3876       6.69627857208252     -18.10507583618164      1.397062753937805       1.14403023961175       1.71280099527314        -2.273467402732
                   3877     -3.636593818664551     -21.83899688720703      1.396101618037151      1.146117228214893   0.001444082478917845     -9.350744189060702
                   3878      8.417284965515137      1.029415607452393      1.395337135706701      1.145630664327751      7.356449642550626    -0.8158579925446674
                   3879      5.509010314941406     -8.048277854919434      1.395263318465943      1.144300973677341      2.414086307669296     -1.931328789247234
                   3880     -12.05250453948975     -16.18687057495117      1.394454758942975      1.145687184484399   0.001863434067325797     -9.097352885304325
                   3881     0.3241486549377441     -21.27690505981445      1.393467651443088      1.148321413261727   0.007773326505941527     -7.667487262983667
                   3882      -11.4874267578125     -14.67086601257324      1.392411401227931      1.150100900087361   0.002773305623089849     -8.697355329408184
                   3883       4.97038745880127       1.03047239780426      1.391142485994343      1.149982488984729       3.83475067643662     -1.466550290462282
                   3884     -1.745949983596802       3.77140474319458       1.38983862229995      1.149457725357214       1.42373948146711      -2.45876199052688
                   3885      4.997504234313965     -4.927869319915771      1.389285040082755      1.149792341827057      2.326088041600715     -1.967968254342939
                   3886      6.228777885437012     -7.719152927398682      1.388922128799098       1.14895729561918      3.287994554311707     -1.622866115710194
                   3887      10.98106098175049     0.7580923438072205      1.388400546539593      1.148296380256387       4.01880756721903     -1.423109699961874
                   3888      6.458052158355713      2.977703332901001      1.386229594060904      1.145965960184876      28.42106743641805     0.5294393676235635
                   3889     -8.494808197021484      6.223207473754883       1.38379814304941      1.144645773423214      23.45946172910329     0.3346743481712113
                   3890     -12.26863098144531      6.426311492919922      1.384654080399278      1.143752779670263      8.913655384443864    -0.6331772390473357
                   3891        -20.70556640625     -6.284604549407959      1.384415242798927       1.14029708804622      121.6353810342102      1.977067797081374
                   3892     -19.16433334350586     -5.537433624267578      1.383329715458956      1.137737655584052      161.5673663927967      2.257930625596833
                   3893     -1.371188044548035      4.049849510192871       1.38314550069385      1.136554382676964      1.586443365203356      -2.36667066634744
                   3894      6.510604381561279      5.141757488250732      1.379631790175607      1.134070325815628      139.0624434947575      2.102026162271569
                   3895     -7.191773414611816     -15.76790809631348      1.378563486967555      1.134872477083079   0.001427216176122158     -9.384993934583706
                   3896     -7.705489158630371     -12.17997264862061      1.377282562368058      1.137063080933703   0.004615775251625849     -8.210241114149371
                   3897        8.4097900390625     -9.933441162109375      1.377328107598518      1.136094968387276      2.650375468088154     -1.858083067449536
                   3898      12.85298156738281     -3.603718280792236      1.377922075429152      1.134984003885148     0.2088137913433145     -4.399643963067748
                   3899     -16.46554756164551     -12.08291053771973      1.378693489735364      1.134317896214269    0.02264048641179697      -6.62137450703194
                   3900        4.2458815574646      7.486481666564941      1.377089966501459      1.133305249841474      34.47794918997413     0.7049041139296227
                   3901     -2.541668176651001      10.68187141418457      1.375277364808556       1.13528947115965      9.527459349746788    -0.5808055908500988
                   3902     -4.332265377044678      10.17515563964844      1.373542263507795      1.135801819019202      7.864432216266767     -0.773444578258684
                   3903     -1.517407178878784      11.80137348175049      1.371922941045277      1.136670269728669      7.298678213926284    -0.8485169677521132
                   3904      9.773955345153809     -1.603332042694092      1.370693020490214      1.136648158888387      2.900255222928028     -1.772327840376203
                   3905      5.635390281677246      -1.68916118144989      1.370560251008312      1.135612135718719      4.314979169709887     -1.376042839834278
                   3906      -5.56820821762085      4.048924446105957      1.369606281164428      1.134898301023079      8.108048297519234    -0.7466032255386675
                   3907     -10.52457523345947      3.525180578231812      1.369867741137126      1.133162994201656      14.55939530656206    -0.1625632286541674
                   3908     -16.19547462463379     -2.494118213653564      1.368183513552782      1.131041405430931      30.29327498380235     0.5670217360240809
                   3909     -4.075447082519531       1.10981285572052      1.367442187732068      1.130016590544632     0.7422110337118387     -3.143474138893892
                   3910     -3.101365566253662      4.255401134490967      1.365881586884174      1.129341143393664      3.246980460555378     -1.669366817196891
                   3911      4.778531551361084     -9.063454627990723      1.364764736791582      1.128808906740323      2.465221036579659     -1.946100222459855
                   3912     0.7663700580596924      0.375179648399353      1.364228412398595       1.13039267237439     0.6395377756699652     -3.294382283570717
                   3913      9.309653282165527      3.516296863555908      1.361859435253257      1.127817229981933      47.45083141707855      1.008302386689719
                   3914      6.930818557739258     -6.012894630432129       1.36152461360757      1.126832857450589      3.241414359811391      -1.67650097451558
                   3915      9.912095069885254     -3.020179510116577      1.361154722659934      1.125709528937811      2.108084998107054     -2.107999886634818
                   3916      7.986800193786621     -8.232586860656738      1.360383571006029      1.124487451137182      4.111680773494593     -1.441600845133495
                   3917      8.788417816162109       -1.6637202501297      1.359402693498873      1.123184295812892      4.581733747495829     -1.335236113862212
                   3918      5.469018936157227      1.568766951560974      1.357921287433577      1.122092526331116      8.984200276259159    -0.6639089234016562
                   3919      10.20196723937988      1.624611854553223      1.356226368711398      1.120751897539981      11.01727358553647    -0.4623564893082643
                   3920      8.109170913696289     -4.963141441345215      1.354710222614023       1.12241333534179      2.724995218220445     -1.858991389930732
                   3921      6.841506958007812      4.868869304656982      1.351302619266687      1.119701751097941      155.2207677976757      2.178453030793813
                   3922      9.684825897216797     -9.617415428161621       1.34992661381531      1.119133709356752        2.6844543265742     -1.880444147655778
                   3923      9.213610649108887      -3.62675929069519       1.34855489671383      1.118571202597155       3.02781153441846     -1.761600943851181
                   3924      9.483457565307617      6.840998649597168      1.346530354098927      1.117944549535253      197.2581714113062      2.413009569405239
                   3925      5.905621528625488     -18.00687599182129      1.345129351989697      1.118296033091897      1.930031076972591     -2.214694354168207
                   3926    -0.3214817047119141     -20.14131736755371      1.345417591241982      1.121431932794108    0.01648636131929114     -6.974437772545667
                   3927      10.02269554138184      6.958025932312012      1.342982534681684      1.120678994468295       186.676730021173      2.357679296157745
                   3928      7.858705997467041     -10.27840232849121      1.341429122829232      1.121748509370558      3.422133113829244     -1.641638501318154
                   3929      8.293935775756836     -2.598420858383179      1.339755115954579      1.121126628776132      5.145052262166527     -1.235670294380996
                   3930     -5.860517978668213     -18.20125579833984      1.338706614123952      1.120446289158657   0.003735830307468479     -8.464880935360608
                   3931      6.651542663574219     -15.62672996520996      1.338722835927109      1.122064742129749       3.09164323751631     -1.744937466252004
                   3932      5.686376571655273     -13.31344985961914       1.33728947641548      1.121946756870305      2.364876169451168     -2.014090967979407
                   3933     -8.426083564758301      2.841344118118286      1.335974631757608      1.122775088333496      11.57562917518347    -0.4261603479265293
                   3934     -9.663976669311523      1.693310141563416      1.337955487240657      1.121740636178868      10.23664913821119     -0.548528122893869
                   3935      -18.3837776184082     -3.418941259384155       1.33752196391146      1.118835676175157      83.87236639275389      1.551876618901082
                   3936     0.6879458427429199      10.57397651672363      1.336718001825319      1.118834651995044      16.60246152652079   -0.06847078700533084
                   3937     0.6490349769592285      10.52074337005615      1.334543400484771       1.11943112142715      19.32467615086648    0.08226590879858993
                   3938     0.7692790031433105      7.957365989685059      1.332419845856977      1.119562081635373      17.73675782836464   -0.00495323569454546
                   3939     -19.08678436279297     -7.147898197174072      1.329964050260924      1.117244153314112      88.40223047441536      1.597387420933488
                   3940       3.99931001663208      9.713676452636719      1.330002124892655      1.116411113295157      13.29015443210127    -0.2982035577663589
                   3941      -16.0717945098877     -11.30709648132324      1.330980732588083      1.116325103821719    0.09033231561747079     -5.288828584146009
                   3942      3.021467685699463      9.872278213500977      1.330792930333359      1.115631861337758      16.99598423002411   -0.05235378432702186
                   3943     -11.42170524597168     -1.184295892715454      1.329506616535189      1.115033618894782      6.459652688463371     -1.021258750421404
                   3944     -10.87735939025879      3.758251905441284      1.328628830741127      1.113544732656989      15.61851857209281    -0.1403736334947477
                   3945     -10.07968711853027     -7.136680126190186      1.327806728949888      1.112780997374119     0.0433826081460706     -6.027832629750334
                   3946    -0.7133724689483643      10.04800891876221      1.325950176144171      1.111362339942985      23.26827817543808     0.2542801261050511
                   3947     -13.03361225128174    -0.7045915126800537      1.324639849731799      1.110985779335738      11.17464214957929    -0.4804913284622988
                   3948     -11.21556663513184      6.838063716888428      1.324780518628336      1.109655042670122      14.29076457431668    -0.2356172789897811
                   3949      2.457284450531006      9.855197906494141      1.323025248366638      1.108612526241493      22.41174144869112     0.2120884518632279
                   3950      -10.6417407989502     -1.263921618461609      1.322011974308931      1.108284750111496      5.806114894097643     -1.139646764339026
                   3951      8.642529487609863     0.8379689455032349      1.322070166323728      1.107703006437282      9.471779564402526    -0.6507226386020758
                   3952      5.857316493988037     -8.265273094177246       1.32147788919213      1.107128751201391      3.898266115943032     -1.539474222381235
                   3953     -10.04297828674316     -2.111799955368042      1.321059663101082      1.106039286457247      3.457794170342865     -1.660676291660729
                   3954     -2.749265193939209      6.260248184204102      1.319943804114664      1.105034385340348      6.064894252171903     -1.100544045719955
                   3955     -14.47042179107666     0.5076073408126831      1.321043019756483      1.103994258066427      8.978158494829453    -0.7083756359336505
                   3956     0.4380085468292236      10.08402347564697       1.31892237862083      1.102923972279228      29.52287012002209     0.4794182867063996
                   3957     -8.906143188476562    -0.0232071578502655      1.318251359984361       1.10178027960765      4.815181509977911     -1.335519587747711
                   3958     0.8391138911247253      4.912787914276123      1.317839422154702      1.101037877963785       2.01845063909568     -2.205949706380985
                   3959      1.399300336837769     -5.287334442138672      1.316571609536093      1.103035793864045     0.3720201303903062     -3.896236796459006
                   3960     -7.483696937561035     -16.86981773376465      1.315418034755966      1.105804946202228   0.002196860487587211     -9.026524716488851
                   3961     -12.98616218566895     -18.54872894287109      1.314342379880669      1.109182631308777  0.0004746278287402339     -10.55654652210918
                   3962     -13.28126811981201     -1.006138563156128      1.313357975429076      1.109891225233816      14.21173478846013    -0.2496095380995978
                   3963      4.779399394989014      9.911784172058105      1.313532598523173      1.109008754070694      14.05075158587146    -0.2616641298049684
                   3964    0.09687492251396179      0.999676525592804       1.31246843937093      1.108133022599507     0.7829672205531149     -3.150604908872412
                   3965     -5.378593444824219     -5.785175323486328      1.311240403526627      1.107331905594014    0.05939631292619929     -5.731122898889346
                   3966      5.307962417602539     -16.37575912475586      1.310898299935977      1.107702124032432      2.330972720051979     -2.061240772421933
                   3967      7.761968612670898     -3.906107902526855      1.310899348702122      1.108146381023524      4.915838193726967     -1.314662370931836
                   3968      4.552451133728027     -5.672025203704834       1.31098175747584      1.107172947922154      2.613044837673561     -1.947424459427598
                   3969      2.068073749542236     -13.83986377716064      1.310134212988626      1.108697107910724     0.2427982432344974     -4.322736089091138
                   3970     -1.488908052444458     -14.54332160949707       1.30905067905907      1.109189268036638    0.01315150156403226     -7.238814545862878
                   3971     -10.57229995727539     -19.29766464233398      1.308316319635975      1.110068291155842  0.0005375715978060637     -10.43581277394103
                   3972     -13.17477416992188     -21.41981506347656      1.307633842799965      1.110964758226246  0.0001397872294571995      -11.7824677821695
                   3973     -1.706256151199341      -16.5267162322998      1.306789971409557      1.111174641529824    0.01976990657792545     -6.831129717005799
                   3974     -10.61209297180176     -15.67391777038574      1.305914357474886      1.111291395574924    0.00315600109174115     -8.666550086767352
                   3975       4.50420618057251     -1.210592985153198       1.30480273813676      1.110914060415565        3.4461150318781     -1.672044223743218
                   3976     -16.15707397460938     -2.754480838775635      1.304002530349747      1.109890292674873      39.72533413662316     0.7711619348912657
                   3977     -8.010936737060547      3.779112100601196       1.30253654052956      1.112816989233739      19.61934918421401    0.06719769185866559
                   3978      -13.4432954788208     -6.883554458618164      1.301310049410355      1.113744205354877      1.426467480392806     -2.554226688745046
                   3979      1.652019262313843     -2.521958589553833      1.300054003796339       1.11442007613048     0.8562666389105723     -3.064960261495577
                   3980     -9.054169654846191      5.076996803283691      1.297896853954723      1.112543708739222      32.08396314081456     0.5552237197636822
                   3981     -19.27149391174316      -5.47257137298584      1.296617386716534       1.11212754580716      190.6425479656983      2.335907182176281
                   3982     -5.206279754638672      -5.67297887802124       1.29605519366773      1.111125546739353    0.07788326495742297     -5.468372251768399
                   3983     -2.662756204605103      5.890539646148682      1.294583397741838      1.111441579780923      5.835668067416112     -1.152691179341514
                   3984     0.7132884860038757      2.771295070648193      1.293598345177042      1.110925021799633      1.196300258329767     -2.738672320277682
                   3985      4.230501174926758     -5.708132266998291      1.292392749019234       1.11100901832628      2.723125762677303     -1.916982397336515
                   3986      2.574858665466309     -8.317533493041992      1.291458478970521      1.110546570509636     0.8703685702701826     -3.058740797189795
                   3987     -7.584449768066406       1.46230947971344      1.290683274291395      1.109460133956343      6.156458737501218     -1.103979756396673
                   3988   -0.03795933723449707     -3.977858304977417      1.289769299703536      1.108737652125398     0.5495047095388886     -3.521579219523237
                   3989     0.3439846038818359     -4.685007572174072      1.288626329049751       1.10787888723963     0.5987289102203697     -3.437449056987402
                   3990      3.060636043548584     -15.86665153503418       1.28753445025192      1.108089168871119     0.7882991815760453     -3.163038183753674
                   3991     -15.54532337188721     -14.13501358032227      1.286800009470925      1.109507620477013   0.003522934881281437     -8.572912775883827
                   3992      -3.43215799331665     -13.09197235107422      1.285681328537922      1.110359790139552   0.006885929749889858     -7.902828991040606
                   3993     -5.677058219909668     -18.01101493835449      1.284676166768053      1.112219127283711   0.005694810335269411      -8.09186284445596
                   3994     -14.71002578735352     -18.15387916564941      1.283681172918589      1.113144072661769  0.0003337742820253531      -10.9286519874766
                   3995     -8.036688804626465     -17.20442581176758      1.282711579032316      1.113735941531517   0.002944058660051198     -8.751796585289606
                   3996      -2.88151741027832     -12.62644386291504      1.281645189613451      1.113909063780127    0.01182120642720101     -7.362366908484415
                   3997     0.5814661979675293     -16.87960815429688      1.280583380793821      1.113466927147232    0.09662930093068829     -5.262605783286044
                   3998     -5.901601314544678     -12.36232280731201      1.279529579355303      1.112693205328624   0.005446746849779856     -8.139987642587307
                   3999     -7.123359203338623     -18.04961585998535      1.278322309868229      1.111952887638634   0.004969125437243239     -8.233371839921901
                   4000     -9.368169784545898     -16.60801315307617      1.277214649204645      1.111185970299163   0.003330889171973626     -8.634933221496135
