#! FIELDS time deep3.node-0 deep3.node-1 sigma_deep3.node-0 sigma_deep3.node-1 height
#! SET action OPES_METAD_state
#! SET biasfactor       12.02723625380408
#! SET epsilon   2.008904905162975e-06
#! SET kernel_cutoff       5.122093479753262
#! SET compression_threshold                       1
#! SET zed     0.07589455127744717
#! SET sum_weights         1183.6224856018
#! SET sum_weights2       8094.214953595751
#! SET counter  992
#! SET adaptive_counter  500000
#! SET sigma0_deep3.node-0       3.737929650055125
#! SET av_cv_deep3.node-0     0.05993494273596438
#! SET av_M2_deep3.node-0       38959063.74618449
#! SET sigma0_deep3.node-1       1.869834284227524
#! SET av_cv_deep3.node-1        2.92667367704209
#! SET av_M2_deep3.node-1       18735779.00695801
                   5000      18.60289324711413      2.556458923093236       1.41619497382499      0.973031298056839      666.2087367468731
                   5000     -4.115971848210253      7.092393178392935      1.431343596784016      1.041563543217593      89.01563640301377
                   5000     -3.030984364034404      -4.68754081636949      1.345270889163013     0.9011062141631874      0.946633096122123
                   5000       11.0142875334098      3.791127550719884      1.402413023913849      1.029899232151929       41.9164038787104
                   5000      -10.9649100583092      9.120741615913662      1.441369617751923     0.9592019009208568      792.9104526677338
                   5000    -0.6164546306818243      8.985261042955406      1.481475598865555     0.9063755367637993      99.43992210888226
                   5000      1.796655898330237      9.657761869946341      1.402029931569151     0.8764951545910914      71.89816097771012
                   5000     -2.988243311352603      -8.77204722677503      1.496409350008459     0.9145713432352848      2.437217241672191
                   5000      1.126356851978377     -6.970877019632385      1.434045954178952     0.9476944743094549      6.065626965885068
                   5000    0.09125893695646109     -11.89097483430946      1.441895570302363     0.9515179859041514      3.011937390107269
                   5000      11.17600846403734      -6.00162444059077      1.725499316420379     0.9443032065376303     0.8719923174767648
                   5000      6.492722867659855     -2.935572644453059      1.630908592267941     0.9530864124947838       9.04400268582275
                   5000     0.2706503852288036     -10.48069984430079        1.3503762667097     0.9329586543982051      2.566105367520541
                   5000     0.8192390159515835     -4.972134403444941      1.416405559722239     0.9749752083755078      5.461742203358357
                   5000      6.535565403978743      6.866688501068407      1.480344349791299      0.959679693309612      26.15535106279751
                   5000      13.66700569744531    0.08982632625189554      1.534825515413109      0.936091410547528      111.2542887493921
                   5000      17.90460336212423     0.9794949097925829      1.406437610309448     0.9230583302092716      542.3494256535561
                   5000      12.88550210716254      -1.17141866924208      1.364439301911834     0.8962284029618117      32.16607805499097
                   5000     -3.296655413610043      3.342845005557654       1.83328276082041      1.026960792830178      5.067837376640413
                   5000      9.706383965504754      5.482703252093701      1.604989593531242      1.031626774188768       54.8838773047105
                   5000     -12.25771594152606      7.955787543734064       1.44660415493239     0.9596935153533825      1543.554836775683
                   5000      13.87194520784796      6.299847080080828      1.624299613235972       1.05050223973103      12.09097986882458
                   5000      9.819009780883789     -9.270477294921875      2.243373690087219      1.259069030321341  0.0002058809377248579
                   5000     -5.658138752381189     -5.309831288793416      1.460047966328284     0.9424778303404501    0.09743278132372304
                   5000      5.678370628637089       -1.1289049634872      1.573948713532634     0.9096350428483767      7.787646964754286
                   5000      10.76880440973715     -4.327388210638094      1.903601345449024       1.10617312473392      1.134589037788498
                   5000      17.04565660172831     -2.546949656666712       1.57339094169171     0.8987270068798117      1.535815141774112
                   5000     -7.522077569692594      6.631678303410699      1.645816057585762      1.024347154826107       75.3227613179893
                   5000     -1.970240138926756     -10.94712977559813      1.522757310492219      1.004805868647352      6.831933367535584
                   5000     0.9782567503544318     0.8369334691842667      1.395760246434381     0.9275402979296528      2.857740177875459
                   5000      3.091468050406231      6.964629528810754      1.388397664122651     0.9146041343033724      40.84329545530633
                   5000     -7.377865623645459    -0.7914923615790759      1.185593517013771     0.7826989303913817     0.1672190216939914
                   5000      3.236612794856367      8.860769706280054      1.455938502170144     0.9742464214218453        64.292453490329
                   5000     -1.165212109861858     -7.229863136759053      1.367883484951968     0.8792990299886573      8.230902395977864
                   5000       7.90954277517476     -0.407218933505579      1.408369540997334     0.8729947877631286      17.17231034837978
                   5000     -1.763570303405181     -2.465444225360052      1.374313680335709     0.9205774457488394      1.021233055898942
                   5000      2.872370101272256      3.365147129509086      1.511965026038444     0.9211919366632625      1.083030533574116
                   5000     -2.935806873917067    -0.6048595837699617      1.516262104993013      1.005906177315376      0.997669928996602
                   5000     -1.687694480484905      7.890771578943567      1.630884469945189     0.9187201560740063      55.15739805211781
                   5000     -5.433553298114924     -12.74799943230915      1.351341455811089     0.8590169212163957     0.1363762078065691
                   5000     -1.544434448982349      5.860945856427861      1.364257563715937       1.00857196937669      17.15662515245944
                   5000      6.460949246006366      3.024873988779638      1.514717004255866     0.9143526084727621       2.91802971813052
                   5000      15.74511135354299       1.96358768416429      1.363664707697817      1.007522389607572      308.3597527595349
                   5000     -3.214582287842577     -12.36481344563467      1.253001435427374     0.8319644572021374      1.803678037165946
                   5000     -1.881563135758402      10.66979334168494      1.454132099258447     0.9340556793943384       9.04758244226281
                   5000      5.113293001275463      5.063027069878439      1.328471634505453     0.9728588057576457      16.43633927803361
                   5000      16.42290586400701      3.646732731203073       1.38011539504664     0.8867763748779018      277.8874978106556
                   5000     -7.321381797064444      4.022903125995702      1.323226460554025     0.8417467111767274      2.312217503808116
                   5000     -1.990572521844808      1.172901509006596       1.44320506527889     0.9272278725159943      3.119611778277623
                   5000     -5.836620268583033     0.9063014845755135      1.428489670145293     0.9257325655036972     0.4103551316276075
                   5000     -5.710110361887644      8.063503394619303      1.337865332954097     0.9663889139324527      100.4939506839834
                   5000     -7.400006934145615     -3.312480509731397      1.201561624448964     0.7947249253549089    0.02376977329245785
                   5000     -3.644392422222508     -6.398124943685486      1.391537490460331      1.011658861970607       0.94651063284027
                   5000      7.732560629678255      10.06607339133877      1.498146238373479     0.8957429324344892      1.148933067450699
                   5000     -5.201844688983607     -2.994582196045101       1.43075867868843      1.035950875592028     0.2727627912966439
                   5000      10.19120144038386     -0.500314108074332      1.369397536422828     0.9172420435755502      18.01574118613556
                   5000     -6.636665912729442     -1.741223431696639      1.442452720413046      0.938770325597363     0.1441915618080474
                   5000     -6.601953360127554      3.096591447981803      1.443260540196734     0.9615138062893825      3.208618603165678
                   5000      1.069695449905544      4.708795909415207       1.38259610796787     0.8618434707860688      6.165232294063673
                   5000      19.59698026255475      1.686199255576116      1.397974013880148     0.9450647872804847      793.2188173429122
                   5000     -7.347834109413887      -10.3358774599456      1.481933882157782     0.9404947806505776    0.07406259208583789
                   5000     -6.633423755094493     -7.331446837835323      1.399083599579034     0.8866860287671015    0.07169699199207005
                   5000      6.161478323043733     -7.719331054120871      1.431122754071111     0.9345973521229816    0.06526446328050187
                   5000     -9.035062818232236     -9.466031914514248      1.585284381958512     0.9425967233536692    0.01144212451678033
                   5000      2.461998433903907   -0.03264972047080222      1.490494218357024     0.9503391526383336      2.438798629698621
                   5000       4.87469363748162     -4.797774771908612      1.283396109704068     0.8714916719742309      5.269360095365148
                   5000      3.852448578375699     -3.455787311432391      1.331025854043746      1.004764401248494      7.341850901829068
                   5000      13.26288570414679      4.701446178546091      1.385036340600622     0.8882670856443273      37.32582195916085
                   5000      11.81113419185352     0.9280112950909828      1.327540388012342     0.8904115089072135      44.78540753468759
                   5000     -10.34220194607521     -2.145513288042706      1.369184200931064     0.9160601218219225   0.005645335661732549
                   5000      7.424318574597114      4.832570286682394      1.254317276481406     0.9054488435382625      28.07001198688528
                   5000      5.968764931633362      8.799487725473352      1.353465270013424     0.8456979285652202      16.02604838254161
                   5000      -11.2481203155368    -0.6315076358203705      1.485365358799621     0.9572621846746752    0.00321000625267201
                   5000     -7.828243103441288      8.861654109351683      1.316244825466227     0.8612241344746778      102.0398224341215
                   5000       10.0107262642494      -2.67701437395532      1.290644956532472     0.9094868167708665       8.55998513615193
                   5000     -11.46224448649998      4.632785535464885      1.390658592524763     0.9004630191996923      4.342323082629488
                   5000       1.01560580161943       6.54703345357153      1.235714307184788     0.8585343960747585      8.502801076051242
                   5000      4.897122496373802      7.745180251068956      1.233477882773027     0.8384729321110406      27.63474808471493
                   5000     -8.540554127195687      10.02533335710293      1.335692900369394     0.8899925226324126      64.29342435895292
                   5000    -0.9348705798175276     -5.846790896024457      1.220858329325707     0.9384108698241627      3.802229923295813
                   5000     -6.303388032115467      10.41437274910307      1.298591536835108     0.9086244315653605      6.471806105158151
                   5000      8.286107704057242       3.58450071578252      1.246683358261288      0.860887730978172      17.02134561181586
                   5000     -3.424542150007781      4.923398767722753      1.328481941876265     0.8777460245918126        4.0918231158472
                   5000     -4.392701361000482      11.20676992676369      1.349465958235737     0.8992620104750297      5.562672524624717
                   5000      2.951941513884059     -6.182828300360627      1.253887579791509     0.8021906688676012     0.7722858245362186
                   5000     -5.307201657088134      4.581180983644948       1.31883853238888     0.9200104332614382      19.75191079354032
                   5000      17.34404945373535       5.28852367401123      1.372041816761056     0.9046612279542721      5.060664692488538
                   5000      -14.5877681422753     -2.471488557053018      1.401981997766929      1.020329577032782   0.000458776730605149
                   5000     -13.87495624584692     -6.612892394744221      1.335975670063206      0.858020293017445  0.0003573854916519323
                   5000     -9.444109811674572     -5.342563207408827       1.33725381357438     0.8998899104081756    0.02242757119565494
                   5000      -10.1507527234232     -4.547671983420059      1.268707980468012      0.855326192042957   0.004447057223709051
                   5000     -12.91884986270428     -7.885827364136492      1.376379427958646     0.9755495982073962  0.0003170634058358021
                   5000     -14.53266343713058     -4.718367695113062      1.423347513429667     0.9037606404027559  0.0001595010942808607
                   5000     -14.91956623663298     -5.981764410235579      1.383940241491539     0.9054896784366285  0.0001411605526685523
                   5000     -10.79968732327643     -7.510016407926936      1.305789552853809     0.8784412674332283   0.002247348631306518
                   5000     -12.89400063649554     -2.782999782341349       1.24739528225205      0.899221145143153  0.0008481335785153687
                   5000     -2.640785070592739      8.935213107038621      1.221675439506744     0.8839907912687108      29.82087347153203
                   5000      11.79628739684269      6.595136415282994      1.221763141024965     0.8668800989340377      15.69562953363323
                   5000    -0.7502092388612894      3.496161061132116      1.288110580583626     0.8457743507066561      2.086439338219324
                   5000      11.66381876488304      8.200697666043125      1.334768375466155     0.8951689263008826       5.76456854304627
                   5000     -14.01254215232532      7.496083647070979       1.29774591160823      0.859374924906128       368.301838198044
                   5000      1.603245226670593     -1.510454908768836      1.272726064809608     0.8691764692284947     0.8549919070708529
                   5000      3.135128009733436     -1.933772706692655      1.223639305119587     0.8744100661941006      1.850464905387954
                   5000      7.826938629150391      0.876457691192627      1.300109774176984     0.8656912935600779     0.8941775184475432
                   5000      7.921165691414425     -1.433225499986476      1.273916339106223     0.8450434632185352      10.03945404163936
                   5000     -4.702445363636295      9.376070450165976      1.268924198884654     0.8230254546632892      25.64932146863247
                   5000      8.531177343563964     -5.152780565303422      1.249634249946637     0.8402149508183749      1.139197270157994
                   5000      9.968163059598352      7.083486752794904      1.281498000043519     0.8084709935519698      10.28239237056851
                   5000      17.47941970825195     -5.583490371704102      1.274025903633782     0.8531634758669515   0.004374773647828597
                   5000      16.01498924711249     -4.338708821632152       1.17223443528579     0.9121615469490992     0.2764527678980805
                   5000      14.05851887386381      1.385292310019633      1.273026913526421     0.8380585393058465      78.88603388763838
                   5000     -13.24085235595703      4.206486701965332      1.265091138772787     0.8443786238865478     0.3750189437859235
                   5000     -12.47429752349854      3.105004787445068      1.262977110667138     0.8442906738257395     0.1646663727931929
                   5000    -0.3609774465938338      -9.00494564644263       1.30747457023545     0.8023453907398991      2.076313304927423
                   5000      -8.42657470703125     -7.677263736724854      1.263925559292313     0.8449647103304732   0.008175428384231485
                   5000      10.23018118451025       10.1241081601757      1.176943075128735     0.8322174314295872     0.3316808488304184
                   5000     0.9851205832350858     -3.656208380903919      1.265066499361304     0.7997580497171258       1.71484780471101
                   5000      2.826089274560779      10.97164115418195      1.298064049040431      0.860326821055562      9.616859188943076
                   5000      12.17335670101902     -7.085571787538124      1.126698028587698     0.8493236349670322     0.1003870267873865
                   5000      1.682019631144776     -11.06407955541387      1.205919670665576     0.8028326578601793     0.9084181676674924
                   5000     -4.385970490790658     -9.646803170280299      1.194483060786327     0.8420596874823559     0.5619441990516971
                   5000     0.9286527356480588      8.307519790381798      1.241069318813699     0.8800887409994022      85.43399666390278
                   5000      2.795085697753305     -5.065508219785656      1.183417565914173     0.8562083243984064      3.644086449702537
                   5000      17.67619705200195      6.184709072113037      1.232489406866425     0.8351776796157957       1.08541091660821
                   5000     -10.55442714691162      3.048258781433105      1.232259692821637     0.8350512193645949     0.1419240843734388
                   5000     -1.973580837249756      12.87716865539551      1.232209201348294     0.8340855470599716     0.1374721905711025
                   5000      4.670811217460831      -10.0345281014298      1.237158254119152     0.8811707880208243    0.01792116250868183
                   5000      21.06030654907227      4.291112899780273       1.22540735591232     0.8291776947744409      5.125571141329258
                   5000      7.951550885716793      8.221216662722988      1.315283920946845     0.8286136794655428      2.952649177096912
                   5000     -5.525055408477783      -10.9720630645752      1.220160659906902     0.8249484002239711      0.160627944425213
                   5000     -9.075441360473633      2.121018409729004      1.215929381794398     0.8238650222982394    0.09904178500453156
                   5000       1.97206210171964     -8.726572080290218       1.27866899459898     0.8232656354870957     0.2975208597864314
                   5000      8.585293769836426      13.14481163024902      1.212625762947017     0.8227699733662632   0.001061468647766831
                   5000     -15.91915893554688     -5.158306121826172      1.213095463160231     0.8224054839906439  0.0001171352792217429
                   5000      -16.3389224534021      6.103800584754599      1.111227475514081     0.7781318523161512      3.789435618294467
                   5000     -4.290046721021599     -11.14224346513324      1.163457657153192     0.8478262212132156      2.932296380091123
                   5000      7.261330635959494      2.037419337521174      1.233953625724553     0.8361705856558006      2.195387466561844
                   5000     -4.570400714874268     -4.228774070739746        1.1984733990611     0.8180294562301109    0.07632791933576943
                   5000      20.42602920532227     -3.120468139648438      1.191957443362816      0.817252599016425    0.03837487219695283
                   5000     -18.75996017456055      2.541309356689453      1.193000382619252     0.8169310439070337  7.224138900505796e-05
                   5000      1.928572416305542      12.59067058563232      1.190229339580553     0.8149850295323243     0.2854214686263761
                   5000     -6.425454678279299     -9.238867784579687      1.207941962498903     0.8066083939397326     0.1315433991492489
                   5000      -16.4356517791748     -1.808643341064453      1.183214735769691     0.8084742692373477   0.000106749428201338
                   5000     -12.90734602466717      9.013696378881077      1.263148842388601     0.8262039570031576      195.4226253426087
                   5000      12.23132472420949      2.298381990915575      1.144815670949359     0.7848282602441726      16.48671065145085
                   5000      14.26771114381716      -3.48486033317416      1.173594145672539      0.826440251201966     0.4816299687048969
                   5000      4.048864364624023     0.5662915706634521      1.159042295564847     0.7988077054040613     0.3644576217247221
                   5000       8.31381893157959     -2.721506834030151       1.15845445690631     0.7982823140272748      1.320486215136122
                   5000     -9.814850913905943       5.88649608671003       1.12201091602309      0.799280231931321      16.51883347617149
                   5000     -1.795505748873907     -12.30027295435831      1.120268280240707        0.7821631035273      1.071323582780421
                   5000      16.96455670988615   -0.07990567205317878      1.122850856121574     0.7825880243638308       73.8801627089352
                   5000      12.61914443969727     -3.975855350494385      1.147405518259598     0.7949718600980421     0.2214637559304751
                   5000       18.9095630645752     -3.785094976425171      1.146194225828378     0.7956581267350676    0.04839020183133229
                   5000      17.15840530395508     -1.410085678100586      1.146118761776906     0.7954441547231985      2.552017671966068
                   5000     -9.142916285340757      7.786823082144272      1.151159802238589     0.8008814655108347      95.38094192554985
                   5000     -3.336698770523071     -3.142947435379028      1.143142713374323     0.7930041498048096    0.08713911910669653
                   5000     -15.85981418612649      2.156041678977018      1.148359155600575     0.7786298033932508    0.00233360350572753
                   5000     -16.51940155029297     -4.098456382751465      1.143133003264476     0.7925284857442201  9.478909621568289e-05
                   5000     -11.00109672546387     -5.961763858795166      1.143803290445154     0.7923528044153322   0.001864800591090169
                   5000     -17.76932144165039     -2.933425903320312      1.144519945797752      0.791259155871716  6.910465141219302e-05
                   5000        9.6006361258938     -1.361037438307219      1.195703812126175     0.7775493914531852       4.80971454559173
                   5000      13.25010013580322     -3.053377628326416      1.144094651995888     0.7918426586123596     0.6325306281382918
                   5000     -1.558913820158616     -9.837566996136381      1.184498845242036      0.797305095101813      1.246559752401233
                   5000      14.71295356750488     -4.237327575683594      1.145930879369824     0.7915644722461663     0.1018984418887165
                   5000     -5.730718689218452      6.275449541188463      1.138017376839099     0.7893675159289998      16.73563423978506
                   5000     -9.323092927973077      4.316330698952226      1.141982725530123     0.7956827447210073      2.097486605905008
                   5000      3.489005088806152     -7.405614852905273      1.141453035716787     0.7907691136697746     0.2392323571548426
                   5000      4.120703220367432    -0.2529511451721191      1.141174479906993     0.7911036471918742     0.6135455975815978
                   5000      10.64353419364747      1.675610159681739      1.183164385357139     0.7962725726627644      8.476831596566425
                   5000     -4.487744331359863      5.689009666442871      1.136229394216585     0.7864211956777527      6.478518989268381
                   5000      4.436244964599609      2.671765327453613      1.135614978912261     0.7859514082510485     0.3523121019273897
                   5000      3.938190460205078      1.723659038543701       1.13417533007092     0.7857866049072234     0.2092305241845781
                   5000       5.74012667960458     -6.567428013531911      1.171598152532535      0.784327937277935     0.2075931906171954
                   5000    -0.7242932319641113      12.79835510253906       1.13215418444833     0.7859989528533414     0.1231480836819587
                   5000      -11.4033317565918       7.04402494430542      1.131378388828409     0.7851471840104524      80.30523355756324
                   5000     -3.881178140640259      2.096709728240967      1.131050789813848     0.7850760000381545     0.4147389070330759
                   5000     -11.67652606964111      5.922131061553955      1.128727579173247     0.7839446329213179      20.29971984548889
                   5000       1.12658965587616      1.924022316932678      1.128176929791955      0.781299636435957     0.3339574584321686
                   5000      11.41754627227783      4.922240734100342      1.127563663445265     0.7811310309743653      5.660373477291373
                   5000      4.382284457252738     -2.293004808818016      1.125833444163046     0.7775131452972933      2.385822029586844
                   5000     -6.000864028930664     -4.341028213500977      1.125378939067112     0.7780563132632408    0.04860976754493396
                   5000     -5.347772598266602     -6.662095546722412      1.116914444554857       0.77337646021617    0.08937016581273104
                   5000     -3.443131923675537      -7.88142204284668       1.11523659540583     0.7744675688723492     0.3422189874661637
                   5000    -0.7190432548522949     -12.92354297637939      1.113850559543835      0.774524346717946     0.3410147115125874
                   5000      9.303934556524331     -7.935955324192702      1.112164909581087     0.7726515483388041     0.0300093917118125
                   5000      14.74685001373291     -1.857435703277588      1.112482038570843     0.7736284965151424      2.013700472486357
                   5000      6.015055235376284      1.018034938674445      1.188963296477006     0.7720357208953125     0.9920205752825949
                   5000     -12.38830947875977     -1.809540510177612      1.113171501567662     0.7722593885041266  0.0008495793401214486
                   5000     -4.851365089416504    -0.3603638410568237       1.11065875225143     0.7700455287342025       0.10676429607436
                   5000    -0.5420352220535278      -3.75175666809082      1.106827201578362     0.7679303074381417     0.3896959478906943
                   5000     -3.871540784835815     -13.28631210327148       1.10683721454793      0.767992548274956     0.1815830870784956
                   5000      13.95415019989014        2.4251708984375      1.105459103402239     0.7669078787767455      17.76653504241273
                   5000    -0.1320064067840576     -1.345996975898743      1.104010228447714     0.7664333452613585     0.1620904516395528
                   5000      14.20950097892758       3.75360649149813      1.101100023082889     0.7616718579263705      37.58817801735708
                   5000    -0.3358748763467274      1.397805409032696      1.094851827166206     0.8195920663180077     0.9531073284414654
                   5000      3.070342779159546    -0.9379082322120667      1.099842879081408     0.7636168109485295     0.6439058006019922
                   5000      1.441386222839355      7.357637882232666      1.099063365114872     0.7635570271225959      7.625477822498933
                   5000      20.25082397460938      2.762363910675049      1.096821430930256     0.7621922815993117      54.87372530569795
                   5000      4.615695476531982     -6.303939819335938      1.094118045185767     0.7611193116401254     0.2611383502809426
                   5000      8.713546752929688     -7.255249977111816      1.092825496254284      0.760997962110009    0.03458924398163731
                   5000      18.34832763671875      3.552961826324463      1.087916565033467      0.756570447137095        46.644222489005
                   5000     -12.67329521136812      1.388679294504009      1.171353042802253     0.7576633484386563    0.01163475020487555
                   5000      1.574183940887451      -11.8819465637207      1.084987426067092     0.7524523045599627     0.3220188375122906
                   5000     -3.841305255889893     0.4520584344863892      1.083067071083923     0.7522523665773924     0.2300796971053207
                   5000      2.476101398468018     -4.140396595001221      1.080792212473276     0.7521166051287117      0.965528824972393
                   5000     -8.845218658447266      1.099592685699463      1.080570466229438     0.7518813624410081    0.03280057378838527
                   5000       8.31074333190918      7.366317749023438      1.078720223898226     0.7515815324345407      2.579412913822026
                   5000     -13.03864574432373     -5.475635528564453       1.07840409250678     0.7508914709723638  0.0004062898317136571
                   5000     -7.494020462036133     -4.966821670532227      1.080290518527767     0.7510307966175807    0.01531996153157741
                   5000     -11.64908599853516     0.6836059093475342      1.081474227383368     0.7508706530329798    0.00278264200040958
                   5000      -10.0059928894043     -6.594805240631104      1.081624512477225     0.7506608551303736   0.002815718189203014
                   5000     -7.987520217895508     -8.495143890380859      1.081716580361058     0.7504186567438245    0.01488324780545923
                   5000     -5.453324317932129      12.09077453613281      1.081070039288522     0.7498984248310031     0.5051466166586305
                   5000      7.361403465270996     -6.769207000732422      1.082023779597572     0.7500249451884059    0.05874338229640046
                   5000      15.66367244720459     -5.928937435150146      1.083187437856792     0.7493101249290607     0.0192501422773191
                   5000 -0.0002050399780273438       12.0210018157959      1.083176887244453     0.7495358654179024     0.4039778769633015
                   5000      -3.32147216796875      6.058115005493164      1.083706460176768     0.7492076901572235      6.994016746733219
                   5000        -8.693603515625      5.306774139404297      1.079952321633006     0.7488706147409202      4.051777655586069
                   5000      9.243355751037598     0.2740755081176758      1.078387343072615     0.7481305402180864      3.005482709985002
