#! FIELDS time deep28.node-0 deep28.node-1 sigma_deep28.node-0 sigma_deep28.node-1 height
#! SET action OPES_METAD_state
#! SET biasfactor       12.02723625380408
#! SET epsilon   2.008904905162975e-06
#! SET kernel_cutoff       5.122093479753262
#! SET compression_threshold                       1
#! SET zed      0.3458877115298035
#! SET sum_weights       478.5921452360144
#! SET sum_weights2       1610.292806449619
#! SET counter  492
#! SET adaptive_counter  250000
#! SET sigma0_deep28.node-0       7.844574210549645
#! SET av_cv_deep28.node-0      0.4619690863008038
#! SET av_M2_deep28.node-0       18208223.59496194
#! SET sigma0_deep28.node-1       4.959118728000874
#! SET av_cv_deep28.node-1     -0.1585122321465189
#! SET av_M2_deep28.node-1        28362772.3165278
                  15000     -8.388400426761097     -2.406247586961757      1.643728843148768      1.600856007468669       191.210037301855
                  15000     -12.26938996205579      -1.69737146836765      2.035111826478107      1.787343324620551      314.6030017976403
                  15000        13.560932898568     -6.427814246448255      1.697289573958749      1.925523669974648        1837.8271186647
                  15000      4.110184598968333      25.39473633112997      1.339725481740627      1.664803229925987     0.1824037062871886
                  15000      9.074127442381309      10.98659694528938      1.732997140560299      1.656333280609982      14.81064497448585
                  15000      8.158119793276972      17.19739192634172      1.553597095633199      1.709199704123704      9.598876696197216
                  15000      7.474158332188959      5.106408255764858      1.634931283317927      1.589679990160286      40.04795681535964
                  15000     -3.065310548792353     -11.80903066734374      1.320587349862471       1.48419529836987      34.20503545685376
                  15000     -3.593399975246534      -9.38353895208043      1.538278941155401      1.783347664895001      146.1657582592285
                  15000      8.537059782076771     -9.825341486773132      1.896535460722883      1.636183275661706      202.2552063974321
                  15000     -2.010664235549716     0.1229553228711826      1.639747226752689      1.704449061305992      34.01951692556286
                  15000     -14.42320858911837     0.6377571165082464       1.51667398150622      1.608016181206436        1089.4273334205
                  15000      -10.8865709320165      6.086295084914983      1.758679390247263      1.768696665629546      41.18155430129637
                  15000     -10.29748072373738     -6.359825254742156      1.829054216891505      1.810808108253658      116.9689734483578
                  15000      8.579606404918266      1.864091787146812      1.608823047603336      1.591259106890373      69.15873847786712
                  15000      2.052523899588437      -6.75508598637675      1.669357026489204      1.632524816761389      69.73214343924731
                  15000      -2.66892236912984      30.54155182824559      1.337744552203405      1.504871246606854    0.01273420641449854
                  15000      5.362623577102569      8.907041016856642      1.622226968918693      1.653329278336819       17.2722949589175
                  15000      5.786883943692827     -7.523449478044173      1.651320248419357      1.827518443141045      138.6400732407177
                  15000      10.76064830822933      2.604478198219842      1.288792749017516      1.488596271034251      68.31476193832668
                  15000     -7.013013804259839      25.29003634327495      1.627278503028894      1.635788868822144  0.0005516980010826149
                  15000    -0.6184041059410411      27.65166338458521      2.061561644636333      1.761123005368356   0.001827682555248435
                  15000      -5.46792582670798      20.40133498981643       1.51387895958529      1.846809604741996  0.0005995350636667836
                  15000     -6.253263607027742      4.405672353786493       1.53783284243469      1.594280596162875      15.18354428521485
                  15000      3.569618416798602     -9.228933704800761      1.531346823425789      1.679441233415675      50.93654730078602
                  15000     -4.682929056559755      10.21421777112697      1.947442450077937      1.785598639197011     0.1867772282484118
                  15000      5.931390103683158      17.74027769227971      1.531371288143124      1.769865786520455      1.513918457158774
                  15000     -12.83346711751194      3.222279203064458      1.961219529252037      1.688924131579118      113.7707408469015
                  15000      10.91925551499824     0.4848663773788381      1.446673519076975      1.570374965927621      155.0656634481178
                  15000     -1.104544189684279     -5.932753950148624      1.438550009963917      1.653450902717338      40.87548795666178
                  15000      9.676454196214316     -1.705651323012358       1.89103825683815      1.707610186714881      323.9639322348157
                  15000       6.68134573596179      -4.55399922146348      1.526880450365525      1.591950528245058      57.75722790548448
                  15000      5.144184728431475     -11.15793428509501      1.678745580956057      1.671823305827532      29.53330039399788
                  15000     0.6935254318510289     -10.50204584180777      1.456268225714032       1.65956369648009      60.16419185842539
                  15000      8.789463512008194      7.572862484722339      1.479065693849547      1.551103408842285      33.82959414993503
                  15000      3.501709056382078     -1.804534477719109      1.534868695796141      1.651628142741579      68.42996606573192
                  15000     -6.524222329512674    -0.4666649550317574      1.415203996475467      1.585868777545206       165.057660664375
                  15000      11.04560865453807     -5.769990151138352      1.457660116066205       1.54215840292435      618.5602116899917
                  15000     -2.551332290151658      7.090462521352014      1.741738799271626       1.65016386221041     0.4646379122225255
                  15000      3.195839345163584      12.56128266262712      1.528689146392864      1.565808646092803      1.038151968077278
                  15000     -10.52606026836905     0.5157603090071082      1.541035663228408      1.596672195641361      127.4556223140686
                  15000      -1.01505936735338      4.937578637411045       1.88444022962849      1.705398227670253      1.036647112564762
                  15000      8.335526523350383      14.53200829375347      1.425711609887419      1.641662282356005      4.211607013821932
                  15000    -0.3705686346426425      -8.60630041839099      1.271688598021034      1.655343054363628      91.52217952803593
                  15000      -11.2369477384404     -4.166612916444163      1.420598119036788      1.592725168094033      257.0863589264537
                  15000     -3.020343455740703     -3.856343011572695      1.403749143991536      1.502968737903377      22.10479965087527
                  15000     -9.118699010100686      2.190355016435676      1.628392481991949      1.636123505030912      26.86099217725881
                  15000      4.394357111886988      1.968943358432909      1.356717615700876      1.454617073413237      9.797671669342517
                  15000      4.425266587916974      6.782877450094491      1.345722646472056      1.508004040569376      21.90471486838836
                  15000     -1.991355916598537      32.29712172438734      1.248972958382486      1.444953307229748    0.01374801956374011
                  15000      3.219262599945068      22.64529609680176      1.544164193717713      1.643042368613582    0.02464480249656246
                  15000     -4.850445007679037     -6.350860598458604      1.336863415133861      1.777883544108843      43.34945943015085
                  15000      -15.9235109417852      1.945143784617859      1.319623731055894      1.475120682076983      89.03534109472929
                  15000      1.954090522927618      1.074136682556271      1.427939872971952       1.61743954006564        21.973092417661
                  15000     -5.481070232624799     -3.344694363244468      1.437869731524295      1.555546030645184      73.80361163467303
                  15000       7.57203483581543      22.65834999084473      1.461849109137089      1.610592813047029    0.03891853766927849
                  15000     0.8178301941579338     -4.844485446629687      1.415508501082972      1.552182574434596      39.22848565956797
                  15000     -13.15864562988281      6.666862964630127      1.449295963398664      1.594618707518917      6.168274142297267
                  15000      0.662073929489482       13.1177195251259        1.4657255274043       1.51722781665421     0.2134342227971949
                  15000     -5.058745681491735     -10.99995582365184      1.237714400037174      1.609399537581483      28.70113218621857
                  15000      12.93733491177365      3.347116929287259      1.332025372323571       1.63031784898547      8.692273114837286
                  15000      15.73717027159886     -8.081133120032215      1.227747996298929      1.477744615940137      353.8234808715574
                  15000     -7.210214659710418     -8.044288355511492      1.449319264831996      1.462799786460119      60.80914518743646
                  15000     -4.688099756229508    -0.6000788556972092      1.259115075298713      1.434497052185247      32.80120233487444
                  15000      4.011467785609939      15.82687544038928      1.338476637643651      1.577995980612042        1.5198463006436
                  15000     -6.657389638110386      1.819878417800731      1.257459962693455      1.439991895208703      24.51444482226056
                  15000      2.678526878356934      14.50029754638672      1.388072889469964      1.493857464922938     0.2337066211972161
                  15000      7.225332260131836      20.93070030212402       1.37877068591185      1.487571267704582       0.35558852366379
                  15000      2.267157554626465      7.559900283813477      1.365993883992825      1.474660001282681        1.4882533190167
                  15000      5.321876525878906      15.18227577209473      1.360559018958562      1.470319441370117     0.6032618843392853
                  15000      2.427981615066528      10.06747245788574      1.354579779300004      1.465830242035959      1.126229254024896
                  15000     -1.495771226416843     -11.95608879281403      1.292348945714017      1.512328267274323      17.57199585335354
                  15000      10.40799739184957      6.932934852720445      1.238145202158164      1.510328502479447      29.16286793313841
                  15000      10.73891082610265       9.28054444976218      1.207844055353486       1.43087265147225      6.054160956578015
                  15000    -0.3275267481803894      9.082892417907715      1.332884496266227      1.437683849406317     0.2525742564827947
                  15000      -4.94288444519043      7.431025505065918      1.331705302525813      1.436182187306225     0.3500166097210655
                  15000      8.514731407165527     -6.021366119384766      1.324766961673321      1.421933857518034      30.54326731944521
                  15000      1.964556098322428       27.8524968528979      1.297932370954172      1.521153227769594    0.02857736054354677
                  15000      5.628431263088586      23.92456939392716      1.208221354913761      1.410661453878354     0.1013209980258943
                  15000       2.39018608653655      25.74824008842822      1.198203271928227      1.419852794735041    0.05011526331486495
                  15000     0.2095554445941173      29.60043329566188      1.306747397833672      1.494380533665949      0.049040948824387
                  15000     -5.998630606421866      27.93942469457422      1.304811293975022      1.467041914506811   0.001116357945076482
                  15000     -2.385740804304331      22.55153275360647      1.184910465907348      1.384977521854685  0.0008481306691836593
                  15000      9.316474141542338      3.861276834256078       1.21249644603261      1.562695917733179      71.84244499556161
                  15000      11.86648545319103      -3.54713064087433      1.186555686284313      1.441835421107499      217.0962446742151
                  15000     -9.014669500452866    -0.4064714822759112      1.238372557011124      1.525501571646011      133.3468293303674
                  15000      2.256178708038904     -11.44506678536244      1.239121821981555      1.435158950887028      34.70632995928053
                  15000      9.946351567758335     -4.695825309097297      1.252093958091704      1.403798398199833      276.1150644042657
                  15000     0.9504185914993286      22.69775581359863      1.259602519389083      1.460274390899934   0.008741430095136801
                  15000      2.935527017096436     -3.716264859190743      1.226097966976866      1.493087755135905      25.91589960708527
                  15000      14.39187893712113      -1.36703513169542      1.225459497969758      1.447339968397223      40.60555267714331
                  15000      1.156052589416504     -1.718354940414429      1.239182467233101      1.451813967968071      5.514443138412359
                  15000      -1.21250855922699     -2.068763732910156      1.232470620767442      1.440571552739462      4.320350435528284
                  15000      11.33168315887451     -9.406392097473145      1.214442078411877      1.411385583661797      43.16875022694915
                  15000     -5.030549132315764      17.39346154267401      1.168762701177514      1.401618272890301   0.001056172336479556
                  15000     -2.107619524002075      23.98749923706055      1.210648490879808      1.417021920171073  0.0005210415894559557
                  15000     -4.902279376983643      23.67914962768555      1.209183153749657      1.423893413059762  0.0003416045511030149
                  15000       6.06329345703125      21.81989288330078      1.197677189996412      1.431743097813626      0.191650219351801
                  15000      10.22733688354492     -8.610848426818848       1.19300329650991      1.424350789229015      48.64064228931823
                  15000     -4.185032844543457      2.303190231323242      1.192324422487965      1.422959387702295      3.211530736417374
                  15000      11.76078937503877     -7.274829777661415      1.130648335234841      1.490354555951037      346.4167930949376
                  15000      9.400425910949707      -13.4070348739624      1.184323094135811       1.40704882415266        3.5277698715093
                  15000     -14.08080364505902      4.980509551188602      1.197767802432006        1.4162261945085      34.58026921556811
                  15000      4.841835021972656      10.84539222717285      1.183675807347857      1.396558535664294      1.825900776419928
                  15000     -6.495269775390625      23.53960418701172      1.180804413766239      1.389947929086196  0.0004150521919271563
                  15000     -3.585875511169434      24.52085304260254      1.179701452347634      1.396587828170529  0.0004832785085075416
                  15000     -3.386870384216309      16.78587532043457      1.178697043752621      1.401505159955369  0.0003446536840023411
                  15000     -7.477238178253174      14.97607517242432       1.17373898027719      1.413154388155563   0.001022463415309331
                  15000     -3.542715311050415     -7.103774070739746      1.146954850274119      1.397475263407571      14.30801024211176
                  15000     -7.294509197237581     -5.167963337248178      1.196173943379001      1.398427419788666      84.33815643566376
                  15000       13.7002477645874     0.0589442253112793      1.143887733487593      1.384967165803614      14.87300602317459
                  15000     0.3960196971893311      20.76713371276855      1.134916574968153      1.379314317209903    0.00574696967059856
                  15000     -3.730371952056885      26.18501663208008      1.132222250503188      1.393682962149068  0.0006062660363197501
                  15000     -12.12386894226074      13.05427074432373      1.130740721312423      1.396714041798861   0.005440806237854575
                  15000     -3.795986175537109      18.29085731506348      1.129815835179587      1.397900939477575  0.0004293443356628489
                  15000      7.000441551208496      12.64107894897461      1.123210524807812      1.400184123679975      1.338246926985228
                  15000      3.059135675430298      3.254810333251953      1.109965551774264      1.400180261673496      1.851395813780035
                  15000      5.931623458862305    -0.3316507339477539      1.102112521959419      1.387687383602073      10.10132012568044
                  15000      8.056828322042817     -7.697106961826352      1.123844197883091      1.389286803466085      69.29635437695073
                  15000      6.936278343200684     -11.62310791015625      1.097063850456076      1.379264795617731      15.04443932673447
                  15000      6.727081298828125      6.821615219116211      1.095259129432712        1.3748420217107      8.375918980753392
                  15000     -10.81611025674144      3.928948542436195      1.164816830819249      1.380554814783917      41.89997439561785
                  15000      9.777088165283203     -11.99476623535156      1.090789489852886      1.364043743345351      12.54065898924173
                  15000      1.535747766494751      4.180946350097656      1.084660002944026      1.355829061255632      1.130331854566273
                  15000     -7.168765068054199     -9.524961471557617      1.079331776461205      1.354178739655285      10.28859646411627
                  15000     -8.838981628417969     -9.013057708740234      1.079220819917929      1.353469699192757      10.48711408348273
                  15000   -0.03437857329845428      -1.12053108215332      1.078643306374749      1.350034141580729      5.357956243891966
                  15000      1.518172264099121      11.79187679290771      1.077985447622747      1.347926280828782     0.3411277577922497
