#! FIELDS time deep20.node-0 deep20.node-1 sigma_deep20.node-0 sigma_deep20.node-1 height
#! SET action OPES_METAD_state
#! SET biasfactor       16.03631500507211
#! SET epsilon   3.735419329000485e-08
#! SET kernel_cutoff       5.848558909940468
#! SET compression_threshold                       1
#! SET zed     0.03843902935021001
#! SET sum_weights       2866.034188302069
#! SET sum_weights2       25816.66079508557
#! SET counter  992
#! SET adaptive_counter  500000
#! SET sigma0_deep20.node-0     0.01307460601159744
#! SET av_cv_deep20.node-0      0.7288881413871872
#! SET av_M2_deep20.node-0       91770.97052598635
#! SET sigma0_deep20.node-1      0.3680437547841756
#! SET av_cv_deep20.node-1     -0.1180748710162903
#! SET av_M2_deep20.node-1       93494.83405027649
                  22000     0.7709707388715172     0.1962198859171224    0.04368671334083828    0.07563610627162905      465.5627858881352
                  22000      0.882341912509193     0.3913665121641072    0.04305603639388132    0.05077845450660037      1.619644850787394
                  22000     0.8107952215655756    -0.4853910661431877    0.04466352352282846     0.0638022789417136      137.3138495831965
                  22000     0.7516793605370772    -0.3112375890562006    0.04441455598627344     0.0552364219561096      2026.495029509067
                  22000     0.7627538051497175   -0.05282825490792499    0.04414064713182907    0.07699263091730435      372.6702122347407
                  22000     0.9812987967992645    -0.9530185197646344     0.0462991031173933    0.06139846429780867    0.02601012215591882
                  22000     0.8249803677113869    -0.7474253294932318    0.04290732310983365    0.05973369875069898      13.22020889068882
                  22000    0.01605713241890438    -0.1029192943383322    0.04641919124478087    0.09903468230489378  9.597425791207389e-07
                  22000     0.1129237487912178    0.01017937250435352    0.02938535850412275     0.2340941514208793  7.591630417534068e-08
                  22000     0.3862468893142296     0.2689676445748333    0.04521376990952768     0.1885625964871189  9.510059250857657e-07
                  22000     0.7728094688311918     0.6081191622194387    0.04394959475114055    0.06209595809077312      1470.932530966846
                  22000      0.845615711173442    -0.8266431846879183    0.04424927111287659    0.05011710632643325      4.887916279052267
                  22000     0.9516829616437126   -0.04862033837453118     0.0457870636217703    0.06191807666342682   0.006114197034956885
                  22000     0.9975585618310905    -0.6042352751481914    0.01747702921344305    0.09557873552305335  1.666629435695593e-05
                  22000      0.939162254029557    -0.3998903790897276    0.01984040964009898     0.1072446871955872  0.0003453303762491957
                  22000     0.8902658352958311     0.3178182303748681    0.05098052753865525    0.06838583470102663     0.1870345690619999
                  22000     0.9187867045402527   -0.06089557707309723    0.02191665868207953     0.1151112375851206  7.585751662572075e-05
                  22000     0.9589832921277015    -0.5458026598704755     0.0155523735246864    0.08572702065192518  8.535261711691552e-05
                  22000     0.8114456565050369    -0.6701014537834949     0.0453851295136939    0.05733461447691447      30.55645957516052
                  22000      0.776697913836666    -0.3804108030043283    0.04361979670689187    0.05597800666864405      773.5860055670174
                  22000     0.7690277903756287    0.05948178426062079    0.04560921842199827    0.05484250227922499      98.92108273813679
                  22000       1.00376570224762    -0.7036857008934021    0.01882967111614813    0.09839313965766465  1.311789117211313e-05
                  22000     0.7732637166286732     0.4779264522745157    0.04409567058297678    0.06806791155673229       689.181285607816
                  22000     0.7697285474356431     0.3912778266475151    0.04624518780315087    0.05207196984165991      141.5932266756587
                  22000     0.9351351761224135    0.05771482736499522    0.04590340542060254    0.05669982079328922     0.0142133176223551
                  22000     0.9168641337769204    -0.2141578762033957    0.01562207078064153     0.0836551439718566  0.0001778150554194732
                  22000     0.9331901073455811    -0.8139595985412598    0.01631906745623704    0.08715148936912361  0.0008210572816457242
                  22000     0.9226191259913664     0.2351113578340991    0.04500548337717356    0.05954370765375842    0.06638365045836804
                  22000     0.8603133517873135    -0.2641143678295708    0.01488445813116333    0.08130603241823364    0.03114642435734215
                  22000     0.8531996607780457    -0.1725213378667831    0.01522509796763868    0.08093167058757834   0.009151691997977406
                  22000      0.881041407585144    -0.5313609838485718    0.01517392373009395    0.08059492185125443   0.005339062135539066
                  22000     0.8738257754232042    0.04372954951268977    0.01424153455729352    0.08306722953637576   0.000714400449877986
                  22000     0.8148469382033927    -0.5814664929666425     0.0484454225554042    0.04989709844062853      26.14965532563162
                  22000     0.9762113690376282    -0.2028204649686813    0.01425205256899376    0.07782478250406098  6.651666565282297e-05
                  22000     0.8587279915809631     0.4622610807418823    0.01395787859535613     0.0764776383640198    0.02657024371804727
                  22000     0.8545308709144592    0.03021502681076527    0.01386517145404716    0.07574513458182489   0.004166993579462873
                  22000     0.5344947576522827  -0.002447818638756871    0.01445610611338612    0.07555421925761516  4.789253145636595e-07
                  22000      -1.00368237031132     0.1483670707569607    0.04640551917977727    0.05366900678626003     0.3055512090900948
                  22000    -0.9554666346406048     0.1892486939403156    0.04629648234608191    0.05212393906170271     0.0465940086406796
                  22000    -0.9144225239545932   -0.04992082051938083    0.04586735784644053    0.05342413535812844  6.264798098116747e-05
                  22000    -0.9399672765883422     0.7501915252810454    0.04627164873044406    0.05828073126347993  4.810784511368427e-06
                  22000    -0.6953520128504609  -0.004028676566147908    0.04201686697382291    0.06506335148872282  5.104109475996962e-07
                  22000    -0.7507247085768336   -0.08381859204470476    0.04276853270752912    0.05791636415362684  5.411152232243109e-07
                  22000    -0.9465336213212513     0.4017136243860226    0.04305180231170168    0.05198964200035109   5.62489062463938e-05
                  22000    -0.7943134588659349     0.2099920247206836    0.04675332115211182    0.04665435586370915  2.680456938582708e-05
                  22000    -0.8907536972218767     0.6600956656720005    0.03997298177892796    0.06725362260348745  1.055874040305807e-06
                  22000    -0.8795390837847112     0.4305064654515281    0.03987203617250486    0.06644074164650927   3.49741224005927e-06
                  22000     -0.856876703090508     0.1696058317834581    0.04523453487433685    0.04923467059995437  0.0009743327587915095
                  22000    -0.6935321096313052     0.1447179980491002    0.04686859571308435    0.05670310778012478  1.487960485792239e-06
                  22000     -0.776719043022873    0.07738966326242212    0.04466292634331542    0.04839067850902407  1.561118554884006e-05
                  22000    -0.9618167841983872    0.07677972483767262     0.0461487275491537    0.04885317466769391    0.01995115870100032
                  22000     0.3642986714839935    -0.2775350511074066    0.03658777240539161    0.06525308155374013  2.321696462374667e-07
                  22000     0.9950116751605357    -0.5095647560255723    0.04275388064923932    0.06558541041753793  2.027807271869482e-05
                  22000     0.9212332963943481    -0.5036541223526001    0.04234315265530442    0.06554710864505903  0.0001097328383922378
                  22000     0.7566747684686506    -0.2356696022220133    0.04512734917570891    0.05164006228279368      344.6915730558277
                  22000     0.9757098886659247    -0.2920860284462236    0.04420565114917847     0.0630366444869408  0.0002189858072024524
                  22000    -0.7413771930882953    0.01739579169507834    0.04456476741301389    0.04990920853398782  3.695332838203931e-06
                  22000    -0.4936047399906431    0.05183856272569211    0.04532658720326117    0.05922149918507056  4.561713716818164e-07
                  22000     -0.735062301158905    -0.3089974820613861    0.04652041211995398    0.06053333858930028  1.856278143697587e-07
                  22000    -0.6492778650727928    0.05224770102184988    0.04753387173463149    0.05302785164246673  1.703799406859965e-06
                  22000     0.8963770032878386    -0.9144876650721058    0.05033803694596216    0.04921387596119862     0.1964795717029549
                  22000     0.6033863425254822    -0.4327177405357361    0.04077355074555462    0.05131833064584157     0.0184132890875772
                  22000    -0.9734878540039062     0.3436715602874756    0.04298796210779348    0.05114293037969664  9.266608102808111e-05
                  22000    -0.9520286868135258     0.2601202201050587    0.04466352223737562     0.0497278091707651    0.01503619183033889
                  22000    -0.8947459658812676     0.5665249333549449    0.04842848990542573    0.05256109636829527  4.282485769296695e-06
                  22000     -0.882227371700102    0.08870932739459279    0.04245478945596631    0.04546970591428919  0.0008561833172825861
                  22000    -0.9627842429728277     0.6691947051903456    0.04324493660091513    0.05491722737713946  2.098000699570945e-06
                  22000     -1.002123236656189     0.7303924560546875    0.04359170216623448    0.04935922972272411  3.031568724574069e-07
                  22000    -0.9473038333331553      0.580481132479796    0.04600433323628363     0.0491594037546258  2.435251453542246e-06
                  22000    -0.9513131021888809     0.8265541538529707     0.0473644633349764    0.05147097089919317  5.631579837622741e-06
                  22000     -0.841888964176178     0.4997735023498535    0.04300455443117639    0.04894333209032492  5.412184815335843e-07
                  22000    -0.8981161117553711     0.4979169964790344    0.04251487538907577    0.04846804369348488  1.726600805299338e-06
                  22000     -0.946994122147474     0.8985495837853013    0.04585800235157982    0.04889163638929887   1.61740029561769e-06
                  22000     0.9795718193054199    -0.8000107407569885    0.04521818695580906    0.04823187957817128  0.0007713657761142402
                  22000     0.5699601173400879    -0.1796850562095642    0.04528179652954323    0.04824060552263183   0.002357879159188307
                  22000     -0.358802855014801   -0.04619903117418289    0.04539505789185991    0.04820621130930642  2.386575467737446e-07
                  22000    -0.1382398456335068    -0.1772072166204453    0.04539304849849179    0.04819355156082745  2.387078352029309e-07
                  22000    -0.2083742469549179    -0.1063531264662743    0.04535983153238494    0.04817875091557371  2.427866202054234e-07
                  22000    -0.3000335991382599    -0.1586313247680664    0.04614416612606158    0.04810536428386614  2.390191587661068e-07
                  22000    0.08053379963358251    -0.2749924747516653    0.04684106879176159    0.04631302672918724  5.369715367944822e-07
                  22000    -0.2978678047657013   -0.08527692407369614    0.04613096870343571     0.0469552573728001  2.641869750819037e-07
                  22000    -0.1383301764726639   -0.04401781782507896    0.04612074226186937    0.04691921980463137  2.463930004209722e-07
                  22000     0.1724397162958938    -0.2574649267574789    0.04613832836942757     0.0476232713377033  8.663209364100003e-07
                  22000     0.2044348418712616    -0.1597441434860229    0.04556540625388563    0.04661167699264107  2.469747446616463e-07
                  22000     0.4862958192825317    -0.3297223150730133    0.04695260176487114    0.04632096676832462  4.891080882565409e-06
                  22000    -0.5958114145554134     0.0291054619511383    0.04707028923900792    0.04915867373633817  6.765818714830385e-07
                  22000     0.1962425022612127   -0.03236148633781315      0.045625842438931    0.04564027939721464   5.69960307732477e-07
                  22000     0.9574853777885437    -0.2161760926246643    0.04540215268873096    0.04575818582483596   0.002484148859955674
                  22000      0.939362804344919      0.166058310565438    0.04319095756096761     0.0475121632822496      0.022311212601541
                  22000     0.7124094367027283    -0.3417325913906097    0.04463843298925536    0.04566233611982273      19.57420263158268
                  22000      0.650384247303009    -0.3365746140480042    0.04466675197742326    0.04562489618494821      2.148817232184536
                  22000    -0.2466862201690674   -0.07470989227294922    0.04442944613954203    0.04536151309006933  2.919473705194943e-07
                  22000    -0.4297080338001251    -0.0599551759660244    0.04445664507946561    0.04533211815003661  2.693750830195621e-07
                  22000    -0.5582221150398254     0.1446850597858429    0.04448597787378019    0.04530426900185071  2.777486908853961e-07
                  22000    -0.9111586028538077    -0.1045862145851869    0.04910573354684862    0.04787316085995753  1.717181130228455e-05
                  22000    -0.8845734775666847    -0.1575784966420951    0.04844786740183629    0.04637994357945669   4.65207092076664e-06
                  22000     0.2508475780487061    0.05912480503320694    0.04574081395973106    0.04509578416381822  2.538321393884518e-07
                  22000    -0.7371150851249695     0.1229232400655746    0.04574517344692425    0.04503904558846229  2.832683445606546e-06
                  22000     -1.011987447738647     0.6022565364837646    0.04578170583576679    0.04507493579321006  4.190778628317995e-07
                  22000    -0.8291777968406677     0.3119067549705505    0.04582953078001442    0.04511670871190898  2.595122674491648e-05
                  22000    -0.7028439044952393   -0.08280783146619797    0.04581068881023865    0.04500973200556731  3.375824752218431e-07
                  22000    -0.6349473595619202   -0.01041741762310266    0.04578492989071518     0.0449804538439648  3.862021966075336e-07
                  22000     0.7683745367373013     0.3129056540405224    0.04470289143109532    0.04781674692919746      57.48856958950834
                  22000     0.8694316148757935    -0.6365622282028198    0.04544874964942359    0.04440654023207679     0.6563025840816566
                  22000      1.005990345151211    -0.3500197307910001     0.0439657816377288    0.04477698040046161  0.0002108769532845721
                  22000    0.05855481326580048    -0.2119654417037964    0.04536862501798794    0.04439042857071317  3.122019373629114e-07
                  22000     0.8172138333320618     0.5260096192359924    0.04351373502416798    0.04350173815016256      16.10046794180594
                  22000    -0.1368073970079422    -0.2858823835849762    0.04334024415496005    0.04349907734448514  2.786941567795061e-07
                  22000     0.7849706383442145    -0.1628208049781754    0.04203338819427114    0.04305684013840275      19.68183462319827
                  22000     0.2494614720344543   -0.01155328750610352    0.04264909945703835    0.04320932725555989  2.947808308475933e-07
                  22000     0.7242766618728638     0.3777190744876862    0.04194839787887113    0.04304619813309873      5.944117613581831
                  22000   -0.01578492857515812     0.1058634892106056     0.0413659750438164     0.0428977041809788  3.008116982050656e-07
                  22000     0.3229936361312866    -0.3003067970275879    0.04172452397315512    0.04284361607387972  3.024865592911344e-07
                  22000     0.2375373989343643    -0.2410410046577454    0.04184771694732111    0.04280631843939185  3.199658429115501e-07
                  22000     0.4240009784698486    -0.1771967262029648    0.04207234328572553    0.04277409821770385  1.273619252407466e-06
                  22000     0.7679776258534777    -0.5101444316608382    0.04232706207074038    0.04344999535330545      7.025453898503377
                  22000     0.5395230054855347     0.2318973392248154     0.0419396915333252    0.04266594671607697  2.293246009793574e-05
                  22000   -0.02113473229110241    -0.2330212891101837     0.0415424631692503    0.04212017217416385  3.282394156155047e-07
                  22000    -0.5344897508621216   0.006643327884376049     0.0417417359252233    0.04209376373803103  3.419924332221645e-07
                  22000     0.5904284715652466   -0.09463626146316528    0.04173559224045295    0.04208090865234052   0.006570739395213358
                  22000     0.3345596492290497   -0.05640650540590286     0.0412566614606361     0.0415912935129931   3.15121994833763e-07
                  22000       0.95893394947052    -0.8876107931137085    0.04145544825527511    0.04147486990071562   0.007063622695297784
                  22000     0.8558536171913147     -0.687222957611084    0.04105958484398482    0.04133237819888565     0.7683582594544571
