#! FIELDS time deep26.node-0 deep26.node-1 sigma_deep26.node-0 sigma_deep26.node-1 height
#! SET action OPES_METAD_state
#! SET biasfactor       12.02723625380408
#! SET epsilon   2.008904905162975e-06
#! SET kernel_cutoff       5.122093479753262
#! SET compression_threshold                       1
#! SET zed      0.1211124811501918
#! SET sum_weights       1039.543232759455
#! SET sum_weights2       4386.377305935658
#! SET counter  992
#! SET adaptive_counter  500000
#! SET sigma0_deep26.node-0      0.1576468571023064
#! SET av_cv_deep26.node-0      0.1629330644449767
#! SET av_M2_deep26.node-0       92253.41429127686
#! SET sigma0_deep26.node-1      0.2502039838023678
#! SET av_cv_deep26.node-1     -0.1699430377455421
#! SET av_M2_deep26.node-1       97586.34284807454
                  28000     0.7861115022719325     0.5826937638066478    0.05942460769149832    0.06926863472015327      192.1073158582952
                  28000  -0.001034207048585877    -0.5537085140173382    0.06318248763093462    0.07908507698271172      71.71582229830403
                  28000     0.1554589800585071    -0.8007607397193398    0.06662929349549082    0.06477131559393433      1271.702425433788
                  28000    -0.4310754206229878    -0.2866560073413053    0.06123370140686235    0.06817972015842533      6.071890268036752
                  28000     0.7578076332780983    -0.4688037694235092     0.0633661681538932    0.06261091379941937     0.6027463610751341
                  28000     0.4508090699438306     0.5184523715886492    0.06613170027233244    0.07057290436244114      108.3250598608767
                  28000     0.7680225755426076     0.3796812917818669    0.06048887675159743    0.06752601220550877      209.9882298474197
                  28000     0.5771565309214532     0.1622904396001562    0.06141531472144214    0.06658042268879386      161.8712360543137
                  28000     0.5023479455360488     0.6757475057175441    0.06508217152273568    0.07654468125648317       34.0136351439682
                  28000       0.22163052403194    -0.2389913189935724    0.06182219134804316    0.06890366570637774      25.56657197863066
                  28000     0.6193220968787656     0.4027428979077605    0.07037451338160268    0.07577211047173099      626.0587944272069
                  28000    -0.2554508880367178    -0.5267260827373966    0.06049203092125371    0.05927751876181985      4.001016233298783
                  28000    0.02797209249706894     0.1790147181991131    0.07265771119353448    0.08329756547704566       0.21675264807293
                  28000     0.1788149356026535    -0.4102635136906294    0.06223115908269079     0.0666873214687539      27.43591415112451
                  28000    -0.8306384689023683      0.348915418356365    0.06916786075089415    0.06599164489373026    0.08470566214400094
                  28000     0.4430747098323716 -0.0005995092125760445    0.06576196101177446    0.06412205187575427      211.4729872461804
                  28000    -0.6673078781341336      0.184947362343312    0.06154252593874122     0.0607761394522509    0.08138725250303293
                  28000    -0.5435185983399576     0.1389948750696669    0.05712403989128847     0.0647705109639705     0.1417558289309116
                  28000    0.02141557891700233    -0.6859831763219238    0.06664295134396868    0.07275678634667423       224.245451488728
                  28000     0.3468924196860885    -0.3699793391904265    0.06105960884941514    0.06414871902401002      97.17273647082096
                  28000     0.2744122761666344    -0.8599672416810893    0.06025762497261455     0.0630141264682442      945.6926765285874
                  28000    -0.7644975252805858     0.6272439847218646    0.07174015952518041    0.07543522368848811  0.0002662751992354088
                  28000    -0.7445204912433225     0.5063114118109101    0.06515171792481493    0.06328342851173188   0.009738484622427955
                  28000    -0.1545464329801102    -0.2867169749092943    0.05662451902356353    0.05783944271912921      4.407891496346257
                  28000    -0.3574225902557373    -0.9106165170669556      0.103237131390523     0.1170392908859799  0.0009693551403973864
                  28000    -0.6670371076482342     -0.107736630016622    0.06364142987020668    0.07610186746512648     0.2989523870337997
                  28000    -0.1708423515226866    -0.4114780042918558    0.06604858749456592    0.06490180547495057      28.48537195990402
                  28000     0.3701159893361912    -0.6231811052053174    0.05717928736642731    0.06239125231388749      196.3740047035848
                  28000     0.6364160827849316    -0.5998479534026887    0.06836744604449027    0.06592739987964243      1.044153338154135
                  28000     0.5522275567054749    -0.7803894281387329    0.09686916455547336     0.1033910931847608     0.6361111296698941
                  28000     0.2861651091896119    -0.7312066840535338     0.0732275109507696    0.06997829393271275      557.1043247239608
                  28000    -0.6434401224411881    -0.6246174995533151    0.09029920633572172    0.08832171758940184  0.0006279375429179615
                  28000     0.3505896364558355    0.09172409819180483    0.06041897201847272    0.06635430272710563      79.10268441927603
                  28000     0.6681584985509305     0.5782567062148763    0.06742933040969931    0.05987263813052958      881.5910937768522
                  28000     0.6454485663401565    -0.3916114253343708     0.0681802373110952    0.05923192555934046       4.75020419563926
                  28000     0.5126200956228875    -0.3225298613256294    0.05810277155679475    0.05961599071850165      15.41228516235376
                  28000     0.7151222222298905    -0.1021231175869067    0.05739440990438951    0.06103800012822713      2.022967134006797
                  28000    -0.4752022549004787    0.01947717569525387    0.05992533576116264    0.06186227727897385     0.4509955333933118
                  28000     0.2170326411020722     0.2757391295982205    0.06158079669604515    0.06822405528997226      5.744152075241033
                  28000     0.4142688223605569    -0.2217119160154014    0.06121782499820307    0.05958419543569314      52.48488721958745
                  28000     0.4512575733192007    -0.4222224934513402     0.0647554005499755    0.06529763517619397      28.60455723818764
                  28000     0.1119993948574929     -0.625205658146629    0.05849027984260313    0.06415070077664145      251.1680330519454
                  28000     0.1202583455898563     -0.485244579934178    0.06432464834070262    0.06549965542892713      27.07155124786535
                  28000     0.3568499901726746   -0.01714339563279191    0.06475700766499558    0.06851215958331527      99.47941850945566
                  28000    -0.5757604366227077    0.07264152721649968    0.05732551284673807    0.06363999863866063     0.2237251075415085
                  28000    -0.1703651306060908    -0.7102054212564831     0.0575550070231798     0.0619485066538413      8.440948807344862
                  28000     0.1459702204112146    -0.1690960925421174    0.05938715386513903    0.05868887071440188      10.30597812389767
                  28000    -0.2977388194412858    -0.3097304975121659    0.06343823022522503    0.06796484191743682      11.18513968745607
                  28000    -0.7934035457232348     0.1639188691634306    0.06339448184728991    0.05815324349244149    0.07652234769676546
                  28000      0.428097506878702     0.1636291505720021    0.06466743578887019    0.07327198950822622      108.6839062937934
                  28000     0.2676811146912268    -0.6127245248672567     0.0593830285331044     0.0647567278711661      270.1200992609603
                  28000     0.4024676591705498    -0.5197788611337959    0.06424437938076112    0.05699151034273101      44.34479273210589
                  28000    -0.0585538476705327    -0.2173134323326916     0.0665832258453206    0.06400808943139866       2.23313412077548
                  28000     0.7623608951970597     0.4952891682208121    0.05661386953791836    0.06226201535290075       633.374253151918
                  28000     0.5039422253081779     -0.192088838036789     0.0630102114164105    0.06237737792094905      60.81848564453321
                  28000     0.6325003412530307   -0.02129691993971263    0.06698673076104261    0.05946738384457504      25.65932760630796
                  28000     0.6041289407150768     0.2798704578054646     0.0544600306758357    0.05770317574001297      249.5193978955073
                  28000    -0.1623239793997124     0.5440741456544174      0.062066285382979    0.06547568473405477  0.0005382468672309781
                  28000    -0.6942022608634684     0.3668896326322531    0.05862064449691739    0.06459198603905743     0.0179362364348242
                  28000     0.4053037051552622    -0.1169773970851218    0.06137178956966675    0.06006173977959589      127.7245186835775
                  28000      0.824046353162441    -0.1411177686217627     0.0595682076138231    0.06034018835744669     0.3100034378988905
                  28000      0.571191888202136    0.06330828693376477    0.06321059248412576    0.06367179548540515      42.88135109317906
                  28000     0.5736108422279358     0.9066539406776428    0.06627620961428818    0.07070228630943583    0.09592149702886507
                  28000    0.09499045844775857    0.02437681455287113    0.05831947671839597    0.05592891793839262      2.335591358560024
                  28000    -0.3581176478654953     -0.210828003528405    0.05673744675666625    0.06120372235412354      5.732864553144952
                  28000     0.5921970040111684    -0.5140290890037889    0.05857160296869766     0.0606177848635332      6.223985315174019
                  28000     0.3399631267281943    -0.8081722959155851    0.06275170357676413    0.05775940116779276      163.8957174692234
                  28000     0.1154951129533027       0.39457267818609    0.05934658430730221    0.06279184548427573     0.3806998050835342
                  28000    0.06006395509143374    -0.3012845896061847    0.06213173033494786    0.07037802987193915      7.825211889339847
                  28000    -0.9588937683982239     0.4364161887793157    0.05862064172994081    0.06000272462732782    0.01951864041896673
                  28000     -0.147662424331238    -0.9115191487378838    0.06487821157884724    0.06757294239581489      1.041489642410525
                  28000    -0.4758284273717371    -0.1679049307796855    0.06041558869754098    0.06406250694805835       2.40666477255099
                  28000     0.6944552037529932     0.2015466740685067    0.05549171414103875    0.05851372852461144      149.6444177948529
                  28000     0.8514192992036637     0.5426575552145643    0.06195825495109121    0.05947889445284481      87.64197102043659
                  28000     0.5158149735171569     0.4224864438321695    0.05895654524953311    0.05660494694779166      142.9958610209745
                  28000     0.2336865167164372     0.8953749453489294    0.05943463753781321    0.05974812450177602    0.01459098238339291
                  28000     0.6519274203262453     0.1193075840350416    0.05649498984968316    0.06222281658483064      71.94414723496668
                  28000    -0.3097025317887048   -0.03818006387792786    0.05848301866374519    0.05751040269546824     0.3339390101862957
                  28000    0.07459658939161412     0.8269442809220899    0.05344095323935197    0.05646145687209307   0.005118159749198132
                  28000   -0.04931490619573255     0.6991905917141401     0.0539410440130852    0.05410352252313903   0.001271251682585958
                  28000     0.4704841698833496     0.3155154871461532    0.06437770423445321    0.06576882356866154      65.38770000769284
                  28000   -0.08370832019329341    -0.6429492035658151    0.05743476836848559    0.06398968501785439      51.79648063425579
                  28000    -0.7529102123539299  0.0007498544931716331    0.06106863126924096    0.06211343497553186    0.04725943695081351
                  28000    -0.5698791645394621    -0.1071086485570331    0.05567620838841274    0.05601065674604458      0.505459855562349
                  28000    -0.3222293945738945    0.03604436461352828    0.05519243570616782    0.05936040356082155    0.03390486568433099
                  28000     0.2396689504384995     0.7801075577735901    0.06327303826912718    0.06532815914040652    0.05118168281782102
                  28000      0.618526850538223     0.5296896728019447    0.06343049984441895    0.05980860428886766      354.9522251722944
                  28000     0.2288176861566695     0.4865872071595644    0.05807616605020519    0.06090391492262176      1.546344587449384
                  28000     0.4732744781307107      0.825845977719889    0.06025547316688109    0.05913926631968461      2.369126575190563
                  28000     0.4039970761419752      0.731770853955216    0.06372323179274214    0.05798612836086155      6.568729569772929
                  28000     0.2469166238810611    -0.4050997290971555     0.0594323951855505    0.06905706309843998      28.05739305279564
                  28000     0.7950454979427315     0.1170634969545993    0.06232254298254151    0.06225229861791931      7.419183917368835
                  28000    -0.5714282393455505     0.4007084667682648    0.06275940059860971    0.06439894033470675  0.0009176526533046086
                  28000    -0.8895016756945677     0.5709301710839922    0.06063516100441045    0.06145790413123616   0.002725638447456631
                  28000    -0.5671773483940572     0.4975345817631475     0.0549155594757091    0.05579409683464813   0.001974405432647797
                  28000     0.1980360609203208    -0.8946934986626947    0.05814862958970164    0.06094857564337867      857.5303953562827
                  28000   -0.06089888938044415    -0.3081000408216441    0.05571254624217414    0.06046227590644603      3.157617944655266
                  28000    -0.6497123080447934    0.04376075830511361    0.05936450076458257    0.05629338615838587     0.2755436202637833
                  28000    -0.6229462536017706     0.2465316230710332     0.0566841196793475    0.05876755057220529    0.09328906668686837
                  28000    -0.1016682096575924    -0.5376670677117217    0.06131592787160618    0.05932465728041086      28.56887267432596
                  28000    0.01865903474012625     0.6274702822926642    0.05054679238360555    0.05346694721422754   0.003511023190137867
                  28000     0.6925913193560727     0.4328276393318282    0.05952958519268569    0.05886034362828347      354.6032740544577
                  28000    0.09396819599812577     0.5390120450333442    0.05921977980894717    0.05803042150043124    0.07087018301653358
                  28000     0.3307525515556335     0.9531696438789368    0.06298961138372056    0.06294965868860664    0.01157552587822111
                  28000    -0.3194887260508535    -0.4540174786646571    0.05719241127239701    0.05803599299564365      2.893580349933549
                  28000     -0.247297003865242      0.243281751871109    0.06286868138960491    0.06286551967185805  0.0003048280283964108
                  28000     0.2887288107225944   -0.09721210602063197     0.0627027737329561    0.06536361172349578       13.8111330676294
                  28000    -0.3460402607911433     0.4137316369996003    0.05764456485926762    0.05784410692654445  0.0004894759255324241
                  28000     0.8000292446685973    -0.2816485190247383    0.06051914312317531    0.06464582672492174      0.317278885119228
                  28000      1.011120319366455    -0.4343084692955017    0.06089496707712153    0.06185795193682526  0.0001265962197605667
                  28000    -0.3582512438297272     0.1803070306777954    0.06104106265540639    0.06147699587673725   0.002532569405942974
                  28000    -0.3956595063209534    -0.5146394371986389    0.06114892869839144    0.06136867141057889     0.1235644589349364
                  28000     0.2415816359083707     0.1420443045913476    0.05854026468720858    0.06297136604804517      14.54525441040533
                  28000      0.855022132396698    0.03313349559903145    0.06110602526909132    0.06120120372948114     0.2154967156782007
                  28000     0.5336228308934935     0.4872992172310602    0.05792779114171751    0.05869186050156396      70.54698499082622
                  28000     0.6742195897601246     0.3073963066900256     0.0576205472630253    0.05831305694350162      74.51485583310296
                  28000     0.8623170713147676    0.09444188685724411    0.06083496498212312    0.05860891214699305      1.116406050746342
                  28000     0.6011388969751663    -0.1805560900361942    0.05955045646372504     0.0637875602801191      7.751225637427473
                  28000     0.1503585075739668   -0.02740029821229376    0.05632845877450902    0.05952560773583419      6.664156551247106
                  28000     0.8278729776992155    -0.4303501587944019    0.05353347204907335     0.0549557815390043     0.1342914872018071
                  28000     0.6851282503288993     0.6604722734538971    0.05450992128859417    0.05603586985962659      122.3074330193096
                  28000     0.6410638802693263    -0.2473036785336415    0.05548798371352793      0.058811469039657      6.356458224120596
                  28000    -0.5038832119773037    -0.0707848873446289    0.05787831144604243    0.05803315211643045      0.545419989083905
                  28000    -0.1645113229751587     0.1424369663000107    0.05845192366800781    0.05932942104510738    0.00278699646716135
                  28000    -0.7646006667535936     0.2880612619524873    0.05428855813323492    0.05508987285617776     0.0538155647665365
                  28000    -0.6110025644302368    -0.2515392601490021    0.05880990160272148    0.05913939498277523    0.07966755862824652
                  28000      0.353586471789421     0.6514843539606587    0.05829148006348526    0.05941554350731893      12.74233645833359
                  28000     0.5036782256287172    -0.5756960425310746    0.05690642303250509    0.05901590846693243      18.11447848944092
                  28000    -0.4617435336112976     0.3215154111385345    0.05855547302617865    0.05890444280478713   0.002049611461081585
                  28000    -0.3280137828549115    -0.6050447415497296    0.05604370698941033    0.05567517166125291     0.8585194932672993
                  28000     0.2267057158135773    -0.5253012228754786    0.05720794112842226    0.05988063702669168      32.57016007834595
                  28000      0.156281475959949    0.07445475994345348    0.05506126366742647    0.05593289292624406      4.121832393054444
                  28000     0.3709688665868506     0.8685050852524283    0.05553480929981984    0.05681983387424002     0.6766065671566739
                  28000     0.3217977285385132     0.3646911084651947    0.05821304113205578    0.05834096592776303      1.986878508587765
                  28000    -0.0838327631354332     0.1754934936761856    0.05802210467892165    0.05822990128858861    0.02058493074831037
                  28000     0.8215194380288043     0.4508380774005901    0.06027504512232516    0.06397949158645486      158.9779717397572
                  28000     0.6326040029525757      0.212630569934845    0.05741872402394811    0.05780110205200593      21.16923903576301
                  28000      0.290174157446876    -0.4797959702342678    0.05374583223925274    0.05797650837298397      69.65561046259458
                  28000     0.2848379896133857     0.2255072554178698     0.0553727436598461    0.05522449935050202      6.647754815575514
                  28000     -0.531621515750885     -0.346720963716507    0.05593913937571322    0.05764466481349046     0.1711559932687727
                  28000    -0.5964531112257867   -0.05177506813450314    0.05282882125057641     0.0547418745156744     0.3145071761066245
                  28000  -0.004200622400839118    -0.1376185489320992    0.05698300757562895     0.0553180010289829      0.843316867590501
                  28000      0.977195680141449    -0.1598694175481796    0.05615369896815984    0.05754813419669175   0.002834768922577672
                  28000     0.3024894297122955    -0.2567194104194641    0.05598427088724499    0.05734234647181813       3.78161227393694
                  28000     0.4423166868500346    -0.6734137466499265    0.05613911780593852    0.05935525662963758      22.99502701091255
                  28000      0.223252922296524    -0.1027976050972939    0.05574671560955842    0.05727808144429573      4.316836994798823
                  28000   -0.03588075465751494   -0.02838351745770552    0.05292290384768085    0.05669044612487341     0.1611560390969057
                  28000    -0.2365116183727103    -0.6847376326363609    0.05547925695687343    0.05883358220861883      4.639155124280431
                  28000    -0.3097115457220552     0.5717595507865925    0.05739803708524913    0.05503477724698688  0.0002233886302627957
                  28000    -0.2981178353112733     0.6893771537085628    0.05186852713681921    0.05802528908491168   0.000454135588590744
                  28000    -0.2434164915379661     0.8136576659975613    0.05316433305290736    0.05656707444269032  0.0002309580061399532
                  28000    -0.1031918400021567     0.7734046239856476     0.0576982183042471    0.05279653300376736   0.001158043053071279
                  28000     0.1631412524666044    -0.7179834781724372    0.05566691998193059    0.05576767125060886      351.1187030133586
                  28000   -0.07864672263339838    -0.4158938480616341    0.05464288483853875    0.05713930978181096      9.176739726297162
                  28000     0.2481193053438875   -0.01576444967455735    0.05766130141534363    0.05507086968708609      23.19785449980604
                  28000     0.5395281899439501   -0.08702673270142908    0.05525347477818718    0.06152724951053972      103.0617223768612
                  28000     0.9039297166885716     0.4315228177883715    0.05635399849645835    0.05759384597484199      22.12240982286858
                  28000     0.1138284372609111     0.1864709095043532    0.05352329979317457    0.05486656913296399      0.728420945960094
                  28000    -0.5214789509773254    -0.2870462834835052    0.05497511035957588    0.05720274507845281     0.2846826763462547
                  28000    -0.1008807793259621   -0.02057783491909504    0.05499272175314527    0.05712372299656639    0.03350920414928496
                  28000     0.7301796674728394    -0.5853404998779297    0.05496179777536227    0.05712959307466311     0.1647426595093517
                  28000   -0.06905248836935228    -0.7820755838185554    0.05348250071462084    0.05513872521501593      60.72145918029089
                  28000    -0.2817120258009719    -0.1490502447702128    0.05749169494850468    0.05506270626955597     0.6924833762603401
                  28000     0.7794422507286072     -0.635015070438385    0.05472708282255102    0.05606364011033305     0.0630262661738285
                  28000     0.3374189906140173    -0.1870467160253661     0.0579211371562159    0.05495883363637215      22.54165061156995
                  28000     0.7511714100837708     0.7707062959671021    0.05453645960996968    0.05605589604731678      3.600302577670679
                  28000    -0.2216628044843674    -0.1229260116815567    0.05437247905766523    0.05598289859381233     0.1183012946563817
                  28000     -0.654825539501214     0.4773383397967517    0.05379158730840445    0.05553860653305304   0.004903569871380508
                  28000      0.612374101284154    -0.3124173710848422    0.05343314717659722    0.05493801443343386      3.130376160305443
                  28000     0.3002078090838931    0.04024135058527808    0.05507469313742805    0.05353255460637545      48.49890476897453
                  28000     0.4116618923251292     0.6096536003177879    0.05192748545261971    0.05593628661551044      27.57665745057127
                  28000     0.8267832514818551   -0.06059096062594641    0.05206424504015138    0.05376305511131211     0.6093205819495953
                  28000    -0.9042901992797852    0.08908961713314056     0.0527168052641413    0.05434950482896886   0.002646630491515811
                  28000    -0.5483239889144897     -0.209180161356926    0.05284658551944357    0.05430892502181628     0.3051565678501317
                  28000    -0.4042481337291202    0.07311623651831735    0.05297061442292289    0.05425753685254511    0.06186762406370497
                  28000    -0.2251835465431213    -0.7922360897064209    0.05282559462436787    0.05417386946837725     0.7390145968180866
                  28000     0.7111060619354248     0.7137078046798706    0.05256860718252439    0.05419571732058916      16.70756805058203
                  28000     -0.151603564620018   -0.06640762835741043     0.0525693787026795    0.05426404201388621    0.03160626589017326
                  28000    -0.4662842750549316    -0.4354888200759888    0.05253258418212283    0.05416007099578669     0.1453871651243971
                  28000    -0.9343581923249813     0.3461620983170116    0.05400019217666719    0.05776570208708044    0.02493892669899767
                  28000     0.9072790741920471      0.637103796005249    0.05247946502394741    0.05408523070895611      5.341699214021665
                  28000     0.6205741763114929     0.6354390978813171    0.05223786555168637    0.05395743725486417      59.63678640950354
                  28000   -0.02145271858413406    -0.4056423740625872    0.05084352849536802    0.05502554845122595      6.305761924774388
                  28000    -0.4373531886427297     0.6072077036560379    0.05220610025788247    0.05359240085955754  0.0002894282451308207
                  28000    -0.4833236038684845     0.4672171473503113    0.05237725819445152    0.05384632089121121  0.0002366042174625649
                  28000    -0.2120717167854309     0.5980450510978699    0.05235611957727696    0.05384624436295447  0.0001990167958279611
                  28000     0.1545279175043106    -0.3253004848957062    0.05241166365149953    0.05375816048856703      3.373942559975057
                  28000    0.09728471323545768      -0.75051405401117    0.05299673300289395    0.05305477513507204      182.7355947354211
                  28000     -0.410774211700652   -0.02468440740348221    0.05245382191149364    0.05654482060193446     0.1353631772075069
                  28000     -0.534649378025969    -0.5297408030484932    0.05475061773598852     0.0527755928743909    0.02017403848922271
                  28000     0.4982409384415828     0.2141911408057931    0.05288846494276713    0.05790220075632323      84.03827106819969
                  28000    -0.1902382224798203    -0.5105705261230469    0.05216631450433767    0.05332920299630708      2.514379948010952
                  28000    -0.2587394040414208     0.1248273745790212    0.05337422773891354    0.05479220956583693    0.01286286061821567
                  28000    -0.2398003420479423    -0.2562690399821788    0.05401027727854307    0.05534821683727969      3.380177839826104
                  28000   -0.09317557116822318    0.05206314228089752    0.05151543340728444    0.05580239173028737    0.03668146114129357
                  28000    -0.7336582541465759     0.1370150446891785    0.05204017834243389    0.05279934116937322    0.02007358590858284
                  28000    -0.4538151025772095    -0.3756708800792694    0.05203341324059837    0.05276115449918878     0.3483745805596673
                  28000    -0.3536129977416388    -0.3617228693757782    0.05658893374710974    0.05369189855224928      3.654156255558947
                  28000     0.7040888071060181    -0.7389985918998718    0.05199640582041873    0.05254848535965468    0.05872611503430535
                  28000     0.1081197336316109    -0.9122911691665649    0.05185339928243912    0.05248745148502222      48.73251592610826
                  28000     0.5138839483261108     0.1346083730459213    0.05165185487464903    0.05239497220089891      18.57674333553397
                  28000     0.3840664625167847     0.3899571299552917    0.05157789545125529    0.05231101635732949       6.53553549199848
                  28000      0.522806788915295    -0.4540562096256207    0.05296942970178194    0.05383551989313935      6.536549305664677
                  28000    -0.2009921338116895    -0.6005695538546367    0.05233816273592207    0.05188210346500008      4.350798031390341
                  28000   -0.09231193486655086     0.4909244105057085    0.05126047923516328    0.05220462046288869   0.001052420640616523
                  28000    -0.3538763821125031     0.8396279811859131    0.05126659800492139    0.05229173731017468  9.380577145698656e-05
                  28000     0.3296319544315338      0.500243067741394    0.05125450904531294    0.05234882558344659      3.594575030359346
                  28000    -0.1907991170883179     0.7256331443786621    0.05126111891520124    0.05238628728402996  0.0001615469518418441
                  28000     0.1465827822685242     0.6392582058906555    0.05125415736930027    0.05242709880737286    0.01110838685687688
                  28000    -0.4316661059856415     0.8428731560707092    0.05125187513839937    0.05243283523108228  9.929707933327446e-05
                  28000    -0.5014962553977966     0.7575196623802185    0.05120944307630181    0.05240810292663008  9.326901886496507e-05
                  28000    -0.3186948895454407     0.4919720888137817     0.0512307551701572    0.05234127494822408  0.0001901579513234087
                  28000    -0.6657547890023666     0.6914981077381258     0.0524630025501889    0.05199460514552631   0.000367336079489869
                  28000    -0.3939267953791996    -0.1263671468975947    0.05433961039778656    0.05256388974545018      2.223173241353985
                  28000     0.5453600035530146     0.5810431216516421    0.05030653883446874    0.05616331621370296      85.58981718593628
                  28000      0.271771639585495      0.630078911781311    0.05114492097968876    0.05244844925967275       1.06779344730845
                  28000     0.8011701068247241      0.311915078968186    0.05105934484104006    0.05378604550356755      40.63975977821939
                  28000    0.07531969249248505    -0.2120477557182312    0.05119523355510008    0.05240276437740117      1.477050030854873
                  28000     0.7562230825424194   -0.04060052335262299    0.05118563250572162    0.05239350926454365      1.147992718561657
                  28000    -0.4660061895847321    -0.7732906341552734    0.05128237927587997    0.05249097017798565  0.0003051745001440902
                  28000    -0.1694213778933068    0.03244163504853698    0.05245714107781526    0.05515909542211317    0.03337735974730459
                  28000    0.03583613038063049     0.7654197216033936    0.05121468765279338    0.05252567396685211  0.0007745690691891707
                  28000    -0.7406357526779175     0.7862982749938965    0.05120138678556355     0.0525766499228708  0.0001038085551636634
                  28000    -0.4296755790710449     0.4607292115688324    0.05117521255064744    0.05263733927467031  0.0002657559842548704
                  28000    -0.5738908735185182     0.6153701226060019    0.05086304476105175    0.05271377195596494  0.0004556070440547034
                  28000    -0.3672356307506561     0.6725720763206482    0.05115928145068066    0.05265161364635427  0.0001108315764008737
                  28000     0.3029183447360992     0.7715040445327759    0.05115438819187622    0.05262320696430446     0.5563202519264802
                  28000     0.5358105377644135     0.7600850513068259    0.05071858868080415    0.05583731226616065      7.083020368971422
                  28000     0.5517211556434631     0.3379632830619812    0.05119350243039962    0.05253773818058435      49.52714191925747
                  28000     0.8670646548271179     0.3657184839248657     0.0510090288437164    0.05240047292897352      17.31108748176447
                  28000      0.378754585981369     0.2940104007720947    0.05092870838523054    0.05231634345241433      6.051758423845583
                  28000     0.1563242971897125    -0.1038048639893532    0.05074354826297911    0.05231415510941206      2.200791705517234
                  28000     0.6703903675079346    0.05770191922783852    0.05072353413513771    0.05230975608687709      7.842055057350438
                  28000     0.7543504238128662     0.2418842762708664    0.05064430683086225    0.05227813401608495      16.15028418344694
                  28000     0.8720453381538391     0.3116829693317413    0.05058492757807243     0.0522418264750877      8.727956652293088
                  28000     0.1213864237070084     0.7531423568725586    0.05048799302099517    0.05217566462240936   0.004093197907073618
                  28000      -0.49206667593442    -0.5902885150407771     0.0500690522503249    0.05195943617915764     0.0205358727201664
                  28000     0.1783119142055511     0.1279135942459106    0.05049306170580868    0.05211014704348693      2.246502045820319
                  28000     -0.205197349190712   -0.06824447959661484    0.05058721862208289    0.05206823866237117    0.05594237131545546
                  28000    -0.8748358646050421     0.2275871875241868    0.05091013567719094    0.05167386892943137    0.01877883398669945
                  28000    -0.2698080949872393    -0.3913237142211543    0.05055142928649684    0.05399153401749241      3.928514658473945
                  28000    -0.4182949709813341     0.5426951085668308     0.0508769168697149    0.05183706738687661  0.0007861749499159061
                  28000   -0.05524668470025063     0.3891121447086334    0.05055429819774387     0.0519803796457976   0.003270426338653078
                  28000    -0.1402052160204528     0.6210685905904891    0.05043300302902502    0.05505267806328778   0.000576283500664313
                  28000    -0.2382322698831558      0.649064302444458    0.05052367017362128    0.05197070947590365  0.0002177238381660001
                  28000     -0.309798002243042     0.9466671347618103    0.05044790000102418     0.0519028937345534  9.365304798209792e-05
                  28000    -0.5856658403823102     0.7835500541320777    0.05057648136489952    0.05532521469728244  0.0002335046266380484
                  28000     0.7779144048690796    0.04229448363184929    0.05047362299240772    0.05210302908385457      1.601006240512176
                  28000     0.6896085739135742    -0.2857498824596405    0.05049352425549428    0.05207892896217263      1.033153533050868
                  28000     0.5752036571502686     0.7030138373374939    0.05051681327504826    0.05210185414903989      12.83661705590514
                  28000     0.6687569618225098    -0.1887849867343903    0.05026136233820969    0.05198828217597156      1.833782214229411
                  28000     0.4368413090705872     0.3863754272460938    0.05008391616030795    0.05190053655981616      16.98002027054303
                  28000    0.01049811113625765    0.02751779928803444    0.05004052294311808    0.05193843221447549     0.1818415880339954
                  28000     0.4332137107849121     -0.752322793006897    0.05000109440201543    0.05193875458277813      17.38354479053762
                  28000    0.04603082314133644    -0.7741090655326843    0.04988574969756023    0.05178081617771479      61.38317064366426
                  28000     -0.700921893119812    0.09117839485406876    0.04987497434942459    0.05166631722841997    0.04593690437325384
                  28000    -0.1542906314134598    -0.1436061561107635    0.04980868932666915     0.0515773984835515      0.186567807148666
                  28000     0.8185609579086304     0.6436287760734558    0.04982808917116918    0.05155284755057637      24.67289108260417
                  28000     0.3825941383838654    -0.2788903713226318    0.04987005529202068     0.0515343054344538      9.836073805203002
                  28000     0.9178856611251831     0.5267961621284485    0.04985303925109962      0.051523563711278      13.04894188672702
                  28000     0.3407264351844788     0.2347654849290848    0.04980084189941111    0.05146230556585451      6.707764245855611
                  28000     0.9120483994483948    -0.2049868702888489    0.04976893546190225    0.05141403749638019    0.01893238347321964
                  28000    -0.8368423581123352     0.4605821371078491    0.04957268592487914    0.05119737879378764   0.006748911075544088
                  28000    0.09620591253042221      -0.11930001527071     0.0496867743743984    0.05112938401777636      1.471209732503681
                  28000     0.5572739839553833    -0.2590179443359375    0.04967643625814968    0.05106032421192295       5.76737400372006
                  28000      0.544191300868988  -0.001882928074337542    0.04964917680153424    0.05105483935520665      18.78049307559397
                  28000     0.2988843619823456    -0.3190001547336578    0.04963997198150127    0.05104211533765222      10.12776054300213
