#! FIELDS time deep3.node-0 deep3.node-1 sigma_deep3.node-0 sigma_deep3.node-1 height
#! SET action OPES_METAD_state
#! SET biasfactor       12.02723625380408
#! SET epsilon   2.008904905162975e-06
#! SET kernel_cutoff       5.122093479753262
#! SET compression_threshold                       1
#! SET zed      0.1586916347939045
#! SET sum_weights       1195.414941523912
#! SET sum_weights2       6304.058003245783
#! SET counter  992
#! SET adaptive_counter  500000
#! SET sigma0_deep3.node-0       5.620159725518509
#! SET av_cv_deep3.node-0      -1.790809786378159
#! SET av_M2_deep3.node-0       36506199.14312788
#! SET sigma0_deep3.node-1       2.494863683900004
#! SET av_cv_deep3.node-1      -3.639305961719345
#! SET av_M2_deep3.node-1       31011729.78532418
                   1000     -4.267711735970047      4.792930890551312      1.613367517025028      1.273692767696847      368.1556338957616
                   1000     -8.682061630086199      3.035748255749252      1.587653176066093       1.23045686680302      587.5999466831726
                   1000      7.891132108760283      9.886734431560187      1.148155744926241      1.070531337714389      3.101259346604015
                   1000       4.15917997777701     -6.380260871328316      1.533429666609134      1.189790130272746       8.00526704886447
                   1000      8.557890005521429      2.606044883381174      1.383487671023919        1.2428922996957      1842.514630026963
                   1000      6.521428329051265      1.198765561604144      1.209636242971408      1.257849716753515      1039.274534325257
                   1000   -0.00213216634159345     -13.44851609177814      1.232520941133753      1.137855851138365      2.064412290006389
                   1000      5.621317630934598     -9.547466133144297      1.288751195427078      1.152178422062331      8.326982861006169
                   1000     -3.556902869419255      6.343203076782133      1.378276380555464      1.181543274780889      118.8361530985987
                   1000      1.419647364618213      8.184428320455838      1.263989047731451      1.167909021986752      61.91566510363193
                   1000     -14.47184422695633     -5.406988764196312      1.301356068972737      1.175545914478548     0.5494398112028246
                   1000     -16.63069167230697     -2.681691929138149      1.246275936147076      1.142136848818453     0.8752965896659343
                   1000    -0.6081474637526267      -2.82760348712015      1.453899087610553      1.141816708160776      4.287531247016581
                   1000      -11.6060989911676     -15.75780561025351      1.244573936266427      1.161302014061844    0.06614877607704542
                   1000     -7.889830486506556     -15.29091954684032      1.363709410780358      1.200001089202567     0.1234947456785054
                   1000      -7.00575029210731      1.947728455321148       1.33150451329342      1.159061555073118      255.9859117673855
                   1000     -10.52660572864987      1.367171059547932      1.327734920410143      1.207331632087725      2652.781111713846
                   1000      6.579668124227999     -3.579593213185935      1.414471709162623      1.226452133812671      47.32508094450723
                   1000     -1.290622807800974      2.051611171339843      1.589578396164782      1.125619729092445      45.57456074386367
                   1000     -5.903017575061379     -13.46441829911932      1.228996797696671      1.110062260452927     0.2289168928232316
                   1000      2.329927243133442     -12.00590859429127      1.407896345066203      1.151607888038772      3.389485473307578
                   1000     -23.09027488605302     -17.36791550567538      1.280601099511881      1.145738447127093    0.02914301992525655
                   1000    -0.1381010992029291     -8.919719991028765      1.316869068733291      1.294188799824449      1.772226100381882
                   1000     -21.72559378801387     -14.98908386489816      1.096544779408215      1.070728989463023   0.006549700451049497
                   1000      6.886113074559918     -7.172109270063375      1.338885436865526      1.200212891810321      13.52406973767991
                   1000     -15.36557680206638     -16.01653449861878      1.288478097331468      1.155355452964009    0.01016431656219935
                   1000     -18.15313884620772     -17.76550267319897      1.321728718173744      1.225077007554013   0.009861532551919546
                   1000     -20.05368738412641     -17.29755924808753      1.369523779285961      1.288283073446562    0.03921486083866609
                   1000      11.04809670311292      11.26191162461759        1.1122309235777      1.010421075890712     0.2530370688243254
                   1000      3.510188001913395       3.00534012570064      1.627025257218625      1.323462825805252      80.91104068130102
                   1000    -0.7836098171211398     -5.560540788168505      1.460561160553994      1.197612722261922     0.8904197666294309
                   1000      11.22436324081235    0.03341812421932104      1.320327241318282      1.248604439043859      41.54016620499534
                   1000      -13.5850970194036     -13.67282744805326      1.728045611305587      1.364053302354464   0.001833628906766454
                   1000     -1.924075123653157     -8.228242166556152      1.271908433857207      1.196751622646256     0.7690920745763068
                   1000    -0.1049885768556113      -7.02020510010845      1.386546245637996      1.084558186429851      1.385450797891312
                   1000      7.829565501455257      6.397519731615289      1.264980964423217      1.128235965344856      54.00264594964734
                   1000      5.007663645093119    -0.7155188370416121      1.276933232207889      1.124832324914561      198.3647226967378
                   1000     -3.415710093365153     -16.74772301251465      1.715010755324819      1.342527092324582    0.01517249230442761
                   1000      3.630545090438244      -9.13222013704538      1.333545518177725      1.105145651313939      4.414821577119632
                   1000     -18.13783993494391     -12.89263897400298      1.564067440902865      1.266621943579669   0.001634021366722853
                   1000     -1.848990883328558      7.084111604584837      1.207378858654671      1.119992160670689      302.3604310520517
                   1000     -11.88406413542036      2.252747224717722      1.413040960940385      1.194601537877555      67.59871203703318
                   1000     -3.394434080996923      9.192305192942149      1.675855776381425      1.276156148065482      5.027282633965581
                   1000     -4.187585547412003    -0.9764986386265454      1.109124765468494      1.162900734345802      6.639989323849937
                   1000     -5.170995712280273     -7.782690048217773      1.667325121007618       1.33624456127056    0.01381498577684813
                   1000     -12.50452859613095     -17.78054115469299      1.236543969809222      1.161354127278278    0.02891365759038009
                   1000     -10.13404956105123     -13.92017448950485      1.388863935972259      1.236690157408348    0.01959155648244148
                   1000      15.60993542337169      9.824822799868569       1.18637371149629      1.113850005754609    0.03791644130577851
                   1000      9.974861553368665      8.439649413236607      1.345968592938082      1.291300011544896      3.754941318388835
                   1000     -17.21156239264969      -10.8729577498526      1.371586082600183      1.262185068007694  0.0006083934316424947
                   1000      5.606017059370054      7.941741919107113      1.415053665623821      1.193148766808763      48.46741135715564
                   1000     -5.730257363405713      2.447167226638782      1.180139050668945      1.116722212273694      213.7675613700065
                   1000     -8.671813504029938      4.561794091983371      1.235532918541827      1.061649512390066      373.3629519496428
                   1000      13.62431904077819       11.6757479992169      1.358433788324517      1.120444574672989     0.1093687034141944
                   1000     -14.10230597060618     -1.670162408178822      1.275286603368586      1.130606212925521      5.974579974113402
                   1000       3.74404472848404      1.121364097243458      1.177228724922565      1.096435960832129      72.07916027738474
                   1000     -3.931542930785207     -15.06767485878854      1.261488285586672      1.091803553578009    0.08322455209809015
                   1000      8.748294003199089     -1.317135329506859      1.191057010901942      1.174631490691135      50.28272699374747
                   1000    -0.8671816686669664      6.131407487780965      1.164595017571424      1.061817393652055      200.7226704580722
                   1000     -6.556286358266695     -17.00542604721391      1.324513403153791      1.188074432343171    0.03661391947694795
                   1000     -2.377913788409719     -12.37895127356328      1.250068758439073      1.108235471006692     0.3458541892096191
                   1000     -15.72775181317552     -13.85028914748846      1.272833457808113      1.183231731155248   0.001989292839647749
                   1000     -5.672842865828526     0.3991498301419057      1.262217513178363      1.202685194328354      26.01904718262531
                   1000     -6.403258327318766     -5.848459493351547      1.348370333456796      1.146630529249581    0.05954251621699125
                   1000      1.883519541254905      11.73859712600455      1.383276645070965      1.160308935536147      2.115065743019481
                   1000    -0.7296961067534442      10.03214890720081      1.277890829445751      1.146057496024348      8.914051536823301
                   1000      7.904838191707463      4.706525349814084      1.212130636429444      1.061088360273067      235.6089926804204
                   1000     -4.125718783313779     -9.265093067948351      1.146691050082888      1.060353829571791     0.1512372886158906
                   1000      9.628376607040662     0.9206842644752591       1.28565249388426      1.135024283380816      127.5690905253811
                   1000      12.43444549758412      10.43326478080593      1.418460180858186      1.225395843464866      0.250571638626289
                   1000     -7.038322886867853     -11.81080477243129      1.161546131096934      1.055717220026126    0.05425152539809272
                   1000    -0.7367816456237064     -15.03208620475162      1.200461117260498      1.062444887217885     0.2200099063900722
                   1000      1.928231379745656      6.446145656556272      1.225752849235668      1.078952497670099      53.47405343264771
                   1000      12.56850371539404      6.687551607185538      1.181770502584369      1.163466182680726      8.378660141518154
                   1000     -11.31160210224894    -0.6700502596352759      1.220200824258373      1.051156527946658      288.4022629801692
                   1000      3.065716603844375      4.821655023404619      1.241186495781885      1.164481543534816      54.13764932336831
                   1000     -17.13508414051991     -8.819551968386431      1.208597759382769       1.01375309166028    0.00237367935735576
                   1000     -2.249280133824221      4.394992455387728      1.230673521932964      1.106553366372033       178.781086306593
                   1000      13.11677245906593      5.548082985029096      1.162403662727759      1.058816695155367      4.083355921543536
                   1000      2.873689202703951     -4.317464006090796       1.23442396583275      1.138057193505178      15.94411796957797
                   1000      1.666795662310303      10.15790752471336       1.36677419235726      1.110961407823744      4.435143038266331
                   1000      1.118195490791165      1.348853496240427      1.190915808728298      1.179765417009916      27.00226836558626
                   1000     -5.688187459771346     -4.503515220481703      1.261521775806303      1.084172328362933     0.1643574207511334
                   1000     -14.56683935036555     -19.00678320953508      1.074566299558147     0.9703835180525856    0.01052366814790206
                   1000     -8.642102020767886     -17.45910812389705      1.184299929172913      1.075481976626787    0.01671370715777027
                   1000      9.862475981456445      3.751967390711819      1.103343084219793      1.130361465422625      1600.985665857694
                   1000     -9.412387847900391     -9.247692108154297      1.294463160726621      1.162910453720508  0.0007432765435945224
                   1000     -4.088990865937522     -11.45784101763843      1.180542928595206      1.082146247236677     0.0560810937317317
                   1000     -16.04216461707539     -18.20686276766275       1.11925286868902      1.152313978881104    0.01749770691685073
                   1000     -10.26907625277209     -11.71885462922534      1.214922711318829      1.069524638627887   0.005748877913756851
                   1000      4.579841153309226     -3.602956787508093      1.104625733770441      1.090980909085216      21.01786191382969
                   1000    -0.8445025252582712     -11.35510915396027      1.184471019624265      1.147356212974608     0.8028630462520433
                   1000      1.504225316010217      5.026644548686929      1.218672519004589      1.102979157559105       65.7412397099791
                   1000      6.714718523937226      12.81669081427221       1.25859823879083      1.113647435999329    0.05057288858773272
                   1000     -5.297062453924496     -15.62319216696083      1.145046760924863      1.070287855282726    0.07958195682226581
                   1000    -0.5613060273500803     -1.012777076388541      1.225133594905176      1.113772781022198     0.9731554775185236
                   1000     -15.72820105312637     -1.564899302132522      1.195528870914052       1.11902248200946      2.721551898159029
                   1000      10.77819077458066      9.532449243980237      1.243889900703494      1.153655673092256      1.566662784839912
                   1000       5.28163903827517       6.42085306828108      1.247251284588241      1.047929120563409      40.02539321801287
                   1000      -10.0939092358961     -1.546957180611426      1.163227084963737      1.150789052490576      36.67532089881202
                   1000     -2.901290531361605     -2.491591382848539      1.139269459321134      1.087522200834104       1.05259817543748
                   1000     -11.80120658874512     -4.161571502685547      1.242938400449703      1.144914353244277     0.9469034131853414
                   1000     -4.108328819274902     -5.314895629882812       1.24246063299528      1.144690149692853     0.0469273335594716
                   1000      5.781202099445742     -2.222013161796461      1.223803628579625      1.040590042720893      29.97916933149135
                   1000      1.246724705802575     -10.07533370903292      1.195044936334094      1.111648227708178      1.770597036709266
                   1000      3.166718150108712     -13.54616726157007      1.128617589386991      1.047767806022811     0.4735742968938492
                   1000      5.683627812646137      5.192702245312782      1.100742368867205      1.081013511102384      34.22885707908303
                   1000     -6.427381858658297      4.447499585040245      1.179572098140283      1.161348571138822      418.2674277431072
                   1000      -11.5724017113856      -2.79359934746995      1.228532781373034      1.018956600931784      17.16481008190795
                   1000     -14.66981220245361     -9.876873970031738      1.208432448690165      1.121328732659013  0.0001585269582054597
                   1000      1.523819460023549        3.4063742678645      1.232975614263582      1.098203928174745      86.55796529327839
                   1000      3.882167318504552     -10.58356904062249      1.161356237609542      1.073257278473949      3.263233734568498
                   1000      5.286005968142024      2.985792982518449      1.128717728727999      1.074919337548121      98.73629735326668
                   1000     -2.756912231445312     -5.863207817077637      1.182406322537299      1.102729709119123    0.09064351496965371
                   1000     -15.30053367616984     -10.92588917824887      1.102931718454056      1.013632049831148  0.0009884431336258576
                   1000      5.432680310192406     -5.060456513854793      1.089900931726212      1.024703874764263      5.431382049228924
                   1000   -0.01535609592948301      8.266222134494212      1.141422288315865      1.104100832968725      50.69187336714016
                   1000      8.228363440118081     -5.113644632099905      1.175548691367609      1.090609223268379      15.77854252644509
                   1000    -0.8459196634603559      3.544344463033536      1.169164620685555      1.094852422302084      56.93565500632116
                   1000     -10.29856794344595       3.48721041204064      1.101572911873973      1.003554999553509      279.3073219364547
                   1000     -2.876260891236073   -0.09144234936362795      1.085719576306961      1.038461356528888      4.363425332009778
                   1000      6.938361136262851      3.389176263320719      1.077562973671095      1.108826975822702      303.3282092037428
                   1000     -21.02149200439453     -18.85501861572266      1.130589300176007      1.054922713491678    0.00350850172683452
                   1000      9.809596061706543     -5.647325038909912      1.125329393952947      1.050228520487801     0.4010156088446505
                   1000       9.89142894744873     -3.192081689834595      1.124547243612599      1.050032146375871      1.463907771522908
                   1000     -6.486534118652344     -10.23122119903564      1.116186879677886      1.047294427406543   0.006562736012542624
                   1000     -6.753473017822182     -2.379232053845896      1.111493850453562      1.017268515315072     0.9143038885358257
                   1000      -3.01831044214289      3.408037723601488      1.161008208900996      1.002368736107764      51.02278946336592
                   1000      2.142377234940068     -2.134134778750775      1.144130428749455       1.00916505910814      3.161976396667966
                   1000      4.915606772078814      1.940360293428714      1.106682937916121      1.001269165176723      72.96144380934763
                   1000      8.149895668029785    -0.2059440612792969      1.094209057948046      1.024674107886308      28.50787914453317
                   1000    -0.6753536930187755       0.36185740330771      1.052192367502951     0.9781271517918267      4.256886939994635
                   1000      3.922655758823069      9.951606804332162      1.063542286870919      1.067001989893583      5.056507168884019
                   1000     -4.311939779515525     -3.508994132119282      1.061100993592689     0.9887575344033015     0.3409925136197702
                   1000      4.119284419172732     -7.943132086697907      1.099754586631982      1.014338056694511      5.737874740355972
                   1000      11.33887142792976      4.894125596815698      1.082299219121165     0.9907348819605153      88.82054741740383
                   1000     -7.673271362058982     -10.11203107640899      1.045829456088601     0.9771154215985959   0.007561020902605168
                   1000      5.159673950188298      -11.7181902398661      1.128853509361278     0.9940440390342667       1.23995584229594
                   1000         0.900634765625      13.12720680236816      1.063018708827518     0.9986365188633513     0.1361696543925514
                   1000      8.288459777832031     -6.655714988708496      1.062297406135098     0.9985948103466474     0.9116835512372991
                   1000     -8.436643600463867      1.006965637207031       1.06048624951753     0.9931359362514962      61.91513603210279
                   1000      1.194048196923609    -0.3145921500819384      1.189080977454382      0.998377197896668      12.96159696567079
                   1000     -6.747643410216133     -3.735571082624944      1.061143575101599      1.000420789738296     0.1822278908973495
                   1000      11.04805008857048      2.783964179555126      1.043957379865285     0.9854666304025128      108.5328218790679
                   1000      5.701187610626221      9.452241897583008      1.046159954021114     0.9803414204954223       2.11171190936713
                   1000     -10.52397964399728     -17.92356465073113      1.048424701520969      1.002061409904732   0.007138023186817576
                   1000      -18.8522305124205     -16.21187081439848      1.013473746270707      1.033062367872342    0.00837260100763081
                   1000      1.987687984349153     -6.621446922392123      1.136619052285864      1.003880899074006      4.383415338764339
                   1000       11.9463623252951       2.13788491106719      1.054617839902532     0.9752852433860917      35.19597520109317
                   1000     -9.280471284756064     -5.177595788662239      1.127500762810332     0.9603951516369817     0.2091985229710958
                   1000      -8.32559742597538     -12.74733278764238      1.053662744215685     0.9854534036535479    0.01622632835187555
                   1000     -11.96263273552238     -11.41409195666665      1.083797041462602     0.9786814814078814   0.001600721899816466
                   1000      7.777185708297377      7.666941868596171      1.093801647468565     0.9843886717834139      21.55695739548241
                   1000     -15.36879539489746     -7.590557098388672       1.03899109730136     0.9684480772328808   0.009907005180439641
                   1000     -17.76323970966899      -16.1946124089007      1.027491974264991     0.9597657237832923   0.006100902944808248
                   1000      -14.4748477935791     -12.11899757385254      1.038711119979509     0.9677064199794755  0.0005085495889627032
                   1000     -6.336531162261963     -9.061739921569824      1.042400989135286     0.9682196583804044   0.006769918056743608
                   1000      10.45737648010254      12.58457279205322      1.043159484371255     0.9697423550737864    0.02263113707325447
                   1000     -14.33530795971707    -0.3758151016694016      1.113442860249078     0.9483872659714461      10.93749446221454
                   1000     -1.844667434692383      8.506748199462891      1.037849217339825     0.9652000309895283      13.94952281028762
                   1000     -20.16507417826174     -15.53175102038628      1.037070838670675      1.011917046236687   0.007338378008086347
                   1000     -13.29844665527344     -15.12872886657715       1.03661194679056     0.9657537037921775    0.00381287775497609
                   1000     -5.123455047607422      7.541677474975586       1.03646691737951     0.9656970070740584      8.257144495634078
                   1000     -10.20792102813721     -7.619464874267578      1.032422826860157      0.963226573578288   0.001973204803205187
                   1000     -16.42214965820312     -14.87687110900879      1.028257099978534     0.9576299482330863   0.001428872139808989
                   1000     -14.04078227718779     -3.761530087665756      1.022640622516886     0.9731030685431917      1.089187615185071
                   1000      13.96720314025879       9.91266918182373      1.026778807313988     0.9578727210931749    0.06382142446875594
                   1000     -1.862940907478333     -1.334023356437683      1.025901832223018      0.957320092527458     0.5395998804754328
                   1000      -11.0413703918457      -5.96580171585083      1.024231349300378     0.9563767422315254    0.05949087951044606
                   1000     -14.03510093688965      -16.0931510925293      1.025144310906439     0.9556403045889453   0.003980670441031083
                   1000     -8.120223045349121     -13.82805156707764      1.024260642649342     0.9559598375312287    0.01693556799350987
                   1000      3.643633365631104      6.137806415557861      1.023287358225994      0.954653870066232      7.685667741515333
                   1000     -4.026382446289062      -12.7946081161499      1.022875077878236     0.9533536142081345    0.03638166501396196
                   1000      2.622191429138184      1.781744599342346      1.021179457508711     0.9503034727860458      13.22681875699379
                   1000     -13.41638946533203      -18.9600944519043      1.024954442692618     0.9516991429424786   0.003361668576576752
                   1000       5.21267557144165     0.4768476188182831      1.023945380712981     0.9508869384586741      50.20186780831634
                   1000     -4.444647553708203      1.679332022450151      1.032258618887328     0.9392066284634991       27.6237483922292
                   1000      12.69003868103027    -0.2928184270858765      1.022113249272796     0.9496346525421263      2.504003719037161
                   1000     -11.88165253019658     0.6251545031950019      1.009161999917655     0.9872161366788906      202.0405687864749
                   1000      3.073623180389404      8.929381370544434      1.018579052919573     0.9479432645597963      3.760290975542539
                   1000         1.876220703125     -13.16635704040527      1.018245289610691     0.9478183690840253     0.3398855672976538
                   1000     -13.17007064819336      -16.6745719909668      1.017501675177214     0.9470381839786244   0.006570302518350204
                   1000     -8.212613105773926   -0.05163723230361938      1.017671124663583     0.9456883359193029      30.77652909651207
                   1000      13.16245269775391      3.783303022384644      1.017254129121735     0.9456217106033771      4.919431991679796
                   1000     -22.35659790039062     -16.17741584777832      1.017854935336384     0.9454354922123033   0.003920241240120609
                   1000      3.328445434570312     -1.677815437316895      1.014397386914017     0.9412191185170402      7.059382406555768
                   1000      10.77610111236572      6.840542793273926      1.009003315803515     0.9349582274690659      5.073896876154642
                   1000      5.499748015393616     -7.382345202744639      1.004017169015315     0.9552242802244785       3.56844498152384
                   1000     -22.08446502685547     -18.00616073608398      1.008927326808761     0.9327291102210619   0.004925934125748106
                   1000      8.189899444580078     -3.697434663772583      1.002396357994096     0.9268318270629193      3.555012331269995
                   1000     -6.928860187530518      6.790889739990234      1.002391937247748     0.9268760900468372      9.158607214053294
                   1000      4.051679134368896     -12.08876800537109     0.9996969815438843     0.9241601551822227      0.465246816697154
                   1000     -10.46416759490967       5.13701057434082     0.9996085757578871     0.9228599257225963      20.47889644801518
                   1000     -8.038759231567383      -6.09938907623291     0.9992119238161358     0.9226252820521166    0.01903208541817373
                   1000     -14.61994361877441     -17.24798965454102     0.9981943032431514     0.9222353861947967   0.003926325146408759
                   1000      8.424169540405273      13.47259044647217     0.9985458049717543     0.9222046997951903    0.00555797541587885
                   1000      9.056983947753906      7.136399269104004     0.9986278382888909     0.9223777834346564      6.336579746898142
                   1000      2.246419906616211      0.191213920712471     0.9962279237386998      0.919797947908139      6.239214339807392
