#! FIELDS time deep22.node-0 deep22.node-1 sigma_deep22.node-0 sigma_deep22.node-1 height
#! SET action OPES_METAD_state
#! SET biasfactor       16.03631500507211
#! SET epsilon   3.735419329000485e-08
#! SET kernel_cutoff       5.848558909940468
#! SET compression_threshold                       1
#! SET zed     0.05111452830737744
#! SET sum_weights       1660.635717004131
#! SET sum_weights2       17487.18939832448
#! SET counter  992
#! SET adaptive_counter  500000
#! SET sigma0_deep22.node-0     0.06916718027820376
#! SET av_cv_deep22.node-0      0.5182481608411612
#! SET av_M2_deep22.node-0       96637.72865100065
#! SET sigma0_deep22.node-1      0.1911025174097114
#! SET av_cv_deep22.node-1    -0.08959507066961922
#! SET av_M2_deep22.node-1       72605.02025871204
                  24000    -0.8357878993779723    0.02685830643303078    0.06158587101955592    0.05866456196898991      1327.775620868775
                  24000    -0.3229042384351184    -0.2956450259488825    0.06029093270520431    0.05486419226191178    0.03079232165656254
                  24000    -0.4126443890431547    -0.2901717210863277    0.05989827798920277    0.05030628196734938    0.04883186035303697
                  24000    -0.8969294698408615    0.05556352874238071    0.05575624229552828    0.05399504411826864      192.3790434000097
                  24000    -0.2786726355552673    -0.1287647783756256    0.04700385011514542    0.09280850452150355  7.583679795297388e-07
                  24000     0.7503620656780334     0.1055502705501923    0.05768312312248833     0.0500218595595209      78.47092211638291
                  24000       0.79727394498774    -0.2098788428651921    0.05366376832691515    0.05233481939465385      1747.902439219845
                  24000     0.8220929618656982     0.5430623650649882    0.05609448306662768    0.05770064074965713      1189.269381492119
                  24000      0.760850306922591     0.2522676377153268    0.05931843027354358    0.05383726475193544      341.9120021996342
                  24000     0.7763177558833479    -0.1373534152193506    0.05404126347177358      0.051394941713111      724.3078560511285
                  24000     0.8041337901381825    -0.6515590064828409    0.05426385238905992    0.04674714294299476      0.768080292832922
                  24000     0.6880818295808162    -0.5791255698711663    0.06140933959402354    0.05704472781249027      10.54006149448727
                  24000     0.7617830245761952    -0.8422777022733015    0.05834242931075023    0.06274935523575309     0.7106396940979037
                  24000     0.5468424709342321    -0.6437176986473765    0.05271450099233294    0.05168791164690726     0.1760617262277424
                  24000     0.5150631597227925    -0.3692764379404729    0.05825965733180782    0.05104559030132935       1.02160068705666
                  24000     0.8148863158750104    0.01344771841836002    0.05323005836389642    0.04963703689033804      144.1013794827628
                  24000     0.2369570429344034    0.06685855017219161    0.06177157516470399    0.06095870675994677  0.0001486010491274103
                  24000     0.4599035498107782    0.03731152141596385    0.05508462129239268    0.04557660338703688    0.02698391923466245
                  24000     0.4114608754313421      0.164985901776065    0.05463323545264881    0.04891284756372207    0.00543561911120811
                  24000     0.5355016288707836    -0.1567259219189569    0.05273530643516102    0.04508685413068916     0.2436558382112441
                  24000     0.4275428251017973    -0.5679356154520177    0.05946957642697449    0.05619329324985815    0.08139220836191638
                  24000     0.4652140538817278     0.2832731566923601    0.05284226328966959    0.04821675781808729   0.001531139193073666
                  24000     0.7216760232352243     -0.437271934362019    0.05875536893493197    0.05317625512382738      98.71675649608223
                  24000     0.2577404643498633    -0.4039969257992942    0.05718483775930786    0.04984619561496175    0.02511009736695624
                  24000     0.3643322677458785    -0.6205314364013794    0.05274220289844656    0.04576822628609855    0.01156941426634885
                  24000     0.6036124089038617    -0.2168993829966009    0.05213060994690271    0.04408121790868542     0.9375664278656001
                  24000     0.2646128949688193    -0.2680613029537358    0.05427012355662743    0.04562061775826055   0.001140388504364592
                  24000     0.5840026410633825    -0.5852263917903616     0.0633405022131706     0.0620198899117371     0.2226726219793747
                  24000     0.3714862297428144    -0.2288398563874577    0.05769601292599508    0.04918481273113464   0.002011859572862212
                  24000      0.529234970123249    -0.2569111144270619    0.06387880327275984    0.05184550222483725     0.3017322137174968
                  24000     0.7179309492657301    -0.6678286445587517    0.05872683877916818    0.05165016172599308      5.271318606508229
                  24000     0.8005949486259436     0.3527506335894085    0.06127057435592342    0.05715545845320769      141.4813114714482
                  24000     0.9341559819207418    -0.9633290580984346    0.05433698664429606    0.04619553044706839   0.000319930865851958
                  24000     0.1851650953411529    -0.3779920161255695    0.05910987235809222    0.04923288978809419   0.006181583827877944
                  24000     0.7803425478768539     0.1767778619659343    0.05759275523929781    0.04843530847244788      65.01752947904446
                  24000     0.2070034012134669    -0.4723929131322274    0.05553909438761977    0.04750165112684113    0.01634968912251979
                  24000     0.4874596344097294     -0.455092480800995    0.06099427180555949     0.0518034835696346     0.4874492764892148
                  24000    -0.3662726879119873     0.2311398983001709     0.0610478908851531    0.07131348954844546  3.300569653235638e-07
                  24000    -0.4717148117563855    -0.1536547323160391     0.0617862062753149    0.05773875579697647    0.03618627162837654
                  24000    -0.0234431144935112    -0.3286722118824592    0.06128588642991439    0.05853902064523166  0.0002150594342174989
                  24000     0.2502920925617218     0.2515802085399628    0.05836091715483553    0.06759441477861676  2.212021159798051e-05
                  24000     0.8117393037587539     0.6442840248153751     0.0522779775159615    0.04794925993992645      1158.946579958828
                  24000     0.8973382711410522    -0.8957341313362122    0.05627482192006252    0.06627129763798958  1.853812251021973e-05
                  24000   -0.08947931484830936    -0.2621530762178111    0.05809889931169226    0.05445115468582454  0.0002926212669717249
                  24000     0.7659448073201029   -0.04179720936297435    0.05862748035641009     0.0493641461527245      191.7906135769693
                  24000     0.8374589681625366    -0.9245302081108093    0.05943538525160424    0.06467656133746541  0.0001205562706954354
                  24000     0.3413759503987625     -0.479310535679518    0.05580253162767145    0.04978594595608501     0.1183474453471208
                  24000    0.05943312276038379    -0.4088620853216284    0.06070847039875448    0.05105301906551172  0.0002022870042652047
                  24000     0.3606534179133036    0.09299435505432378    0.05505984172175191    0.05430407240217586   0.004057953927201803
                  24000    -0.1491871008425291    0.01079024700547044    0.05468942152567579    0.05519265754160105  1.646630443629797e-05
                  24000     0.2415017564724131    -0.1268434998450408    0.06297051315554034    0.06164104520682533    1.8091989779968e-05
                  24000     0.6479754447937012   -0.01450023893266916    0.05881993183673212    0.06319547234466205     0.4996920840884783
                  24000    -0.3454465340823531  -0.006370459447952582    0.06400546808268254    0.05673748673487797   0.001722014679205116
                  24000     0.3327523164808674   -0.06790708062619695    0.06116811773748473     0.0592589038207746  5.255726214095211e-05
                  24000     0.7729181523311377    -0.2788904574087134    0.05717734726016588    0.05021540684532674      363.7060357689793
                  24000     0.1511272902287391    -0.1419991931880751    0.05607055935385149    0.04861109171899387  3.670356983824484e-05
                  24000    -0.1290280814942344    -0.1814262517842274    0.06271401695874794      0.053846003244576  0.0002513594459600134
                  24000   -0.03278305808877224    -0.1636298758332119    0.05779831976701602    0.05557831811790674   2.16012479076893e-05
                  24000     0.3162695352186051  -0.006997636429277401    0.06179602760067163    0.05538216265179113  0.0003358282322605157
                  24000    -0.2455385994224309    -0.3385287892811907    0.05694508605882551    0.04960534245554095    0.03806489910669458
                  24000    -0.9085064256049817     0.4108940151388069    0.06665625933152121    0.05992128713563582     0.1030755441284523
                  24000     -0.979428255550047     0.7154854816037122    0.05959404733308352    0.05783094131939377   0.001436505885125303
                  24000    -0.8388747981264999     0.9166645953155323    0.06060909853091018    0.05601492234502108   0.001127018358390466
                  24000    -0.9025088057531999     0.6233629261494446    0.06247841191934247    0.05620108315197208     0.0088761994257614
                  24000    -0.9055018296848223      0.795339435944327    0.06619562981182717    0.05870753094957244    0.00561799143950038
                  24000    -0.9034554441852592     0.5324922536623569    0.05902899423171157    0.05649873581968224    0.04784859321463018
                  24000    -0.3510021284244643     0.6070767191448119    0.05964835722170203    0.05070630812390544  2.134952609846539e-06
                  24000    -0.6958313404301587     0.7204839728713922     0.0503593681321086    0.04368144041036893  6.572964685367392e-05
                  24000    -0.5922860572383081     0.7198143398913255    0.06141604044073613    0.06191467560264348  1.518232315913937e-05
                  24000    -0.6463770868424722     0.8243927752931912    0.06196784917745803    0.05706837336559647  1.071421945538603e-05
                  24000    -0.8711782693862915     0.7193009853363037     0.0581820736161457    0.05937400004179504   0.000666159963415061
                  24000    -0.7914003849092883     0.6793385235876411    0.06005144806630438    0.05962379705492914  0.0009852578669993126
                  24000    -0.4288297295570374     0.3969747722148895    0.05787776130584155    0.05904371995250331  4.478977261230255e-07
                  24000     0.2132790923175983    -0.6498158262604218    0.05339868158438765    0.04709901480112128  0.0001739296024479473
                  24000   -0.01010657513405143  -0.007532836772087877    0.06331404801275271    0.05371873654988591  7.152045799828831e-06
                  24000     0.7744132097945569    -0.3379559977216168    0.05174451280813215    0.04756454013641507      68.63145078826065
                  24000    -0.7700683900777469   -0.01993838970838868    0.05854781594198911    0.05085775190738282      237.2948549839792
                  24000     -0.524031400680542      0.644354522228241    0.06131482738413462    0.05990866240002387  1.975787632446816e-06
                  24000    -0.5628165006637573     0.9250145554542542    0.06137947266628444    0.06011253180828902  1.152669678185081e-06
                  24000    -0.7397552867559326     0.5604595243799373    0.06167280486408543    0.05992508010428921   0.001080197476179485
                  24000    -0.2959029251099939     0.7313366159950069    0.05968678639022331    0.05605274900129925  2.332247681906408e-06
                  24000    -0.5533275008201599      0.774335503578186    0.06158764622740549    0.06048578095457399  3.561549027537618e-06
                  24000     0.7167707028951354    -0.3737747458989477    0.05555819660212277    0.04685383959249387      88.88775313023021
                  24000     0.8528677762506007     0.4519438631098739    0.05612202084701477    0.05060429116912249      103.8879639006377
                  24000    0.02356068804162159     -0.585398813851443    0.06158342759609373    0.05325152944727855  7.110253334602455e-06
                  24000       -0.3604736328125    -0.1229074150323868     0.0616994458449594    0.05979103631759275   0.000405213221651317
                  24000    -0.8284835815429688   -0.05753827840089798    0.06271225820794181    0.05808325009996152      33.54280170425051
                  24000    -0.5554426656549859    -0.1759286396669995    0.05917414367148072    0.05166329775874694    0.08592593699609961
                  24000     0.0844563918977113   -0.05559300064361699    0.05423456579427025     0.0479200724376301  1.362808791624567e-05
                  24000     0.2891444780196306     -0.190101812075676    0.06201602127198353    0.05610743186678306  7.800664396814983e-05
                  24000    0.01699855305442828     0.1371214256629189    0.06134823761525379    0.04881991904173875  8.006540299339061e-06
                  24000   -0.02030898919345609     0.3086700270519656    0.06371017482594073    0.05659330125504534  1.049236739108718e-06
                  24000     0.7043265677395778    -0.7457930924165713    0.05556055705068506    0.04714089938604516      1.555521976623766
                  24000     0.8703242754860092    -0.7728261140225049    0.05919471789394196     0.0556381918803481    0.02036230701046446
                  24000     0.4300122817371831    0.09664529354829134    0.05107014689492239    0.04573744360796318   0.008279471665475758
                  24000     0.5222548270716001    0.02299082458342233    0.05396607746227438    0.05120481215752926    0.08440854626371778
                  24000     0.4245778322219849    -0.1960389018058777    0.06029534158637358    0.05488414189282985   0.004455784836029945
                  24000     0.4920926690101624       0.14503413438797    0.06002696376825661     0.0546020438063619   0.001686881187712053
                  24000     0.5078778266906738     0.2270318269729614    0.05870712222760712    0.05385694416203383   0.001794465655374422
                  24000     0.4020409430238092    -0.4605178484725889    0.05539187178718289    0.04893126363335671    0.05264812798215651
                  24000   -0.04883308801047597   -0.07270788401730717    0.05639259325420218     0.0505194465645037  1.347070119542934e-05
                  24000    -0.3084859786782421      0.147433808141473    0.05911588723700765    0.05124458355458648  9.614639234172632e-06
                  24000     0.1253226401506626     0.1790070357399339    0.05779259366533382    0.05210785216506689  5.915672804196797e-06
                  24000     -0.202299747959566    0.09411959111419539    0.05645419494188808    0.05361974323718132  1.323161682635963e-05
                  24000    -0.5227476176249225     0.1979539475224228    0.05891655757650563    0.05233931327379777  4.156366160268703e-05
                  24000     -0.549803747265097     0.3474995285219915    0.06635922132840592    0.05298800188966057  3.060983780662376e-06
                  24000    -0.8511726758209861     0.3543043062346397    0.05634119307890755    0.04946844975620751     0.1435676613093295
                  24000    -0.6361634135246277     0.4525739252567291    0.05869076634694619    0.05286897148892996  1.184678986865113e-05
                  24000    -0.8732881784233882     0.2413424284464917    0.05530467782643648    0.05275455688216565      1.840037716354508
                  24000    -0.6135846376419067     0.3847585022449493    0.05848430618483428    0.05268683235388103  8.667097727768213e-06
                  24000     -0.420542255380203    0.08674353833952154    0.05798925643283714    0.05272970465017784  6.858950822548694e-05
                  24000    -0.4617757201194763     0.6757234930992126    0.05828199114914673    0.05259626195302753  1.577696336581118e-06
                  24000    -0.5187284008064772     0.4096226017463927    0.05454928871419849    0.04813336079456351  4.824832506681543e-06
                  24000    -0.2032690644264221     0.5984866619110107    0.05811603135741164    0.05257854979137058  5.049529550911256e-07
                  24000     0.3450018763542175    -0.1458546817302704    0.05855043822401971    0.05241721279086156  0.0005519589618186016
                  24000     0.2984327452216212    0.08290901734301595     0.0555557220282638    0.05122143926865146  0.0007398972734004781
                  24000    -0.4380026431772657   -0.01856802671193637    0.06221373645910189    0.05132662910196228   0.003610746326609664
                  24000    -0.4914899789093949     0.1381969438922067    0.05631871198445331    0.04768965475817692  0.0001072128987513033
                  24000    -0.1196017637848854     0.5487365126609802    0.05830426824710677     0.0522780879043155  5.238021817037815e-07
                  24000    -0.0919377117237002     0.1186456915392645    0.05503598522436972    0.04782804549953176  3.381458171832548e-06
                  24000     -0.918696111354205     0.8737296721557629    0.05883128012802627      0.052770170996764   0.001003231717018503
                  24000    -0.8306367067544954     0.4575976632685806    0.05491259751713657     0.0529066130642934    0.03545761847617997
                  24000     0.5893396139144897     0.2034694701433182    0.05863327726492439    0.05188513039357816     0.1268355503909555
                  24000     0.5450000396323136    -0.4946210286039002    0.05695471608074369     0.0464739164483508      1.029913867325183
                  24000     0.3236562311649323     0.1922107338905334    0.05769327971433823    0.05090767493000296   0.000222090655293134
                  24000    -0.5954722883170186    -0.1352870813469344    0.05976388068444893    0.05100581838239042     0.1168869949511458
                  24000    -0.7522115707397461    -0.1695089638233185    0.05860870859294982    0.05096643409210513      1.163071057999313
                  24000    -0.6124343276023865     -0.267314076423645    0.05886752351867269    0.05092363753507477   0.004849072936922819
                  24000     0.8079376789403725    -0.4898794232449609    0.05248321375370858    0.04826556465346825      3.631246343823285
                  24000    -0.3703284962920796    -0.2312427098045095    0.05672302352985945    0.04964365458020213    0.02152698531439436
                  24000    -0.3885504901409149     0.5266920924186707    0.05909258400289238    0.05077508193058525   6.09173775951924e-07
                  24000    -0.6306212544441223     0.6547978520393372    0.05914785861836273    0.05092591378691673   2.70704669076039e-05
                  24000    -0.1024011522531509     0.4455694556236267    0.05950221056118556    0.05099790228757408  5.105123597605592e-07
                  24000    -0.7426173090934753     0.2907760441303253    0.05945379302562034    0.05095806186579712    0.02789553888719184
                  24000    -0.1065512001514435    -0.4381092190742493    0.05942180193706467     0.0510358202260845  9.615006459585662e-05
                  24000      0.304859846830368    -0.6488422751426697    0.05940868260257317     0.0509554631955532  0.0005561115444299459
                  24000     0.8829669047354719     0.3900217610563267     0.0532258252238023    0.04733171043427169      18.34048397155277
                  24000     0.3893184056822759    -0.0347048073990039     0.0532041337805266    0.04985049084896848   0.003042508056138198
                  24000     0.3118224592813171    -0.5434662027352472    0.05774416655639227    0.04802465637780447   0.009274288719841879
                  24000      0.787276334867009      -0.57575753884933    0.05362927054889405    0.04452621441370341      2.190481717832194
                  24000     0.1922650337219238    -0.5397629737854004    0.05630734575298366    0.04752885451880516  0.0008293446517463674
                  24000     0.8624330759048462     0.2941328287124634     0.0553099726340508    0.04726359768899668      7.763055634488103
                  24000     0.2093969215880395    -0.3210894024920615    0.05884463256852084    0.04738340795984409   0.002389508283565136
                  24000    -0.3581088185310364     0.3929992914199829    0.05527453148361965    0.04708003920696896  6.902506787267796e-07
                  24000    -0.5468325614929199   -0.08006420731544495    0.05548574221742181    0.04705398616776942     0.0610661329381488
                  24000    -0.4521266300843265    -0.2338000848128825     0.0552496258268479    0.04901128562629949    0.03370449575515553
                  24000     0.3248087861566404    -0.3734823202959413    0.05751441898646306    0.04597716879550148    0.04033769219910062
                  24000    -0.2950321764240294     0.5231249747654311    0.05172595337145046    0.04795404351025249  1.765531986867004e-06
                  24000    -0.6736257076263428     0.5587825179100037     0.0556501110368867    0.04665120363155621  0.0001868347575429613
                  24000   0.006082409992814064    0.06031535193324089    0.05585268814791343    0.04656279332002847  1.606690010362257e-06
                  24000      0.322349339723587    -0.2591508626937866    0.05580573377163817    0.04646476632683089   0.001046324281716536
                  24000     0.3892537035294118    -0.3226859003082953     0.0530191075895031    0.04421289858079407    0.02379369525016335
                  24000     0.8329925523925052   -0.04320025144062708    0.05234064563401782    0.04256739017144106      30.24235168585696
                  24000     0.5448032503895344    -0.3176903275323091    0.05277511780611577    0.04462950954176608     0.4049489295331118
                  24000     0.7230198354397035    -0.1585133781403046    0.05541299821995956    0.04786103185792162      60.61019955715678
                  24000      1.005457401275635    -0.9172706007957458     0.0542699503642281    0.04550889928891061  4.100995970458093e-05
                  24000     0.4960191987306782    -0.5928307565347455    0.05224681363227092    0.04635907696404502     0.1920155233327296
                  24000     0.1178387194167421    -0.1927739618236296    0.05330081125623766    0.04420773309409598   3.94205172986088e-05
                  24000    0.08955977553665773    0.04675986377897482    0.05630176407992974    0.04537566795426724  8.611108127372163e-06
                  24000   -0.04350448399782181    -0.4771289527416229    0.05444354741778046    0.04526275656463895  1.756514297580357e-05
                  24000     0.3549011051654816     -0.689484179019928    0.05255182916251966    0.04417084199133254   0.001126821539453498
                  24000     0.4328748613509162    -0.6258644888856113    0.05028207411335103      0.043362013513233    0.03201108545625036
                  24000     0.4175356030464172    -0.3634880483150482    0.05192503208024144    0.04392376801931516    0.04049893687874765
                  24000     0.1754456758499146    -0.2003462463617325    0.05187576985011001    0.04389141165908835  6.052793092280829e-05
                  24000     0.5368357098411312     0.1080128691554237    0.05230383412725553    0.04350790876107393    0.05515674766374668
                  24000         0.794944595338     0.4192977162921528    0.05051717476725253    0.04647269356663196      58.08081854997884
                  24000     0.1153155341744423    -0.5261626243591309    0.05161537753462008    0.04384265592559949  0.0004505851737531621
                  24000    -0.2300002395688326   -0.06427747912587523    0.05082167397480493    0.04502844911123476  0.0001483720552833864
                  24000     0.6162378191947937    -0.3957659900188446    0.05138924534583292    0.04370046980221031      2.148772519061596
                  24000     0.6505206218805304    -0.4841727893118244    0.05089642764412793    0.04350176768395037      9.407603055094512
                  24000     0.2835408747196198     0.4810108244419098     0.0510141640214565    0.04335173497799007  6.694352458631627e-07
                  24000     0.4642741146864295   -0.02615830597309499    0.05043798859609377    0.04282642438364705     0.0164904444825628
                  24000   -0.03344211727380753    -0.3911282420158386    0.05008900944004639    0.04279531352899586  4.882615442640409e-05
                  24000     0.4503360092639923    -0.5130847692489624    0.04999552968745878    0.04287769498254851    0.06121263201155257
                  24000     0.2298449277877808     0.3221749067306519    0.04940656763240102     0.0425173227197252  4.318238606567902e-06
                  24000      0.164593294262886    -0.4272849559783936     0.0492278531393377    0.04241893010617641   0.002737944371569278
                  24000     0.5046800971031189    -0.1073625981807709    0.04970484652250351    0.04260432419812334    0.02232966185932131
                  24000     0.1529750972986221   -0.07407081127166748    0.04961039191768853     0.0424500311528114  7.469218407033914e-06
                  24000     0.6880233287811279    -0.8311066627502441    0.04961349831844276    0.04244786978977683     0.0718105212691079
                  24000     0.7452993988990784     0.3947419226169586    0.04883800110801711    0.04204121495556793      11.01025461080375
                  24000     0.8241987966157263    0.09206303540888035    0.04943144028932245    0.04232839438182568      21.66311384564383
                  24000     0.7633946696946877    -0.5231141922571814    0.04807212311658151    0.04236545285342697      4.436008192677275
                  24000     0.4372925460338593    -0.1039037182927132    0.04765293887308681     0.0415000158204123   0.005083637018649828
                  24000     0.4921917915344238    -0.1954871267080307    0.04763314170456943    0.04149900036800343    0.04265705982088898
                  24000     0.5992104497962304    -0.2842504923391275    0.04796076802885082     0.0411834999818269      1.473233906696889
                  24000     0.1039113625884056    -0.2797743082046509    0.04740789990537266    0.04145564311516561  0.0001322296559803955
                  24000    0.09591083973646164    -0.4762262105941772    0.04799942084131556    0.04155543180811278  0.0005663114252023876
                  24000   -0.07158442586660385    0.07074210047721863    0.04795307854678967    0.04142151815067197   2.58064706139482e-06
                  24000     0.3045283854007721    -0.3043256998062134    0.04801267923739456    0.04139872908393008   0.003317221391828256
                  24000     0.8458420634269714     0.1821692287921906    0.04808800161171386    0.04130975945367385      7.838116895500287
                  24000     0.3624424934387207     0.4186750948429108    0.04804697002100806    0.04129942687872268  1.810432050468315e-06
                  24000     -0.102153867483139     0.2004218250513077    0.04803505856707057    0.04128585996643958  1.131644029230739e-06
                  24000     0.9263522028923035    -0.8355574011802673    0.04763011330752404    0.04096091756094625   0.002779693507992161
                  24000     0.8782279491424561   0.006529261358082294    0.04716677080551672    0.04094722999419011      8.361633519676422
                  24000   0.001306184683926404     0.2049136012792587    0.04722242300683894    0.04093155422889063  1.584525479635213e-06
