#! FIELDS time deep1.node-0 deep1.node-1 sigma_deep1.node-0 sigma_deep1.node-1 height
#! SET action OPES_METAD_state
#! SET biasfactor       12.02723625380408
#! SET epsilon   2.008904905162975e-06
#! SET kernel_cutoff       5.122093479753262
#! SET compression_threshold                       1
#! SET zed      0.4052637965193512
#! SET sum_weights       1194.159031577322
#! SET sum_weights2       5900.501770220611
#! SET counter  992
#! SET adaptive_counter  500000
#! SET sigma0_deep1.node-0       3.443862936711246
#! SET av_cv_deep1.node-0      -2.528525725086104
#! SET av_M2_deep1.node-0       22427386.05044207
#! SET sigma0_deep1.node-1       9.019525864393922
#! SET av_cv_deep1.node-1       1.930033227537984
#! SET av_M2_deep1.node-1       37599389.56441168
                   1000     -2.433517230626175      -14.8699612177945      1.162578160195386      1.568082013385539      5572.462623467054
                   1000      6.232465186648303    -0.4105164712182824      1.049476186069368      1.606960994015138      289.2161504860989
                   1000     -3.741236153777796      12.48488593420945     0.9926256523215177      1.508494410477507      4352.247810382278
                   1000     0.9919732872207798      8.620775567677336      1.199315357864636      1.563844075685932      243.7000538199862
                   1000     -17.53582383644699     -2.000401604457763      1.072396862798574      1.802630387386241      6.728811366757236
                   1000    -0.1955887216827451      6.002765067023962       1.08484701741259      1.733801540335304       167.495035164038
                   1000     -9.633229434222404      3.954337078861222      1.095166746440296      1.925012938530987      19.77323825421753
                   1000      2.412571242239258     -5.569084115760325      1.070685958921572      1.672104459065251      383.4406035069814
                   1000    -0.3721978351398279     -9.454167902333882      1.081383716506726      1.587548881740014      650.1224358500747
                   1000      -14.8368873241284    0.04284689726334915      1.048178079840049      1.689657423615385      8.964959313995207
                   1000      -8.23749224455452     -3.579394198404215      1.187462258933576      1.637997943897034      4.433709428475495
                   1000     -0.435124228449858      10.37213286902132      1.117678834738546       1.56205889803986      339.5552272185784
                   1000     -7.157158877169318     -12.25153113375498      1.313725357765116      2.108485389981368       9.96188040983303
                   1000     -2.091597071479326      14.21271122956629      1.013807150755333      1.607428310242424      1310.591549193009
                   1000     -14.41832678433238     -6.159307494238044      1.034560666982232      1.547575145410634      1.637506363216503
                   1000     -12.49846632322314     -2.700623994635425      1.023884314779361      1.713148812550742      1.860500562093151
                   1000      4.757700015059341     -2.078641050752511      1.037245504967422      1.536740744768859      184.1696822622264
                   1000     -11.22168330736673      3.313605088255577      1.076558165119538      1.365428219178053      11.05790676715259
                   1000     -8.027360933309213      13.06302278626553     0.9876846517612353      1.366163283865536      5.052915519058685
                   1000     -11.86631744925808      5.174205056431481      1.057327794724219      1.486635161635817      6.529247470245117
                   1000     -13.09440369503981     -6.617560121749557     0.9312225090256131      1.402711682572258      2.126581590044446
                   1000      2.977416751261931     -8.425351294806054     0.9377289270561748      1.343847761374976      173.7170765476386
                   1000      7.599705297292839      3.758894127291966      1.010866247364953      1.435803743902073      103.8105389703401
                   1000     -3.354628026123629      4.274372962544313     0.9292171493748573      1.561653839089206      12.62669595878031
                   1000     -18.98030274391031     -3.576609518994571      1.031064438299801      1.378087473873991      7.174557784945977
                   1000     -10.98976577318167     -3.682530102963267     0.9117039948842522      1.319303307533056      1.805161577717041
                   1000      -5.16444016222361     -2.595851442836672      1.035011541368786      1.592506111303489      2.696676974282146
                   1000    -0.8623361054706038      12.78340424265128     0.9884984655495418      1.595584072668028      532.9159596945287
                   1000     -6.526666848383827     0.7519328521816775     0.9678315705371272      1.394451603636847      5.022784378361404
                   1000     -7.496740534795952      8.804639492758923     0.9317915834784519      1.467782301946315      60.43500398405988
                   1000     -1.340807916594299      1.942600013482586      1.006870076801784      1.613052405372833      15.90431254059257
                   1000     -4.785483030539489      13.85693769920918     0.9998078730955204      1.394069095255037      994.8227706842708
                   1000      2.122876930037162      3.690844992072506     0.9627958585404779      1.326938830415244      163.0493527419966
                   1000      3.784743501316676      4.235163878794929     0.9423720050925842      1.333134401122698      111.4628636347135
                   1000      1.114165039735487     -2.171393453400655      1.045535345287269      1.574831655511764      145.3233770753986
                   1000      2.961492941415915      1.649462524992074      1.092051439001434      1.447193996786726      110.2684287922892
                   1000     -6.010793846081747      10.06240021114548     0.9692277181335065      1.382011040364524      268.3189899966613
                   1000      5.752758892163028     -3.460454448578004     0.8995832518643877      1.358975380597456       33.2693509691891
                   1000      5.587931622782319      5.002900850752444      1.045996602864475       1.57512078883978      19.15766346512627
                   1000     0.5443711684360067     -10.60809815665627     0.9873351924732802      1.490456996764334      334.5362760250731
                   1000     -11.62708928603377     -9.539090528937489      0.902215364082586      1.297838270750886     0.2533784138585907
                   1000      -11.4444245945913     -6.746975447759398      1.056807509735796      1.371509520703455     0.8768038494671724
                   1000      4.139270212601219      6.585774697924581     0.9560490022422892      1.393322972178936      45.55181753254359
                   1000     -3.823732528906266      15.06195129971289     0.9408617526234646      1.344325621874633      2980.393351557708
                   1000      4.858279294808333      2.379090393101729      1.013287827715663      1.507344358341862      175.0942157763495
                   1000     -14.13166308762455      5.025076444876001     0.9738695164118222      1.449363207948905     0.8334052541759305
                   1000     -6.591853437277579      4.619067100093088       1.03366464502137      1.415204793786244      18.83320716293429
                   1000     -4.985821636150011     -6.788166654362425      0.892701815768325      1.306418790474787      7.710523553217974
                   1000     -10.07295947190886     -6.748668600929849     0.9980590853512178      1.453005085136845      2.048965596895688
                   1000      7.920936161705305     -5.722804880263082      1.007906569920515       1.59900750619716      0.631359371038452
                   1000     -3.244334826114044     -9.092736280924894     0.9772374161933977      1.273472882040139      61.37348075796191
                   1000       1.17180365574805      11.64493409445565      1.020521231545465      1.350311499138164      98.08466994870716
                   1000      9.178659674186861      4.234511341594973     0.8836429238306145      1.347880422041397      8.202671114694764
                   1000     -3.921791917665656     -16.56019907461593     0.9568360709562427      1.334082404159614      1628.116606583911
                   1000   -0.04974379390478134  -0.006831122562289238      1.045667623392522      1.571267625680127      5.474648837544401
                   1000     -3.796336560042996      7.873958316924001     0.9545257706312166       1.40327279392452      73.44227300357832
                   1000     -16.95614000557714    0.07514024786352472     0.9765984021730916      1.270356974206084      4.893735844226942
                   1000     -12.85638194749774     -9.178634617070328      1.054995656206037      1.538649474811748     0.1252189126537364
                   1000     -14.09052477522624      2.577037302518085     0.9334524939507219       1.25123696432546      2.707373176386109
                   1000      -11.1304373606808     0.1675910424025058     0.9838848088609951      1.378544402664578      4.789008302014079
                   1000     -9.471616763497956     -9.343681118734922     0.9722719374528269       1.32984045547592      1.654051186242321
                   1000     -15.96950822283567     -1.063529550263802     0.9084500950153367      1.250453669338707      5.767947346173393
                   1000     -8.188960101164925     -6.157310533556526     0.8997374193508724      1.246681781469862      2.495761160475512
                   1000    -0.9482375919319757     -13.00755483673894     0.9333768824417267      1.288998736358259      2404.384649082177
                   1000      6.777532113481548      9.311538654738365     0.9572813010693958      1.241028420997705     0.5635247022109795
                   1000     -2.395133893291572    -0.6128187557384305     0.9495694229564255       1.30128366835401      3.760605393798151
                   1000      -10.2971248626709      10.21610260009766      1.004907055387696      1.472257348771153     0.3081329304724701
                   1000      4.248422083831334      9.233402780364537     0.9689644613605467      1.431490277432934      15.68884699242505
                   1000      6.527880405230621      2.174261627607479     0.8515100230987559      1.209167958789354      88.87126096142649
                   1000      8.843577643304902     0.1923998923821049     0.9754901469429489      1.414060587921564      3.683972962991208
                   1000      1.107104434901675      16.28479864175363     0.9787548943628135      1.495502299826975      12.29957403144234
                   1000      9.239145641308275       7.91755269726926     0.9375066551494554      1.402602760416349      1.455574394154797
                   1000      3.168761716773678    -0.9073138190887087     0.9070029023367828      1.246371790279357      163.4553140105838
                   1000     -11.32773494720459      8.232489585876465     0.9819683829159757      1.437017650799812     0.4454354493508123
                   1000     -9.326444240379876    -0.4484797820166198     0.9147979639590129      1.301301355107135      3.005961766769507
                   1000     -8.760606698068447      1.684659518057619      1.020921475832377      1.351783794546489      3.890845074153041
                   1000      6.777507781982422       14.0756721496582     0.9807372316861135      1.417826792126172   0.003484683551593574
                   1000     -4.827524866284965     -14.24688904528636     0.8932292382320858      1.229324518889719      296.4461846724489
                   1000     -5.154143191351298    -0.5208527397008009     0.8851448893776742        1.2875780887016      1.895466257420799
                   1000     -16.13642883300781      -8.58427906036377     0.9571446103293608      1.382984614825486    0.04912659390375951
                   1000     -12.93368404167565     0.1938399979664116     0.8715004951735943      1.184189925109718       1.36240476271504
                   1000     -2.571910250483144     -11.84339534752242     0.9016681764322204      1.300267591965076      238.6294480447321
                   1000      1.784910931102083     -11.05484201298512     0.8509947687497617      1.172603262359154      153.1999321828963
                   1000       9.95394826178411      1.134698830570343     0.9375626661491021      1.311471357513005      1.430109114768646
                   1000     0.9495941402180518     -6.890490701924643     0.8908518593737373      1.357914667975654       437.518724186656
                   1000     -7.134004447925353     -1.740033960331502     0.9143856594452079      1.205984539538995     0.8279613256110236
                   1000     -4.544859886169434     -9.674877166748047     0.9325842970022481      1.320518603631329       5.99941992687531
                   1000     -5.876936759280109     -16.48867393937845     0.9239943024817598      1.202362817296377      82.85943310026923
                   1000     -1.317129023851108      4.513992842023378     0.9190905350428676      1.243469088580788      35.80284225845443
                   1000     -4.453869053134111      6.524465343869577      0.900583512227174      1.210333685954819      15.52887562375208
                   1000      5.416980187578784      7.637215537911972     0.9250636811775024      1.158107935999021      11.31638613575933
                   1000      1.458554191301092      5.227838940125165     0.9068734850428474      1.179612937418324      97.80688856273343
                   1000       2.84119598820284      12.28972668637378     0.8790610052764254       1.15158916055983      14.73427029321771
                   1000     -1.269243843944512      8.105234874118327     0.9085690740719952      1.172393302044911      193.4855342940116
                   1000     -8.700530847117879      8.681309605970227     0.9175425434625566      1.263044301762195      7.003051848745828
                   1000     -7.981356691719808      -8.44754656983304     0.8610868922204549      1.230716986330877      1.925918330338914
                   1000      2.141762818600468      -3.49529106218007     0.9213003902865191      1.211671599771445        107.42702857266
                   1000     -3.779520096541899     -1.182898077090209     0.9274150864376759        1.1070262289487      4.132223545108497
                   1000     -15.08937549591064     -8.741700172424316     0.9111073515924878      1.263307452718461    0.07267534027956199
                   1000     -5.250477876254205      11.91222815443426     0.8558456202622434      1.132310308852249      609.4994663222078
                   1000        4.0549848640202     -4.041580362042826     0.8696720223700442      1.165190527248202       98.4963590495649
                   1000     -3.122779503255356      1.806018308046721     0.8686518447415346      1.274814358698592      2.500456789810536
                   1000    -0.3173490095195845     -3.132420407437633     0.9302557638675889      1.186831983388716      53.58051984254801
                   1000     -16.45106811709278     -5.769495739752176      0.861627003335255      1.169813451760809       0.47098716863457
                   1000    -0.2174223511470338     -14.08891045862567     0.8298667639878734      1.067466672051298      275.9983538012574
                   1000    -0.2723448276519775     -4.783427238464355     0.9054444256872926      1.235899814075538      10.67116661908092
                   1000    -0.4856631626598708     -6.107111310936539     0.8711375818132038      1.148787741546189      41.48118098749056
                   1000     -6.119407234913063      2.032817385388487     0.8493555329496564      1.100889229621194       1.67787133256201
                   1000     -6.217066200927629     -7.820807774985541     0.8346763750311887      1.225469003103155      6.027305770333742
                   1000     -2.163532733917236     -8.023675918579102     0.8934697390711012      1.216936048901608      18.06503075329365
                   1000      10.26688385009766      3.570675849914551     0.8925026396863568       1.21624589145741     0.4805323731276649
                   1000      4.241732781110439      -6.31024864467738     0.9743998690243275       1.23494731390495      31.52861872427845
                   1000     -3.023250863467354       16.3918747110296     0.8707877555355191      1.133631367115309      494.3775050789926
                   1000     -5.354913169431438     -8.374044821709925     0.8550260614829784      1.140004746685467      4.586334644665892
                   1000     -6.994879980514461     -6.005539437999748     0.8864634270993331      1.210743107412525      2.724402771757731
                   1000     -12.11195010247683       1.26846257493812     0.8447932154771801      1.172327837598008       4.35505739104318
                   1000     -5.664845758328643      7.746778125035093      0.841389526602308      1.258246695706474      61.49087079721053
                   1000     -13.75523909283248     -1.677114327511317     0.8628924114270887      1.196385560365515      1.450485533915755
                   1000      1.628989798322229      1.656825760713438     0.8585829406957208      1.211197751272287      62.79493442779975
                   1000     -2.578926655198561      7.547799361293595     0.8923218421125074      1.124740498800671      45.84020054188954
                   1000     -4.195938894798898     0.5062828370919848     0.8866995478553471      1.166212247349527       4.05850143628593
                   1000     -4.377818538308338      10.60196490031323     0.8800353100121523      1.160196016550014      550.8235606537424
                   1000     -5.442543416182446      15.35540641667858     0.8221955091175014      1.088061441037338      199.8990049800582
                   1000     0.4611537056611774      3.321091001594242     0.8693932834763345      1.150387426487519      74.48950954020567
                   1000     -10.45279653419913     -1.695134449158392     0.8371234792267009      1.145752875357716      1.114671477290785
                   1000      2.583131671617921      7.046370140206998     0.8264152183213777      1.122188397623659      54.57888616880137
                   1000    -0.9596387422983066     -15.00394781174345     0.9267865490678534      1.126494164886458      762.9564789561759
                   1000     -0.836510435631851      15.04784361172348     0.8828109707503021      1.085025339407425      208.5575069748565
                   1000     -8.118391532191685      4.570796125197683     0.8650404726166543      1.238310101964908       10.0419002801968
                   1000      1.079505443572998     -14.04012584686279     0.8644965089657499      1.156563350925231      27.66858304034449
                   1000      8.030117814237723      6.295977098902367     0.8402503736427712      1.152887264211956      6.237202602146879
                   1000     -5.708288669728681     -4.828125483561723     0.9073230722338225      1.123624979692841      2.830125148832946
                   1000     -7.770785608372375       6.41766982508789     0.8276915891492679      1.202176047965228      11.64964279888436
                   1000      -1.34163311151736     -10.72277885932455     0.8404608373648507      1.202046236067714      164.8931371041304
                   1000     -19.68642997741699     -6.186079978942871     0.8537044943773726      1.146705841163381     0.1768060223637718
                   1000     -13.73450660705566     0.9433631896972656     0.8540359238555751      1.143570638601212      1.044545480338433
                   1000      7.031679570991223     -2.978972713594458     0.9218919122796364      1.132916367306683      11.50511975707221
                   1000     -10.75419807434082     -11.01327705383301     0.8499156857008713      1.131097501695247     0.1744556182866552
                   1000     -14.75239427026704     -4.272265647650212     0.8430794672475052      1.111740081133451     0.6860537279888754
                   1000       4.63544426647837    -0.4034221450603323     0.8262736323680199      1.088243574205168      159.1268689463084
                   1000     -2.320568906304902      9.375835371091313     0.8738258831016781      1.126405928902528      293.8395837884069
                   1000     -4.052311021039841      2.314518299693041     0.8105245672537685      1.081629526593201      2.025862577344022
                   1000      2.570873596025024      5.285130125004541     0.8617032949278184      1.103782470230671      41.87816485276838
                   1000      1.425545065168659     -8.657845273395212     0.8440762574866272      1.103890684967969      177.6474842357639
                   1000     -3.749469757080078     -2.348386764526367     0.8266380016338932      1.110121844912131     0.4167709480423052
                   1000         5.284131377609      9.519079235038827     0.7979783759664266      1.121411683531834      7.984683102237763
                   1000     0.8513087778082714      13.49451537245553     0.8202145355829907      1.181259913760392      58.35657853096133
                   1000    -0.3168902397155762      16.89078903198242     0.8258485317908604      1.105083263038019      14.68310465732909
                   1000     -16.20562972743829     -3.815902957733229     0.8117337468450919      1.118822839905632      1.128422126020538
                   1000     -14.97659492492676      1.866545677185059     0.8209684881109469        1.0952403936197     0.8917302832967616
                   1000      6.742778778076172      12.55479049682617     0.8183766883394249      1.093766107171282    0.01838655745090997
                   1000      -11.3612196417787       6.58671946568859     0.8542762156813947      1.065604172194136      1.844604268243352
                   1000     -4.626619706111213     -11.98413231129131     0.8794419037421612      1.073327991286454      58.08006639239537
                   1000     -7.886175632476807      11.24766254425049     0.8112486227299643      1.087244280953071      6.179281881159985
                   1000      12.01425552368164      3.841459035873413     0.8108432044882166      1.087438504891162    0.03120829392735213
                   1000     -10.03019905090332     -2.785160064697266     0.8095162958063044      1.083060615390747     0.4938188808037381
                   1000     -18.68760871887207    0.08231353759765625     0.8103230189655679      1.080798318767289     0.3696616064007606
                   1000      2.024422805186442    0.01696162212962106     0.8635207523613386      1.097618789218826       83.6805106726251
                   1000     -2.814261725069261     -16.54480723196046     0.8058929750780901      1.104344254481691      941.2070090398747
                   1000     -6.880115985870361      15.44766807556152     0.8041762499714133      1.076518377825813       12.9219102810408
                   1000     -11.30650234222412      -1.64273738861084     0.8036444146225147      1.076269717887116     0.4713782881744246
                   1000     -21.01536178588867     -4.601805210113525      0.805338409289357      1.075805474324298     0.1356809779206735
                   1000     -20.06305254458329     -4.958425804775383     0.8164759234366901      1.061162126944803     0.7856907010092193
                   1000     -17.58407684639259     -4.461825024972891     0.8473664273969888        1.0798272320877      2.147006863285383
                   1000     -3.806376457214355     -6.724116325378418     0.8080796745433924      1.073444290978185      2.341275084544644
                   1000     0.6893208026885986      4.656381607055664     0.8076947242150769      1.073606746984568      22.77662942788211
                   1000     -4.401736259460449      4.859710693359375     0.8067478344754717      1.071405580002548      2.820322672373123
                   1000     -9.336452484130859     -4.963639736175537     0.8063867572294952      1.070850714231174     0.5979928581876768
                   1000     -10.33480072021484      -8.29183292388916     0.8044169958033446      1.067881801821627     0.4113321959512915
                   1000      2.446627855300903      9.404367446899414       0.80435956710005      1.065470655224886      15.97407300876688
                   1000     -18.55102920532227     -1.275663375854492     0.8035565914135699      1.063987912886486     0.6527620131940376
                   1000     -1.758146547557004     -2.198734492393605     0.8114070760781312       1.13785944626618      5.391847068483344
                   1000     -1.615025758743286     -3.794662475585938     0.8033797088158591      1.060996525825573      3.706755881139573
                   1000     -16.83801651000977       2.07077169418335     0.8023201188617112      1.060336157513442     0.3747862277452025
                   1000     -8.651481970697786      10.78965409867318     0.8218336662005769      1.042358964431783       5.29596387351837
                   1000      5.537205219268799      12.84243392944336     0.8028025088041577      1.054239141509804     0.1027060639790503
                   1000      7.044313907623291     0.9671099185943604     0.8030308995916571      1.053267374919993      22.97925707189099
                   1000      5.921627521514893     -5.083939075469971     0.8028794017326296       1.05407294307133      6.330818826242412
                   1000     -3.803726645085992     -14.64419886603662     0.7988273834983487      1.170475326696649      807.5048859458492
                   1000      -1.27692985534668     -16.73608016967773     0.8009921888639329      1.052485684990816      172.4115122404294
                   1000     -15.31320571899414     -2.901715278625488     0.7999866042236249      1.054064249244862     0.6725171412459765
                   1000     -3.227031230926514      -18.5053653717041     0.7995348142524867      1.052203352457528      80.06343707549658
                   1000     -12.51396179199219      3.201614379882812     0.7996015380097982      1.051490692007623       1.23824241311999
                   1000    -0.8770402669906616     -1.012790679931641     0.8001005825655901      1.050950603921549       4.46761105012627
                   1000      7.191274642944336      7.919259071350098     0.7986158945216185      1.049676610610083     0.8287572237537499
                   1000       8.90367317199707      2.337280988693237     0.7979200611396545       1.04797370296278      3.328474656853948
                   1000      -6.63897510691086      7.068430741367524     0.7928637935739037      1.039915984063166      14.85943750888216
                   1000     0.1534177364606783     -12.02978249998401     0.8165287735245699      1.030728086077035      344.7036047833539
                   1000      5.293769836425781      -5.87112283706665     0.7979184931929763      1.041443939876492      6.043615628698785
                   1000      1.096236944198608    -0.2889268100261688     0.7962845773872191      1.036376740200728      16.32412190282814
                   1000      4.165401458740234      -8.59052562713623     0.7958818082012534      1.035295301514144      7.911740261797876
                   1000      5.177335262298584     -9.851449012756348     0.7948544161511348      1.033610811283399     0.9416473601150549
                   1000     -2.199241638183594     -9.711877822875977     0.7944037994288057      1.032895774410638      37.65672248862884
                   1000       3.15374755859375     -3.279766082763672     0.7938754188080377      1.032353398188333      28.56737347433353
                   1000     -9.580259424039344      6.339031752223155     0.7870498720288169      1.050581446184426      5.155172666822609
                   1000      1.933969974517822      17.31102180480957     0.7908866598608106      1.030494577139612       1.04423904550989
                   1000    -0.7688150405883789     -11.61259841918945      0.789894688102706      1.030504888782033      155.6374042703594
                   1000     -2.698042869567871      12.34957313537598     0.7836073334626067      1.027109421600048      250.3114927531064
                   1000     -19.89409065246582     -1.875926971435547     0.7834477917452908      1.025946493375568     0.3224292371710957
                   1000       8.35237979888916      1.575106620788574     0.7827183674080526      1.023068825125321      5.353003172446996
                   1000     0.0770411491394043     -7.432478904724121     0.7822517697954737      1.021665608370122      51.29720298988614
                   1000     -4.540189743041992      9.381336212158203     0.7828969051721714      1.020598214063704      70.70658207562364
                   1000     -5.202686122815711     0.8786608659620256     0.7797859557471324      1.069642755383941      1.700257969390382
                   1000     -6.107629299163818      12.52736282348633     0.7814256109765092      1.018588006112475      78.38457138283241
                   1000     -10.52697467803955     -12.54701805114746      0.781052551929531      1.018977262109886     0.1236464633100832
                   1000      2.613343715667725      10.48437309265137     0.7807982502522062       1.01933581182056      9.722568146032168
                   1000      5.148194789886475     0.5972769260406494     0.7804717495259785       1.01895352786087      32.94385364900913
                   1000     -6.863697528839111    -0.5848124027252197     0.7811388064306393      1.017592261471484     0.5989129626005174
                   1000     -6.316431999206543      13.71252727508545     0.7811640746258471      1.015637590450686      53.91948274561354
                   1000     -2.382835149765015      10.96975803375244     0.7803192844876825       1.01448202036874      121.0499792216922
                   1000      3.696392352706471      13.33203679891227     0.7749856236997844       1.05459727558887      1.734902414393667
                   1000      -3.77390521865728     -13.44052762535109     0.8392655686712333       1.04674067867578      533.5622241893066
                   1000     -8.749001502990723      6.100938320159912      0.774245766032311      1.008477193937421      2.556783207768438
                   1000     -16.34647560119629     -2.217470645904541     0.7765564731992666       1.00644777526537      1.125064839805884
                   1000     -2.039133101757562      -5.45831488777929     0.8063796400817947       1.00705086288659      5.140007260786769
                   1000      1.879439830780029     -1.082870244979858     0.7767763371456251      1.005578511098922       21.9622852621313
                   1000      4.157367706298828      11.42135047912598     0.7762855932998844      1.005160280342627      1.458376934987125
                   1000      5.687197685241699      14.48389911651611     0.7739367861593472      1.002308324663602     0.0169166951385024
                   1000     -11.75663185119629      -11.6102819442749      0.773582430012415      1.001630787024896    0.03753997422370149
