#! FIELDS time tica_cv1_4 tica_cv2_4 sigma_tica_cv1_4 sigma_tica_cv2_4 height
#! SET action OPES_METAD_state
#! SET biasfactor                       4
#! SET epsilon   5.176336619919723e-10
#! SET kernel_cutoff       6.539381215389747
#! SET compression_threshold                       1
#! SET zed      0.1232855028747583
#! SET sum_weights        8899.35422658984
#! SET sum_weights2       42585.00523929745
#! SET counter  4992
#! SET adaptive_counter  2500000
#! SET sigma0_tica_cv1_4   0.0009186286180416854
#! SET av_cv_tica_cv1_4   -0.006059910801827387
#! SET av_M2_tica_cv1_4       9.238552079698881
#! SET sigma0_tica_cv2_4    0.003740035608971193
#! SET av_cv_tica_cv2_4    0.001695759178446288
#! SET av_M2_tica_cv2_4       32.46279053710978
                  30000  0.0007995609854053187  -0.006536006551178147  0.0003198312352069887  0.0006367921240829337      12614.76063451348
                  30000   0.002227824413111241   0.002274577538592909  0.0003262231250062073   0.000629039540911329      21157.37880245366
                  30000  -0.008424804852650441 -0.0004010919987821689  0.0006094057467942916  0.0007903556660721072      1297.758068655866
                  30000  -0.008150610058583507   0.005134576930615986  0.0004552347862619585   0.000678333616989244      2.231993213368979
                  30000  -0.007031716942047824  -0.003860134740292114  0.0004794108750389364  0.0007059462002592811      5.998541444370485
                  30000  -0.009125394441978884     0.0109165315952146  0.0004367496740507931  0.0006630060851723755    0.03213097059858584
                  30000  -0.009555191323905365  0.0008747863196057645  0.0004102683927722337  0.0007090371421139597      346.6868427197727
                  30000  -0.007974284158716543  -0.001839682963089728  0.0003752251250147408  0.0006846940185865359      415.4469871796747
                  30000  -0.006677957960936737  -0.001396127447144583  0.0004166670102196476  0.0007197846317751539      85.86404799749505
                  30000  -0.008593818970502135  -0.001529709683847021  0.0003696415249153102  0.0006467501068281827      228.2861078996538
                  30000   -0.00365800197237756  -0.003479986224412371  0.0006273900014680401  0.0007968455592019281      0.112913690793835
                  30000  -0.008863363875743827   0.008093739208619104   0.000434736508159828  0.0006823725959444009      0.112369000013916
                  30000  -0.007511702456711573    0.00337936086731054  0.0003664313448804298  0.0006486318901777931      3.701472740288826
                  30000  -0.008029799828934795   0.001790627604878736  0.0004147916274268844  0.0007155901416113651       32.2517901626699
                  30000  -0.007683069989457182   0.009929091942464078  0.0004036081857942356  0.0007372561696433971   0.009652580071874268
                  30000  -0.001133455358415495   0.001667931482025555  0.0003066435552339845  0.0006613645855853113      32.17863002262426
                  30000  0.0009668148028567136   0.003076055054783347   0.000312108041492556  0.0006275717255742174      5553.619592427924
                  30000 -8.897198686946008e-05   -0.00437157609025216  0.0003323936076694285  0.0006430224929830524      1386.447466166773
                  30000   0.002248983360401746  -0.005573160351205077  0.0003099244500657089  0.0006254771805631475      673.2134675451632
                  30000  -0.002474841026549488   0.004880901805801452  0.0003088604411461426  0.0006451763475507713     0.9062196912898687
                  30000  0.0004026915553369579  -0.003782126091715981  0.0003449295986662056   0.000690329321467904      1405.887194534371
                  30000  -0.002246050548886823   0.004025754432892279  0.0003244304019508915  0.0006114331757362694      1.905666478117602
                  30000   0.001967096182863523 -4.394694640181573e-05  0.0003429459424457431  0.0006795447317915213      1339.343626915613
                  30000  0.0002484834611760685   0.003699410731002397  0.0003127614608451167  0.0006412351447271975      1261.444278979114
                  30000  0.0003363529493907873  -0.002125651012083332  0.0003246434432936033  0.0006271032623245827       649.543495665818
                  30000  0.0005527577474521812  -0.005798318757109672  0.0003245530122425843   0.000635394211917072      13317.82176719139
                  30000 -0.0006154295669747331  -0.006016344153473863  0.0003287784574278388  0.0006024728582482379      903.3786626609847
                  30000   0.001552957183397065  -0.004805442178976881   0.000312107003426969  0.0006697565858600034      4096.674366995547
                  30000  -0.002350607530098705    0.00655692353290729  0.0002785917129675068  0.0006128661458510673    0.06469246281620036
                  30000   0.001583986134560036  -0.002791785334771799  0.0003265276354448319  0.0006275515567704689      900.3447242953897
                  30000  0.0001395878737724649   0.001104995450888275  0.0003278947544847269  0.0006070441879757109      214.0964582746213
                  30000   0.001162048942272605    -0.0059813900308042  0.0003288294193135804   0.000620138380165979      10530.92221373215
                  30000   0.001485547167288788   0.002427759851610879  0.0003315185833757091  0.0006112893283923335      11314.20943402425
                  30000 -5.686753468815956e-05  -0.005957795701474949  0.0003281855511838283  0.0006023252270290527       4501.48943759168
                  30000   0.002600859805501577  -0.001591347164200053  0.0003350989792114788  0.0006346541162812197      324.9400254443941
                  30000   0.002149179497290322  -0.003008074981911682  0.0003025527486515245  0.0006433793159609311      582.5904945634412
                  30000 -0.0006360147864697479  -0.000376192608164773  0.0003323415933668794  0.0006304756218815113      61.02625991029093
                  30000   0.001883175444290459  -0.006986524569370677  0.0003043507852082944  0.0006226769737142968      1172.277293911396
                  30000  -0.001651916216899858   0.001325284025327881   0.000330248471759153  0.0006433284873288792      10.00203678058335
                  30000  -0.000686955518752346  -0.002352459098896623    0.00034777128041304  0.0006144774517112936      183.9782792167473
                  30000   0.000697255469421822 -0.0003302201504103992  0.0003213632305432337    0.00063392444015298      538.2080333186125
                  30000  -0.001217134945924496  -0.000882216888136642  0.0002997100315526359  0.0006388617595845362      35.24536891874409
                  30000   0.003070270748487604   0.001595846777074628  0.0003035047195233971  0.0006262991789864437      4669.417779270584
                  30000  -0.001116850658856633   0.002837953010112133  0.0003010826817440639   0.000639693050274468      31.84339905302352
                  30000  -0.001431799214821996  -0.003571585136996829  0.0002867721008171538  0.0006336789005541067      26.56037482846316
                  30000   0.002493618707861572 -0.0002706820509864577  0.0003082828450109418  0.0006211857897237536      856.3228647556816
                  30000   0.002186884058339176   0.001250492128944546  0.0003118740493011763  0.0006422040877101643      5098.311996877751
                  30000   0.002139832252345851   -0.00166553023009969  0.0003009362981931388  0.0006294645338528723      582.0605114422749
                  30000 -0.0004588386769398131  0.0008953253096846011  0.0003088622268335452  0.0005928448342397129       98.5548683363721
                  30000 -8.255690976305756e-05   -0.00305951360386274  0.0003206780476083647  0.0006202457345521901      559.3284712389571
                  30000   0.001107831021031897  -0.004068151721924447  0.0003101719538497124   0.000597889595186565      2040.702076617684
                  30000  0.0009532486199907822  -0.002756477423790127  0.0002992940073165046  0.0006434309659994364      740.2953986159024
                  30000   -0.00126380912166433   0.004568294212082896  0.0002984674777392073  0.0006416520791914226       15.9840844309611
                  30000   0.002448245733347795  -0.004363628190610721  0.0003010269489786314    0.00064583759274938      550.4609202383655
                  30000   0.001742025621880869   0.001750542998105979  0.0002991485246826806  0.0006387918305948401      6151.757976771385
                  30000  7.707689214907904e-05  -0.001141329735225632  0.0002996961233287236  0.0006195885697181645      314.6977889606767
                  30000   0.002948726593445295  -0.006367127774539362  0.0003010730707985564  0.0006052090735871389       23.8379659116384
                  30000  -0.001506048471220709  -0.002769342957459506  0.0003225298163743536  0.0005668538945240674      15.26640427075908
                  30000  0.0004622500837386809   0.003043866218777837    0.00031679230211943  0.0005811819728650001      1692.389314713554
                  30000 -0.0008288681030852517  -0.006819093774302815  0.0002964483800854243  0.0006353464262741356      119.3525750199966
                  30000   0.001088340230187181  -0.005105951315752359   0.000296960664018575  0.0006170948262487028      4300.203967591913
                  30000   0.002236229075266148  -0.007518203816923081  0.0002901658784320077  0.0005992309125696204      76.32417191524993
                  30000   0.003226954140615349  0.0002521034763102904  0.0002922465434569469  0.0006603448227581993      501.7149777466863
                  30000  -0.003118574346559694  -0.005310783702834741   0.000359624923604795  0.0006495633684251488    0.04181283990953967
                  30000   0.001404501189577185  -0.006963582731048701  0.0003069729880185254    0.00060475185446009      3058.156306366028
                  30000   0.002755913342255115  -0.003692484698655735  0.0003038135251729103   0.000614956467011916      121.1899209953178
                  30000 -0.0009625573473740471    0.00418964086080388  0.0002811727788693542  0.0006290829935333415      30.98930529291244
                  30000   -0.00155218559513011  0.0001710727703582938  0.0003109634177949732  0.0006312475346729993       12.8127356626417
                  30000  0.0002497738245010636  -0.006553728643760131  0.0002987987361819271  0.0006037690605446053      6414.662252953421
                  30000 -0.0006078525941906717   0.004423061381749113  0.0002884425605689552  0.0006433130439884776      102.7762188564267
                  30000  0.0009071873421334927  -0.001384678439263937  0.0002936330063946089  0.0006557046378198243       552.896919516287
                  30000   0.001877733943206778   0.002742975695187202  0.0002952439333596308  0.0006081683959173085      7513.606711648355
                  30000 -0.0005686079906808397   0.003406811386079069  0.0003079601679247019  0.0006460874767597387      140.8942986670822
                  30000   -0.00343029734540174   0.001921905709212052   0.000304535307170609  0.0005961036398687895    0.07634727836493271
                  30000  -0.002715188153456953   0.001994548748309392  0.0003024455694814332  0.0006119176767714987      0.546602555068279
                  30000  0.0007665979611319731   0.000877591448796656  0.0003027013901938969  0.0006386523802272123      602.7940491965211
                  30000   0.004071176318842089  -0.001113941415334441  0.0002900180904477844  0.0005741928118589455      2.310510146940186
                  30000   0.002768017833823929    0.00216536383754978  0.0002963033642896434   0.000589090499596088      6934.307421612202
                  30000  -0.003284237962420977   0.003892870633426278  0.0003043989043900785  0.0005939675542938283     0.1648348270689676
                  30000   0.001384934546370061  0.0006686933155543671  0.0003207112026445708  0.0006340341205558044      935.4797565990885
                  30000   0.001838612901530873  -0.005666763938385173  0.0002953476330665636  0.0006191366572981898      2605.383992033916
                  30000 -0.0001863086115501345  -0.006920409030289419  0.0003080363485104698  0.0005777004456345029      843.6935826831954
                  30000 -0.0008836071589335556  -0.004717642231374063  0.0003063880185170559  0.0005891683399995481      217.2968884360721
                  30000  -0.002217714111091958 -0.0006769067430413956  0.0003279633341442357  0.0005772818367117259      1.231712029367118
                  30000   0.001124289358047643   0.001697569293730724  0.0003149053753128399   0.000622111762900749       1864.88504809522
                  30000 -0.0003202180458941856  -0.001504888797772676  0.0002960874187027135  0.0005839122193182081        86.814469793123
                  30000  0.0001619548916644325  -0.007663101916963327  0.0002920246399654864  0.0005784028549042332       256.636562401477
                  30000  -0.002273578859267647   0.002743382632672397  0.0002977621978736713  0.0005723457065745915     0.6337722890512394
                  30000   -0.00193981689828069  -0.005779127487260116  0.0003123244548295025  0.0006096403924096503      8.941516570626746
                  30000   0.001779114188850233  -0.003825573699751036  0.0003068732064390001  0.0005884103997726738      919.1242392400145
                  30000   0.004191513645656486   0.001130159097577132  0.0002770199220755623  0.0006204538955746632      19.03681628483067
                  30000   0.001669536282574486  -0.001845382375781095  0.0002973501094951074  0.0006013422749893767      617.2298329384801
                  30000 -0.0002389501620151929   0.001615696940023153  0.0002936621323076089  0.0005786053626209121      72.80732159923218
                  30000  -0.001668565486346479     0.0041296106140374  0.0002811037048334017  0.0006473754932401856      3.748803024591632
                  30000  -0.001504811928718092  -0.006379541889334047  0.0002761756134560672  0.0006780888875656469      26.71705184834514
                  30000   0.001361049782014568   0.003160267717235088  0.0002913219512719073  0.0005868484947773871       4987.48436357764
                  30000   0.002613061459161826   0.001546870729963131  0.0002895987848741102  0.0005734996675190361      5952.268728337823
                  30000   -0.00169161132111815  -0.001011861004561443  0.0002821027583138258  0.0005907313820343691      4.773300630421433
                  30000   0.002614068970100146  0.0007394378060565011  0.0003058848381848407  0.0005893189317781186      2520.218475805729
                  30000  -0.001452416326189449  -0.001919508957188286  0.0002812744604172472  0.0005935882019307419      8.079190479649125
                  30000   0.002610652274785648   -0.01140588500599197  0.0003084009616537038  0.0006400230136076292    0.00012481951091717
                  30000 -0.0006514258452861615  -0.003753829724216928  0.0002849399812975875   0.000621650226781099      283.6542597426769
                  30000  0.0003210787838266704   -0.00508460097980613  0.0002800222188985402  0.0006210517668651212        1800.4050471615
                  30000    0.00140505198334319 -0.0009468813062151831  0.0002991958405570186  0.0006017556709352525      537.1963393168204
                  30000  -0.002726716000556953  -0.005615306714677921  0.0002950768864943674  0.0006242813914212538    0.05048800367592045
                  30000  -0.002395861383048821  -0.001676928146009273  0.0003128229319559879  0.0006190119918138998      1.202383465689975
                  30000  -0.002601993180561136  -0.003244105201278224  0.0002835508149975107  0.0005569487142052749      0.232068938465799
                  30000  -0.002251685875972974  -0.004065916689745964  0.0002846161853576733   0.000593847455326312      1.675754864143258
                  30000   0.005093614019523265 -0.0006522857941409756  0.0002862201525974121  0.0006015430426759769    0.02997726323677369
                  30000  -0.003369712670694719  -0.006520405955490242   0.000305271728362897  0.0006023074058875944    0.01025917357268294
                  30000  0.0001193355176275897 -4.475998110713286e-05  0.0002845573198599782  0.0005699592544684196      165.1613019923589
                  30000   0.003635683416673158   0.001042242317032303  0.0003106281573047595  0.0006100567954689471      387.0469499450208
                  30000  -0.003515998302002804   0.004666240661871903   0.000293027562520893  0.0005443468723098842    0.02620823362743545
                  30000  7.539443574856905e-05   0.002381201760150645  0.0002843404533631716  0.0005995695763266314      174.3524584471598
                  30000  -0.001230053204136705  -0.005717294129005505  0.0003076357794613188   0.000611212091517257      131.2395866186223
                  30000    0.00116656649268793 -0.0002367831188461181  0.0002752656360652245  0.0006209059763364616      357.7080665530454
                  30000  -0.002687254413539538  -0.006678758392775915  0.0002893810064739719  0.0006163503028484521    0.01143662243100148
                  30000  -0.001675493850785997   0.007189873976838759  0.0002838676650842744  0.0005869849151268134    0.01797736792631774
                  30000  -0.004160843226242067   0.003394808569193424  0.0002876982369179954   0.000568410859058982    0.01186783959376003
                  30000  -0.001739965039131621   0.005007621428114957  0.0002745169857208862  0.0006054731578304078       2.29435684079507
                  30000  0.0006674382925802135   0.003628582320837838  0.0002824120427358686  0.0005632617989944845      932.8713075146944
                  30000  -0.002406880748467146  -0.004942837527113661  0.0002775945095863127  0.0006112819650480609      1.264516406214405
                  30000 -0.0001785383143446946   0.003236333176579564  0.0002837460374606491  0.0006118502870435267      191.2021755004321
                  30000  -0.001465249688089611   0.002123829722397509  0.0002808615964292516  0.0005800221502476683      8.125178053930879
                  30000  -0.003119577667326219 -0.0006915897404465738  0.0002794522248610286  0.0005976428492981058    0.01636278124612375
                  30000  -0.002070949241375337   0.002007741385824943  0.0002712338448364423  0.0006107983552793877      2.895489368099742
                  30000   -0.00304551974177915  0.0001522164077313103  0.0002827874703413124  0.0005415259392505002     0.0695181281592246
                  30000   0.001012267539234027  -0.007185395045533228  0.0002966520643577991  0.0006023838972736889      2667.711160644717
                  30000  -0.001483930434245983   -0.00452292577584688  0.0002873181065996907  0.0005980706732400326      15.70859770884245
                  30000   0.000455502638458633  -0.002827525067630601  0.0002848025840107636  0.0005811687240120637      498.8619431667435
                  30000 -0.0009326673650104349  0.0003069160768056591  0.0002907447162615527  0.0005951611923160428        26.568009304508
                  30000   0.002473990064442363   -0.00670756610216096  0.0002800443105346348  0.0005747586141079816      96.89162199637249
                  30000  -0.000170932560062853   0.004199031736593592   0.000286204791695485   0.000602930443511349      237.0734502860647
                  30000  -0.000493904953363344  -0.005221781811912829  0.0002892912594874669  0.0005884172751325358      689.7773447415166
                  30000   0.001161108570599115   -0.01123919805783002  0.0002695745777123319  0.0005864116681963766  8.177935534352032e-05
                  30000   0.002563633017293243  -0.005955964938499124  0.0002886138253274279  0.0005654621608121341       125.031702407649
                  30000   0.003252960929775786  -0.003787022119163155  0.0002764589118947128  0.0006026572516510486      9.631465886740843
                  30000   0.002698687451345203   -0.01039764539257292  0.0002690077449392672   0.000585181716890214    0.01352313734927654
                  30000   0.002070443065499554  -0.004493961731449552  0.0002764636582022571  0.0006005512387215444      807.8367779873349
                  30000   0.002749039054368521  -0.004942148394149807  0.0002857045879795846     0.0005637296774176      78.29600362970714
                  30000  8.982988746167274e-05  -0.008917187107234718  0.0002658087437887186   0.000578102707579357      2.011217182009128
                  30000  0.0004959144719760284  -0.007064609229522742  0.0002740022372771246  0.0005831497304923794      1793.862209667355
                  30000     0.0035123273790863 -0.0009793896537931758  0.0002789805170685588   0.000580346912866643       13.2710853566163
                  30000  -0.002689111360677767  1.518150248145938e-05  0.0002689743698820496   0.000600428531442578    0.09263445109653866
                  30000   0.000825906307528756   -0.00798478274986884  0.0002886916656132539  0.0005543673851865784      296.9588201813717
                  30000   0.001502079098293538  -0.007691802051956447  0.0002945777284470093  0.0005682589985216781      253.2069905472235
                  30000  -0.000701111496948897   0.005763466694207735  0.0002634555529706313  0.0005761533972786459     0.8716620817883588
                  30000   0.004436497916920496  -0.001400686642180889  0.0002680236882241634   0.000561892645146336     0.1693231594402991
                  30000   0.003488386959340515   0.001674005202935997  0.0002768420788545901  0.0005556051885096188      340.5251359662445
                  30000   0.001546548811531846  -0.006295231342762574  0.0002788748609430052  0.0005742639601255496      3910.932000490315
                  30000 -0.0007375875738735477   0.002368460161084416  0.0002772953667169442  0.0006000089085987497      42.66804720869914
                  30000  -0.003554471734967321   0.002965545927139007  0.0002620572473301669  0.0005749202821390995   0.008133078320891773
                  30000   0.002922643382429957  -0.002432081240362367  0.0002804702300737435   0.000577867592099371       46.4141714366548
                  30000  -0.001009909755202263  -0.003544288650467017  0.0002741261131636372  0.0005957082812260919      57.39475454116717
                  30000   0.001284407066870661  -0.002289178199490125  0.0002643584068127612  0.0005602886739349941      254.4686821835012
                  30000  0.0005638832378282904  -0.001209261652253181  0.0002825171365399791  0.0005798496628286968      388.6540088067637
                  30000  -0.002122107558480846   0.005392000310600389  0.0002709730244464284  0.0005347845021719549     0.2903591660600464
                  30000  -0.001999783325956568  -0.007336511132794765   0.000270837909394627  0.0005579186380641481      0.440037190200966
                  30000  -0.002795842155783025 -0.0006773169778137145  0.0002550818462583064  0.0005638836815245914    0.04425435433227234
                  30000  -0.001804876557549447  -0.003828982184113725  0.0002729560475762768   0.000570787188786851      3.789361122594538
                  30000    0.00282623807986141 -0.0006747442834309934   0.000285403317005444  0.0005785133078854488      114.2865714967326
                  30000   0.003161237001328171  -0.001759394868094296  0.0002999240763921004  0.0005460106191508185       29.2274277365676
                  30000   0.001064288335065647   0.003934598810645489  0.0002809740835149132  0.0005468466368645158      291.0321447269824
                  30000   0.003722937112147196  3.326948261482683e-06   0.000289268030054232  0.0006137690924376103        64.267314565576
                  30000   0.003992556226559776  -0.003367043671046803  0.0002545142264533043  0.0005511868035761977     0.1033000366244509
                  30000  -0.001934691639654401  -0.009402626320067074  0.0002526079380624158  0.0005603511639584997   0.001054201263662296
                  30000  -0.002967499540512913    0.00252011962983879  0.0002692310900453317  0.0005379357899647831     0.2710044344942161
                  30000  -0.004240370766794952   0.004988541137309954  0.0002823406672607836  0.0005777938090482914    0.00361695019523835
                  30000  -0.003014240972690883   0.003625891552680825  0.0002723814138435444  0.0005743923674804226     0.1486071790590734
                  30000   0.002490140567757466  -0.002507069508847103  0.0002821673378323069   0.000576929094570367      137.3787536607112
                  30000   0.002102997562699726 -0.0007961594711714394  0.0002715010058850935  0.0005603785258611498      234.1600853880362
                  30000    0.00600722078431167  -0.001850482172098186  0.0002504336059516526  0.0005568624215627651  6.051738191522911e-06
                  30000  -0.002467856608370273  0.0003599378770358104  0.0002499863708908845  0.0005552425741800084    0.08876506763806825
                  30000  -0.002903083916258854  -0.002703219544351367  0.0002765279458255501  0.0005527678185599842     0.1199916848210838
                  30000  -0.003470389574581416 -0.0002432111994827251   0.000255445174780373  0.0005987447438186679    0.02958962483004708
                  30000   0.003636885965584885  -0.006473253863149801  0.0002492236964251793  0.0005530417766843519     0.2343043252610663
                  30000 -1.273146787184457e-05  -0.005229115096762989   0.000276498062055688  0.0005522740511343261      995.5714988818989
                  30000  0.0003827721739762157  0.0003504596690363848  0.0002842455224145894  0.0005566602303527284      151.2098094389887
                  30000   0.003144366447935081  -0.007914905097895599  0.0002472597025061784  0.0005497472207965959     0.1993294924074549
                  30000   0.004936562242608423  0.0006066026300680605  0.0002470841387199701  0.0005491517873425182    0.03294758960499349
                  30000  -0.001936910252021831   0.003394259789699308  0.0002864807602042782  0.0005612921312307016      2.079985493852346
                  30000   -0.00216927347388159  -0.003195503722322013  0.0002831330074768221  0.0005528757745983121     0.5498540540285457
                  30000   0.003525526694967941  -0.003278225516256971  0.0002602104401236734  0.0005707570529674256       1.28012593093977
                  30000   0.004278561301692687  -0.004342307244030701  0.0002465850733284754  0.0005472869267951063    0.00498078085056413
                  30000   0.002680172981716935  -0.008086713930251899  0.0002827416529879356  0.0005656452285367667      3.978597611462379
                  30000  -0.000208241461397804    0.00591528448091594  0.0002656116380531378  0.0005328923805672638      1.451744431245343
                  30000  -0.001087203095456911  -0.002817826203556195  0.0002710648499704857   0.000548299448662221      30.43446978615679
                  30000  0.0007075239979613865  -0.004774456054575482  0.0002811495158792322  0.0006001312220813683      2181.092467143846
                  30000   0.001898917894560362  0.0007202811554145759  0.0002993603593984636  0.0005578177383410439      718.7922485462974
                  30000   0.003637537369109646   -0.01109062960891215  0.0002434210835229151  0.0005440305032306838  4.138078174056796e-05
                  30000  -0.002066405327868232   0.004682459848273691  0.0002734091197453245  0.0005438447240039369     0.6662381706614445
                  30000   0.003961788767243766  -0.008343530298971984   0.000242979982274479  0.0005427371381079688   0.003518914348180838
                  30000 -0.0003500063851924173   0.002268684169622128  0.0002848096926128732  0.0005499411559976424      43.55556090652385
                  30000   0.000406918822471864   0.001955630451716152   0.000279083861764658  0.0005663513643495949      278.7824526077873
                  30000 -0.0003627701148247907  -0.003734526615263749  0.0002607786925850947   0.000530944766277369      43.78152672431496
                  30000 -0.0006182659495191185   0.001615215684665045  0.0002841202033192912  0.0005931836851367019      32.50045536284457
                  30000  -0.001761841918812431  -0.005089707704699575  0.0002411197195509881  0.0005400768428402908     0.9443627889938316
                  30000   0.003062761203913099  -0.005499727630555212  0.0003072293856611532  0.0005380388955687173      12.63793368174659
                  30000   0.005070127258827648  -0.005501652562460289  0.0002394868007073136  0.0005374379781698693  1.276406121130683e-05
                  30000   0.002764847350435386   -0.00697008432232433  0.0002760079956150644  0.0005625603518143962      19.38949923063035
                  30000 -0.0001574509792063013  -0.002265290937937417  0.0002835295417173471   0.000566088058406405      148.8056402859129
                  30000  0.0005037107970270626   0.005700621667964989  0.0002388472382133404  0.0005366009275369637     0.5350292064533071
                  30000 -0.0006259470336789861  -0.001347406450829626  0.0002691393195026417   0.000596304326016269      15.83130891365134
                  30000   0.001196381140735068  -0.008194773955997006  0.0002387260647363024  0.0005361876851114758      21.01857001460327
                  30000   0.001130865999297976  -0.003427876446268865  0.0002791474780210908  0.0005449066272927832      300.2173092269374
                  30000   0.004397110639089664 -0.0001977533635598827  0.0002713071006004462  0.0005457736169579738      1.545326886656167
                  30000   0.003250798562050009  -0.002406546386539094  0.0002896191082853731  0.0005348872348520194      13.03892592713515
                  30000  -0.009700356616659085   0.004098364129958509  0.0002839000598668936  0.0006034056910118012      1.309199350302983
                  30000  -0.008048380823070966   0.008286671368904564  0.0002805335839224231  0.0005569689621301571    0.04558643641115714
                  30000   -0.00691525949863067   0.008738169398242415  0.0002438151314135964  0.0005771864063103056   0.003350296575883357
                  30000  -0.009490900061973591   0.005203763082880101  0.0002436081996170346  0.0005323248307025032    0.06745067076335046
                  30000    -0.0059886280612382    0.00674572475460492  0.0002437549232603279  0.0005325079723869946     0.0012340952877013
                  30000   -0.00766157049750595    0.00691824043843846  0.0002830286563024554  0.0005366511040306826    0.08066502364678402
                  30000  -0.005053751137864942   0.009099245811860479  0.0002440401182025047  0.0005327743125091617  3.714518580886271e-06
                  30000  -0.006121318899288658   0.009424253235350857  0.0002835566188145374  0.0005525206632838319  0.0005245387439075459
                  30000  -0.007188621268724743   0.008636092661772095  0.0002723685995913582   0.000610325136408704    0.02976639847752637
                  30000  -0.006494847075489055 -0.0001903208401618173  0.0002700835085406186  0.0005781934925696346      14.08895101777161
                  30000  -0.008551330271917615   0.001025620267655502  0.0002791653380472868   0.000587043283035426      59.89810670615047
                  30000  -0.006928250227486654   0.006530580359219615  0.0003072280887175357  0.0005646516707521733     0.2128153488458874
                  30000  -0.005725433373559517   0.006229772549148017  0.0002885766095310207   0.000525911896753162   0.005597500308234259
                  30000   -0.01021907835298756 -8.567368048902933e-05   0.000281822997075905  0.0005976146055416375      48.78958248420041
                  30000  -0.007023819675999529   0.005164931857258861  0.0002718403783580572  0.0005979989138405171     0.3025356541554307
                  30000   -0.01125910415187602   0.006642989176501544  0.0002753800305537633  0.0005452955710105147   0.001472373866649362
                  30000  -0.008910678912410928  0.0008410172434548623  0.0002884289875757028  0.0006192135104175755      158.6430981314165
                  30000  -0.007628629125806329  -0.001050486771219627  0.0002959211050446221  0.0005702107197014461      144.4071423162509
                  30000  -0.007050956566634541  -0.002544225427296239  0.0002875003486430463  0.0005839854574617655      54.20482373786481
                  30000  -0.007228106189835469   0.004350355274426346  0.0002589479466580748  0.0005450755624146418     0.3522640432241918
                  30000  -0.007082757291314687    0.00197686079925276  0.0002735991652691397  0.0005652845185706582      7.293605416223288
                  30000  -0.007280987587750207  -0.001678809161028987  0.0003033964729799612  0.0005646534260173153      105.6486751864955
                  30000  -0.009281448663388665   0.002400998064887133  0.0002803029329581628  0.0006112796977880647      20.34960243622278
                  30000  -0.008801606656026277    0.01014781370367619  0.0002567102500774496  0.0005658579580197172   0.008575840315991515
                  30000  -0.009652473192399173   0.008944258267094631   0.000243623912886463  0.0005348822170245713   0.005068979396703173
                  30000  -0.008310179725364041   0.004044997099152936  0.0002661790150039203  0.0005516224397149283     0.9399110623321153
                  30000   -0.01207857752223689   0.008213306997554617   0.000243628008902846  0.0005351534698436535   3.27885160397531e-06
                  30000  -0.006259116551678479   0.004417909191472925  0.0002789919361331356  0.0005697448590452122    0.05968676817259968
                  30000  -0.008257984705280958   0.008865795683122974  0.0002715675376928646  0.0006194595363062327    0.09319451346642491
                  30000  -0.009823513123363992   0.005472031963372316  0.0002876571827309017  0.0005599482482632574     0.2233526728298495
                  30000  -0.009212968506422482   0.004417750326755164  0.0002790579004595193  0.0006002180135747394     0.6889381656093312
                  30000  -0.008950436145164806    0.01383543294297759  0.0002436515467779181  0.0005353323471521703  3.131344318012433e-05
                  30000  -0.005099472805421248   0.006805415643247804  0.0002436531376777769  0.0005353225952284458  0.0001451409360916971
                  30000  -0.005745529537998235  -0.003805588223414092  0.0002739187132303105  0.0005474676578712215      0.465821171969393
                  30000  -0.009873844962609119   0.006403043839965362  0.0002787817082074372  0.0005323337329322435    0.07959273077499872
                  30000  -0.009693549610294318    0.01250825763243273  0.0002436627152303477  0.0005355192699874026   0.001250518166005851
                  30000  -0.006715850381610387   0.007517741003798354  0.0002436057246257382  0.0005359320734325756   0.003543090018201286
                  30000  -0.004007129161577792  -0.000987336996344996  0.0002436089504773662  0.0005359625177820931    0.01544958137435529
                  30000  -0.009144572901332476   0.009865685741907602  0.0002436381396143029  0.0005360373180916436   0.004788945711258396
                  30000  -0.009210626268403197 -0.0006973363756605527  0.0003012752442148136  0.0005710803062396051      128.9993948509927
                  30000  -0.007361590184147285  -0.002521308019699019   0.000293103510813875  0.0005668751411026813       33.2862678509826
                  30000   -0.00866001580898164   0.004029374064253485  0.0002805400819844401  0.0005493110287493023     0.8455389379859596
                  30000   -0.00573374645562468   0.008695342892487407  0.0002531247267793292  0.0005368330623790719  0.0001196171144562153
                  30000  -0.004958342954238116    0.00485090007198887    0.00027377738267795  0.0005415248021316262   0.002496350664306817
                  30000  -0.008622922831806859    0.01262527574016149  0.0002532653590631311  0.0005370863758577603  0.0005902421262339615
                  30000   -0.00380997954797406   0.006097809564380514  0.0002535242978969603  0.0005371350920895684  0.0009463124333981441
                  30000  -0.002032076025095933  -0.004634110866534104  0.0002580246614796021  0.0005370382646799311     0.3456062407769758
                  30000  -0.003164584826673909   -0.00154474363129852  0.0002921747290092445   0.000567505391593346    0.05519416162617916
                  30000  -0.003036376374655757   0.005430325181940751  0.0002579803430833495  0.0005371465185959796     0.0246749605070246
                  30000  -0.005307777317942457   0.005024389151210933  0.0002644696063036566  0.0005222723101950938   0.002165849665362221
                  30000  -0.004884506932380373   0.006045327290179478  0.0002725613416339361   0.000547254391792183   0.000587693294857796
                  30000   -0.01200892456079935    0.01127038654144921  0.0002606165791903611  0.0005374049675011961  3.671642026224224e-06
                  30000   -0.01131920533574212   0.007925102196213434  0.0002615181458778942   0.000537550593223014  8.605379041934757e-05
                  30000   -0.00994277412585472  -0.002012120320500782  0.0002718048644154414  0.0005736546453259144      5.116144213850536
                  30000  -0.009565401180456243  -0.001196746055101259  0.0002715011005628292   0.000543430868463681      42.86838143600493
                  30000  -0.006338212623827303  -0.002938109605686992  0.0002890268301485969  0.0005992932850778776      9.789075948403443
                  30000  -0.009662907143849127    0.00244484546260527  0.0002715872764823527   0.000575007107141858      8.204965864986367
                  30000  -0.006119903163974909   -0.00196663298151174  0.0002889217608010504  0.0005878923370567356      14.16717895145557
                  30000  -0.008327335393051839   -0.00360399259564802  0.0002751863731888639  0.0005396045223781641      2.659287353388691
                  30000   -0.01024159512805344   0.001265617198317377   0.000292921518488939  0.0005475277786503434      11.44669338966306
                  30000   -0.00973198242564398 -0.0007022933172088077  0.0002726395054918097  0.0005854514404004543      54.66839752869843
                  30000  -0.004984161753168228   0.001076561603584274  0.0002723149422425731  0.0005461002032041546    0.05660098408952945
                  30000  -0.008306157389399164    0.01039590121168034  0.0002775671788058424  0.0005438379001718839    0.01205929086493581
                  30000  -0.007105274724152614   0.001274484067409389  0.0002633776737443432   0.000575182345565647      5.486734929235968
                  30000  -0.006093371783012505  -0.004488229018039079  0.0002626061320441882  0.0005376169823549645     0.1389052031234704
                  30000  -0.004939013619447947   0.003047259741629163  0.0002686475215971453  0.0005649499650582922    0.01468981152742595
                  30000  -0.008534671867503901    0.01087789022048733  0.0002625875775918145  0.0005378168208857141   0.004159171801511717
                  30000    -0.0106073043364493   0.006915840059719843  0.0002757887820804293  0.0005494959017667578   0.008392712240670681
                  30000   -0.01258701140915442   0.004687148348002196  0.0002626322806722085  0.0005378610221011199  2.775201596965861e-06
                  30000   -0.01060579207403857   0.001026155455576576  0.0002892468169212872  0.0005299311720576736      3.587230539600875
                  30000  -0.009883351391878367 -8.625323980727743e-05  0.0002801582013329223   0.000548766104848856      66.01691034894066
                  30000  -0.005173525137730819    0.00387128601423733  0.0002693758493733638  0.0005215977534342841   0.005589893134342762
                  30000  -0.006205135724603312   0.006186944596763553   0.000262466553569165  0.0005374869005243515    0.00334172421906722
                  30000  -0.009038822014594291   0.006303263477416413  0.0002809576913565186  0.0005532976264319807     0.1520144604900935
                  30000  -0.005259249547757461   0.003236783298797113  0.0002731573344505919  0.0005415205914034934    0.00782804709874594
                  30000   -0.01136794558883043   0.001539464902242439  0.0002910361164416353  0.0005510334458025271     0.5446771609585199
                  30000   -0.01147629424921516   0.005107039172727958   0.000264676711074268   0.000538668352852677  0.0003600244424550495
                  30000   -0.01021575476275877   0.003198865897824591  0.0002729054673818665  0.0005636350505907136     0.8008344306667337
                  30000  -0.008012278620396397   0.003313852820203475  0.0002687647335316236   0.000573438554124597      1.781671328215404
                  30000  -0.008152551793904861   0.006682886643306579   0.000283099191792397  0.0005593589226664718     0.2909665577342718
                  30000  -0.009040266766264052   0.003599724182237057  0.0002684345683536206  0.0005372054015452035     0.6186511106422559
                  30000  -0.008295893171350122   0.007487659791990554   0.000277731834114628  0.0005523089105114864    0.05599909440986998
                  30000   -0.01253186363108632   0.006610106426728256  0.0002624774719312606  0.0005375860035605226  2.734486798619456e-06
                  30000  -0.005853836194688888   0.004030762502016561   0.000294527131769831  0.0005307544127668647    0.05326482654775957
                  30000  -0.009526670082984112   0.009808779624357536  0.0002630998346217575  0.0005526877280503283    0.01040098918589442
                  30000   -0.00869739368490487   0.006700276740381453  0.0002741705431414311  0.0006010116459316817     0.1531608931592392
                  30000   -0.01146731976046388    0.01234403294804505  0.0002625174927740659  0.0005376262894161808  1.366815275128054e-05
                  30000  -0.004670788362338562   0.002015349704630475   0.000297609705855508  0.0005481106738037925    0.01957496073791038
                  30000  -0.006622904205879975   0.006001643993274961  0.0002625247224083821  0.0005375715418556308    0.01874117826759778
                  30000   -0.00632713888279495   0.005580801053147328  0.0002625329318163569  0.0005375957516123307    0.01153407851233136
                  30000  -0.005984721226953151   0.003234049628061829   0.000279468345531491  0.0005532427611197239    0.04860545350406484
                  30000   -0.00809109887256501  0.0006003024249074088  0.0002901148263523862  0.0005537784013552778      82.25456293758535
                  30000    -0.0108138063235282    0.00226245470826245   0.000289180480965237  0.0005577362652826139      1.878081872845765
                  30000   -0.00880493984532567   0.002996131142399866  0.0002796774483400172   0.000583884554610017      3.383133184196269
                  30000  -0.004545925975699154   0.009204243915698906  0.0002625998593220141  0.0005382587459344588  4.593239072997084e-06
                  30000  -0.005763450968712541    0.00145399505925841  0.0002766328008155836  0.0005730265921722566     0.2756481950792056
                  30000  -0.007581695567145801   0.008696848829624359  0.0002941195074470383  0.0005474052406922032    0.02997945596257034
                  30000    -0.0110654566735848   0.004888801807129445  0.0002626317364994849  0.0005385217448784287  0.0004864321125855736
                  30000  -0.009113090517553355   0.007086641146634404  0.0002650514188358296  0.0005271487996828251    0.04542597366512967
                  30000  -0.007802691362804493   0.003920411509046015  0.0002680304316264042  0.0005493601852638583     0.8399572273375195
                  30000  -0.006415068075790713   0.007634815789684195  0.0002834260500969282  0.0005939042448291097    0.02882085551484648
                  30000   -0.01130703587856239   0.009805545541354564   0.000262649084191275  0.0005385417709397127  2.871128365071631e-05
                  30000   -0.01212043119505417   0.003902289677454221  0.0002707730977751782   0.000549464215885001   0.001402797137842992
                  30000  -0.004414823254474184  0.0002201904400052851  0.0002632172001955603  0.0005427570455037732    0.00588805569112434
                  30000   -0.01278670758745509    0.00363733091412776   0.000268812128010042  0.0005453530188174442   6.09452449406696e-05
                  30000     -0.010063265511277   0.009325386412965247  0.0002858029888200755  0.0005431325031644131   0.005501800025495572
                  30000  -0.007361130139334209  0.0004355600922103829  0.0002706712283569427  0.0005981974128565164      34.04166471309343
                  30000   -0.01025488105668115   0.006426528731841025  0.0002828232711526165  0.0005642342535043658    0.03047567113864944
                  30000   -0.01020706189506802   0.007711919325606913  0.0002888254737945506  0.0005461907149173302    0.00740655461779802
                  30000  -0.008657494304320619  -0.004276356169416805  0.0002868598505910923   0.000551178009506384     0.7322076087822531
                  30000  -0.008994236635183077    0.01290078791971276  0.0002627469034490723  0.0005396062719073487  0.0007307893465691308
                  30000  -0.006691485623977886   0.001950525892277613  0.0002627466494308203  0.0005396880615686565     0.6665705043759023
                  30000  -0.005146160411150617  -0.002518910965790544  0.0002862515873730932  0.0005570879539414292     0.2066321119940431
                  30000  -0.006110660685399642   0.002117645352428874  0.0002793105166243004  0.0005755122737440254     0.5956634993159315
                  30000    -0.0126323968750373   0.001502962860923481  0.0002628814944011719  0.0005397546821392674  0.0001159200749347304
                  30000  -0.006064596185740727   0.001420247307279985  0.0002697400965968206   0.000541829990520758     0.3412272205152115
                  30000  -0.008567881486273049    0.00598783234831088   0.000262889993076384  0.0005401888193469068    0.09515474513035797
                  30000  -0.006653573774979686   0.002880919253775172  0.0002647561299219922  0.0005913248324672941       1.66050979723517
                  30000  -0.007452987411994294    0.01168277335721062  0.0002628574927947297  0.0005402360811981149  0.0006171688097039059
                  30000  -0.009558228339387518   0.007689384134257608  0.0002628774654343688  0.0005403826431992444   0.007996085586481331
                  30000   -0.01082046313747887   0.004269375170135562  0.0002760557254515684  0.0005222138805669271     0.0359910072551002
                  30000   -0.01018759098076308    0.01137394853130221  0.0002628777011163067  0.0005405571624180699   0.002584874839299876
                  30000  -0.009653700150608067   0.006884258983689987  0.0002652059065875983  0.0005454519020223229    0.02415517009781698
                  30000  -0.008762396674916639   0.005593036651435879  0.0002753199633776204  0.0005410720859898991     0.3959142206250998
                  30000  -0.006620612384385613  -0.002337664536341705  0.0002757051311171518  0.0005748915161109241       11.6504887312638
                  30000   -0.01073917754947728   0.003178491077136233  0.0002867145062308895  0.0005969640989767789     0.6543431771493993
                  30000  -0.004657843092070841 -0.0009794437481406564  0.0002921244511556161  0.0005469009489186014    0.02817145527894591
                  30000  -0.005693412572964364   0.004922423623007566  0.0002655063798356451  0.0005503185177366446   0.009150081644087982
                  30000  -0.005987600816261975  -0.009297803955394698  0.0002628641092863534  0.0005411832350542246  2.632022404481648e-06
                  30000   -0.01000368685775331  -0.003371993076452895  0.0002628879225965787  0.0005413291592198725     0.1463645729117015
                  30000  -0.004206904211549106 -0.0002518676700545838  0.0002696695170057718  0.0005323890131091067   0.009931574361343887
                  30000  -0.009084856858769445  -0.003318851117028656  0.0002735197348550973  0.0005570700019968652      1.596853328194264
                  30000   -0.01112914471941832   0.001209739309983656  0.0002839961106857205  0.0005397431667894116     0.8891326908632711
                  30000    -0.0054599097900502  -0.007917018286595507  0.0002701229607061669  0.0005297554817247491  5.366793162888654e-05
                  30000  -0.009890445576474666   0.003274358946795312  0.0002629507407535404  0.0005409456810614257     0.7061029863547253
                  30000  -0.007543766842289855  -0.004441363694118634  0.0002635854899306559   0.000543501437925251     0.5867605785055973
                  30000  -0.007783793858182974   0.001108013900126944  0.0003001691399917349  0.0005431603821185353       52.1633568772468
                  30000   -0.01268283455811933 -3.343723855641119e-05   0.000276210226641787  0.0005286469228797048  0.0004125509799063983
                  30000  -0.005136870707987495 -0.0003036676480716776  0.0002782256417116781  0.0005418977863015809    0.08684536928854097
                  30000   -0.00427248794856016  -0.004135644724851914  0.0002871022658985698  0.0005363112156555156    0.03363868885380886
                  30000   -0.01176205021345917  0.0003530819278276703  0.0002631633488080209  0.0005410845839596492    0.02403861129069376
                  30000  -0.004843232347551521  -0.005564687028462538  0.0002631589967870913  0.0005410389086833993   0.003193226157320518
                  30000  -0.006365209145788025  -0.008456486777391841  0.0002631385621841668  0.0005409423521178716  1.270455533810798e-05
                  30000  -0.006479014597917339   0.000850451098484986  0.0002654595689765519   0.000555173777270423      1.798763333354704
                  30000  -0.007159298655621473 -0.0006527155370466802  0.0002866623701652693  0.0006152522192530523      59.32763421240519
                  30000   -0.00874870391713522  -0.002341754501792741  0.0002653242664903431  0.0005380375266797277      14.39873276785365
                  30000   -0.00948228809301062  -0.002906607943437544  0.0002672437746397105  0.0005646976512806365      1.765814565591846
                  30000  -0.008909326784243214   0.002119457617785132  0.0002856263704202897   0.000547771536938574      29.51521550475849
                  30000   -0.01178953936417034    0.00410663217582938  0.0002630659078473905   0.000540077673748759  0.0008660002680815548
                  30000  -0.005535763882105099  -0.001814624569979213  0.0002630551102205744  0.0005400524683405391     0.4599084199755605
                  30000  -0.008480946057145066   0.001757986292261285  0.0002726475723714874  0.0005536297396170288      14.22266911707735
                  30000   -0.01115800187722028   0.002065303048921847  0.0002686007794631253  0.0005510288075024923     0.4761545447018263
                  30000   -0.01142493882551681  0.0002816397786109108  0.0002631076519998241   0.000539693921837544     0.1054991142768701
                  30000   -0.01054499313192006   0.004547012680338912  0.0002630916281931558  0.0005394355654251989    0.01435703677098824
                  30000  -0.005345735983657582   0.001576600574094872  0.0002631380815524044  0.0005392953819111487    0.01416272107179905
                  30000  -0.008094939315896919    0.01186898170079597  0.0002635023078560361  0.0005314432088351458   0.003048764162675773
                  30000  -0.005133425748917471  -0.003206011949670976  0.0002700589007055248   0.000529061127069246    0.08720525299079497
                  30000 -0.0002097132855927194  0.0003560494542763878   0.000289169414429718  0.0005570662720093796      29.48640965668614
                  30000  0.0006200079290815918   -0.00178171202204824  0.0002803021034567615  0.0005550766604920818      99.22378882863234
                  30000 -0.0009136651278608112  -0.001061728121468062  0.0002804096339741398  0.0005382469950978231      14.01529595027699
                  30000 -0.0002509236608998275 -0.0003545819057371855  0.0002899071280706157   0.000556891627266092      86.90049762989167
                  30000  -0.001068055824623279    0.00545055767847361  0.0002908463562626464  0.0005525069826731519      3.104794372060879
                  30000   0.002213316160241654  -0.006363611488046185  0.0002882243693764162  0.0005581291289257194       216.475571908231
                  30000   0.002610059403067314  -0.009278740976803706  0.0002680732260727772  0.0005383722455497905     0.1768266633078836
                  30000   0.006178963833886585  -0.001281200846687014  0.0002678564898365782  0.0005384121959152529  1.562477762916961e-05
                  30000  -0.004276703278489859   0.001431406642340813  0.0002744398374137592  0.0005774301426971715     0.0125870523259763
                  30000   0.004283743164085183  -0.003211611853547299  0.0002709093208092599  0.0005424182456184454     0.0587277489768948
                  30000   0.001847704938605847   -0.00817777467429027  0.0002824136797822992  0.0005306964832285428      19.20219584031454
                  30000  -0.005566594788022219   0.001073323496797132  0.0002760584904757683   0.000537599331930776     0.1468634609912312
                  30000  -0.009274125209556972  -0.001331619902878757  0.0002811602335091905  0.0005436541931641263      78.98598967897688
                  30000  -0.006404100847443853   0.002338275877161956  0.0002702561088044221  0.0005305913232365498      0.455355396117115
                  30000  -0.009184861895339741  3.013772076303794e-05  0.0002787917718290166  0.0005719966008910515      90.32432046846159
                  30000  -0.005475587184801897  -0.003040474570318689  0.0002757833640761626  0.0005656268982373689     0.3301571893251692
                  30000  -0.008889478701802608   -0.00505540994066275  0.0002717112555020404  0.0005380536271030252    0.04230191741897444
                  30000  -0.005496156956016509   0.002467479822317468  0.0002717250762107544   0.000538034325024141    0.01349232839974469
                  30000   -0.01005709818152394   0.008350733857947821  0.0002857655940232776   0.000557987711210579    0.01393840003008319
                  30000   -0.01135333303192045   0.004072169689979004  0.0002718003645977001  0.0005383976861580072    0.00555600376656902
                  30000  -0.006962500003050901   0.007510907939735824  0.0002758676505852058  0.0005339401801213717    0.03706770000820577
                  30000  -0.005424954521495487 -0.0007116021223917771  0.0002852023354611104  0.0005628305224970885     0.5425429449856316
                  30000   -0.00520565524017788  -0.004692445267993297  0.0002904330840974492   0.000548348266546808    0.06633983179570337
                  30000  -0.006465668481828018  -0.005625154994009928  0.0002976214665766117  0.0005345074086743256     0.1303445663872546
                  30000  -0.006008913239862661    0.01191861120619505  0.0002718786205660463  0.0005388655713696582  2.898929806708241e-06
                  30000  -0.008848256633388635   0.009230696896347632  0.0002737705905946032  0.0005394918864125806    0.06620570491005962
                  30000  -0.004723145253171588  -0.002803843780541622   0.000273351583126797  0.0005287264719012546    0.08317736448404735
                  30000    -0.0105477694867651    0.01034171794039475  0.0002960899913408957  0.0005396355681292903   0.001408355391199185
                  30000   -0.01226336749409756   0.001773483922767482  0.0002827773742379908  0.0005666942356037888   0.007005362417176583
                  30000   -0.00532683320930178  0.0006895676996047005  0.0002717724216343289  0.0005395961805594996    0.02761247664150927
                  30000  -0.007664442341707069    0.01208508088972945  0.0002717961360664764  0.0005400003014817939  0.0008066185688683474
                  30000  -0.009183127660884572   0.008856411060459153  0.0002723143560690894  0.0005988236497573492    0.05580013683797993
                  30000  -0.006046110551087806   0.005038232789748701  0.0002717325568336411  0.0005402438238646425    0.00969635741979747
                  30000  -0.008225868090072476    0.01111535240883462  0.0002808733197262757  0.0005633505006252114    0.01186486443163048
                  30000  -0.004621463933625713  -0.007454759225087777  0.0002761297479830851  0.0005284461994695995  0.0001688069556501671
                  30000  -0.008388300425733651    -0.0023215600027995  0.0002700205485201246  0.0005627489284560895      20.08087157584763
                  30000   -0.01129664399155425   0.005624282849057158  0.0002716941814230387  0.0005406374857026505  0.0007607584195328964
                  30000  -0.007542721869146896   0.005443727291718057  0.0002794228784190595   0.000536061914453604     0.4517917646598985
                  30000   -0.01175030131579802   0.008886063850968792  0.0002716280707672091  0.0005407839588920041  2.517092343862083e-05
                  30000   -0.01064981211052035   0.008273029445743377  0.0002829545732062476  0.0005574702633011936   0.004338538697967803
                  30000  -0.006787418131104631   0.004226040042793394  0.0002939682767640003  0.0005266914164412183     0.2464836331921788
                  30000  -0.007800313265650278  7.575976103301715e-05  0.0002804027698802616  0.0005534624130031469      38.04942012240515
                  30000   -0.00677923265427013   0.009663435021687226    0.00027157177775377  0.0005413291465301757   0.002271626126484255
                  30000  -0.004383830066662132   0.006911731571748507  0.0002749392409165841  0.0005420131479779478  7.860060939408192e-05
                  30000   0.003975133278617115 -0.0004027377357938077  0.0002750676697455197  0.0005389192952780155      6.018280746698554
                  30000  -0.002875178360708614   0.006269194802653955  0.0002838332355569163   0.000547586966351544    0.03038559585104152
                  30000 -0.0006975463987284922  -0.009366271836516039  0.0002754578770762825   0.000540353944712782    0.03872655097896054
                  30000   0.004124506236457905  -0.005317318701690467  0.0002722792766965834   0.000536959911614035    0.01185236157260519
                  30000  -0.006959664221877866   0.003057018715920084  0.0002758486125698316  0.0005377010749465726     0.3399556393943731
                  30000  -0.004986556625980769   0.007285109289038049   0.000276032387724631  0.0005377483806859422  0.0001757088787969485
                  30000  -0.006829837587695174   0.001431776113807846  0.0002769702870209848  0.0005377363149317335      1.253515281097328
                  30000   -0.01096933636000848  0.0002699625607028651  0.0002746353073408084  0.0005952534676867177      1.204400843145368
                  30000 -0.0005223928792664057  -0.002962945591841231  0.0002819145926127636  0.0005503232609254614      89.05856511273828
                  30000   0.001436565360445231  -0.003770090242036537  0.0002843877060228925  0.0005433458749447694      320.8521157542888
                  30000  -0.002293147146296372  0.0009212802982022943  0.0002831408827014391  0.0005378813318527028     0.5494125754313807
                  30000   0.003038642583635905  -0.001108860638804902  0.0002809884340643456   0.000541032503513907      45.98483208579136
                  30000  -0.001456418289834503   0.005960072873573658   0.000278912262597556  0.0005374784979252608     0.2260491235074902
                  30000  -0.004837375239084433  0.0003926384563271728  0.0002787413560084486  0.0005373869556245275    0.01496284997837954
                  30000  -0.004257296414977051   0.006041152766230469  0.0002802221831622107  0.0005330957640216916   0.002378053122151284
                  30000  -0.002699871460385553  -0.004763533323241598  0.0002780349040455877  0.0005366997452596288     0.1007191261272724
                  30000  -0.003316555062500381   0.006109822529702992  0.0002766494721595996  0.0005410253345720171      0.017585828230392
                  30000 -0.0003327944740323803  -0.008306279940415254  0.0002813465015714181  0.0005586950590152188      8.005695427179154
                  30000   0.001029838727729158   -0.01055545271882614  0.0002766597753012985   0.000535016429421486   0.002948167333421363
                  30000  -0.002647380980707438  -0.003944572624403034   0.000276064988753169  0.0005349699232593693     0.1134214662497962
                  30000   0.002863068435974007  -0.002986794105037824  0.0002743153496180381  0.0005347226524287348      13.22805561753659
                  30000  -0.001116212858842152  -0.007509724493272457  0.0002752903439479824  0.0005341130517729653      2.519146911360302
                  30000   0.000752901886025699  -0.003719955847946338  0.0002710470386105927  0.0005658273380682373      151.8366556818278
                  30000   0.004494974710513822  0.0006264712294756644  0.0002737110136494273  0.0005325663872570101     0.6836990733164782
                  30000  -0.006159408192187431 -0.0001730008443419498  0.0002737622309742965  0.0005317341073367987      1.342718581739081
                  30000    0.00205218101986184   0.003502066440823067  0.0002863683374517822  0.0005325155353578934      158.8716067612133
                  30000  -0.002777785927717659  -0.007493402087654012  0.0002731716502393119  0.0005298680801712672   0.007445847226909269
                  30000   -0.00272984552632735   0.001235285163077026  0.0002792351370284936  0.0005226784441975797     0.1769372580197218
                  30000 -4.309519456892242e-05   0.005170481188150837  0.0002723617468056418  0.0005290679405342001      4.980478038692604
                  30000   0.001406713064645896  -0.005444225183207825  0.0002722432240465991  0.0005289910810742149      143.4325652187003
                  30000  -0.002157546364804158  -0.006699514198586445  0.0002728105361850797  0.0005478638080287868      0.659593381423067
                  30000   -0.00367272204511812   0.008184441569704583  0.0002708640971988088  0.0005270826395425491  2.530225288273031e-05
                  30000  -0.001916750920986659  -0.001825743088684359  0.0002755450855056865  0.0005431867082364764      1.109417979121339
                  30000   0.004633829266500527  -0.009492953524007914  0.0002707675747707275  0.0005270037177004122  2.302400781338816e-05
                  30000 -0.0003564848741560244   0.005151409500003837  0.0002707701036758611  0.0005270523671346467      4.479706345599772
                  30000  -0.001203198186641248  -0.008642390648499284  0.0002707146334903342  0.0005270756419173139     0.1584824665563954
                  30000   0.000819077338775601    0.00460007642418595   0.000270664807069218   0.000527152501243206      17.29952305085977
                  30000   0.003193773364621988   0.002230638262775786  0.0002700165049236429  0.0005549472335394202      148.3810166417511
                  30000   0.001662007728770276   -0.00899224243249897  0.0002695827667390104  0.0005259549569332299      1.898184548294538
                  30000   0.003420685733459424 -0.0004283654056833367  0.0002665130354300054  0.0005306710396888988      20.77005427109681
                  30000   0.002657846210410548   0.003135769810152101  0.0002753109880986423  0.0005361914147325594      149.1688378595883
                  30000   0.003745385039905994  -0.005485151044539251  0.0002689697698012941   0.000525040275698061     0.1896439485959855
                  30000 -0.0005568115839117805  -0.004525016017170406  0.0002685000820628502  0.0005247460563012959      23.72948593175815
                  30000   0.001524338269873795 -0.0003231020551231779  0.0002883088352579657  0.0005426191358187166      123.0060090834347
                  30000   0.005094881587107442   -0.00702342020244885  0.0002820709239048312  0.0005196895597799433  1.338141227075095e-05
                  30000   0.003454979501978655  -0.005285572735364599  0.0002673649440434093  0.0005235254347219529     0.7265409816783732
                  30000    0.00179196288405731  -0.001180917717996819  0.0002735921916373502  0.0005475422388770193       100.780963347565
                  30000 -0.0009720579963022077  -0.008251185219950868  0.0002666646324541558  0.0005229135287531428     0.7063962364996496
                  30000  0.0009836441488165284   0.002387599938255017  0.0002941460702613589  0.0005374791743217294      768.9141352768405
                  30000   0.002458606547784154  -0.009891344075207793  0.0002650152478341576  0.0005209447858952775    0.03010117440270387
                  30000  -0.003915810212464644   0.001064699741995526  0.0002650021822911248  0.0005209205851308947   0.005506073940119441
                  30000 -0.0008177313280429348   0.006502043206374334  0.0002644496772713729  0.0005253637588088542     0.2920880834290285
                  30000  -0.003184895480973764   0.001224713492887453  0.0002645670283544318  0.0005204784256521689    0.03040819910577218
                  30000  -0.002662032213405473   0.002768315856621754  0.0002631321259637201   0.000518896652371446     0.1024021116319528
                  30000  0.0002640996997751637   0.005299342825676463  0.0002622845565920891   0.000518142822482948      3.506923079830609
                  30000   0.002939077200049811   0.003128807819246826  0.0002620772928103888  0.0005180518198963499      45.94447088257438
                  30000   0.003819695196013294   0.001778722521200506  0.0002620889285252294  0.0005179771447686438      13.71525377974463
                  30000   0.002844645651768505 -1.200946902732898e-05  0.0002620012104715798  0.0005178324381036945      35.31495278424489
                  30000   0.001104653616957215   0.004495218611635353  0.0002606342316374725  0.0005162442862885153      20.79597749735148
                  30000  -0.001478710508352625  -0.008012046209840447  0.0002604595487979502  0.0005162062352508787      0.374909701015351
                  30000  -0.006337983405825646   0.006922435176849295   0.000260721376693121  0.0005161598307479283    0.00948728636388615
                  30000  -0.006327907901264549   0.001546967783476912  0.0002673099804347584  0.0005183818077106086     0.5148948834842711
                  30000   -0.01067079047723251   0.006072584099964548  0.0002632899268921178  0.0005171276835823196    0.00419508318923351
                  30000  -0.004779168947172934  -0.003813687121478354  0.0002702496210145824  0.0005410986390579991    0.03320878236641232
                  30000  -0.004210483313684921  -0.006861907022396329  0.0002636754899771323  0.0005173680279480147  0.0002338875101313711
                  30000  -0.008109357618371147  -0.004003710357652379  0.0002696307341543939  0.0005226645081032253      2.041880964357991
                  30000   -0.01184014234347305   0.003402190126999472  0.0002636753097392726  0.0005172561234701099   0.001961946221026452
                  30000  -0.008986630083676908  -0.002053849421062617  0.0002808761806701496  0.0005292774028328343      14.39451666964949
                  30000  -0.007054716270661511   0.003663847651421428  0.0002636896891027635  0.0005171969948108584     0.2270762868804121
                  30000  -0.006518054161162499   0.004874505932144637  0.0002636889660670134  0.0005171865487918684    0.02542258737852068
                  30000  -0.005540338840014908   0.003022060630434975  0.0002636835788249033  0.0005173706128011064    0.01154980902989179
                  30000   -0.01069419251527257    0.01138333587798908  0.0002636741204533326  0.0005174578822793024  0.0005945308814172194
                  30000  -0.008191722948554914    0.01299422554233023  0.0002636675888491449  0.0005176672781380346  0.0003208813112250113
                  30000  -0.009844545915454686   0.009907469269997651  0.0002636736453915556  0.0005176302413471844   0.004679998409283916
                  30000   -0.01205833709752222   0.004945344049928587   0.000263546451993807   0.000517776602139073  0.0004227235110451266
                  30000   -0.01050822259416507  -0.001286177250089384  0.0002635312868349275  0.0005177882351557628     0.6671264767790688
                  30000   -0.01171444498710087   0.002848786978480342  0.0002725691691497768  0.0005195483334230786    0.03073504848598869
                  30000   -0.01028743908521474     0.0140221637811372  0.0002635071774502697  0.0005176332446958325   6.58964880891009e-06
                  30000  -0.007186280009638138   0.009580235167685382  0.0002635024451938369  0.0005181046050531114   0.006224360352310276
                  30000  -0.009918429873175622  -0.004472034082437692  0.0002634780043063299  0.0005182267845309851    0.00923030644348998
                  30000   -0.00534345248964337  -0.006515208697525155  0.0002664521207770181  0.0005182452153173365  0.0003565033527519448
                  30000  -0.005769902675625611  0.0006347775210179762  0.0002668536543743938  0.0005182355730316762     0.1005185646754156
                  30000  -0.004807068510011258  -0.008593095988530981  0.0002676968084153004  0.0005184265266064261  1.212923764408117e-05
                  30000  -0.007490529724185476  -0.003508890508590128  0.0002803264512347696  0.0005236565487528582      2.397959754420542
                  30000   -0.01204084162528395  -0.002796507329654969  0.0002684234299018323  0.0005183475528871255  1.436006294997767e-05
                  30000   -0.01008321472781957  -0.002780461372809554  0.0002685536245253528  0.0005182855943604146      0.244643407707646
                  30000  -0.006002019316854977 -0.0006278137815981736  0.0002685819693475531  0.0005192074803365593      2.213508772232355
                  30000   -0.00812382971972745  -0.003115738737810688  0.0002839858634449338  0.0005217996086005232       10.4578763250908
                  30000  -0.007535210064190874  -0.005149832210927256  0.0002687187440502568  0.0005181004020543358     0.1272051895169775
                  30000     -0.013459607248115   0.002274410098844463  0.0002687348485198879  0.0005180597481097294  4.240686693555445e-06
                  30000  -0.007291794575403292   0.005030889699707511  0.0002686984263608155  0.0005187556812630441     0.1227159554419864
                  30000   -0.01069819047923828   0.005154528289911906  0.0002685478940974643  0.0005554069300437205    0.01599524698704262
                  30000  -0.007857919394319365  -0.006568768209371701  0.0002686862480273511  0.0005191023770431878   0.002865868167055273
                  30000   -0.01014833325243418  -0.004009139271514322   0.000268522956906268  0.0005187467042227127    0.02239500705731946
                  30000    -0.0111763569203467   0.009077977873448832  0.0002685399520381764  0.0005188222449622115  0.0001502020139737239
                  30000  -0.006445510529708728   -0.00648617573444079  0.0002776756368674991  0.0005418833083999279    0.01744978496029106
                  30000   -0.01020421298194063    0.00496973036448139  0.0002684913348828445  0.0005188961235471796    0.03327540200128525
                  30000  -0.009752205833064432    0.01113225918545676  0.0002684026763062516  0.0005189343413393043   0.004764766652545326
                  30000  -0.005168036876707763  -0.003993884378224387   0.000268971985454952  0.0005253718846108135    0.04823494383680019
                  30000    -0.0057021943292378   0.005690084306571135  0.0002683993947702785  0.0005190737316410362   0.004315063376461327
                  30000   -0.01020223273463624   0.004366472325989247  0.0002683936455838484  0.0005192180640250355    0.06160413807349874
                  30000   -0.01230294966773766   0.003087114489823375  0.0002684086187767432  0.0005191900375790129   0.001232990270728116
                  30000  -0.008422277718058977   0.003179554017823654  0.0002783900501139651  0.0005498115094357976      1.160649235051083
                  30000  -0.007785607265573406   0.007962214811375596  0.0002684516290372448   0.000521474790760181    0.04014705027562071
                  30000  -0.007063023374809153     0.0112484924221049  0.0002682997952361865  0.0005197286567631237  0.0006181857534438452
                  30000  -0.009488857067376065   0.003292307928787501  0.0002682877932553726  0.0005197772146008334     0.7057513166864987
                  30000  -0.006547562260482199   -0.00375340236959479  0.0002682645917577709  0.0005198431539336768     0.5395557075486997
                  30000   -0.00684122645209683  -0.003100829206498224  0.0002682666807834138  0.0005198295168527292      1.810088769391447
                  30000   -0.01020061099918327  0.0006024433590044298  0.0002774014515137842  0.0005234918558213525      9.173230020495195
                  30000   -0.00567773851901333  -0.007106292009032806  0.0002682690721597903  0.0005197606681837842  0.0002377702855133144
                  30000  -0.005056579582777707  -0.001686860501198873  0.0002682195457129573  0.0005197625988278945    0.05011500149983941
                  30000  -0.004841263568233252  -0.002322351615709071  0.0002682158467956146  0.0005197646456130546    0.03650819638955766
                  30000  -0.007891728697932388  -0.002790198516443092  0.0002681816081100673  0.0005198858925180624      6.014044166857181
                  30000  -0.009117736527712604   0.001408035989984505  0.0002819581231070584  0.0005385092383650222      36.74601120685057
                  30000  -0.004306557088730259  -0.001518467071396735  0.0002681328955801978   0.000519701516277571    0.00591760219956535
                  30000   -0.01002743111225503    0.01321741463649227  0.0002681195672428017  0.0005197533099664912  0.0002343870439838826
                  30000   -0.01152440987906423  -0.001059524096536926  0.0002681240184167542  0.0005198514151141537   0.004833343736575245
                  30000  -0.005677814754511911  -0.004420232082991372  0.0002680845517534565  0.0005197930253069457     0.0582427575176399
                  30000   -0.01052094962028532 -0.0001162868323823492  0.0002680734241952967  0.0005197471205143389      2.149530037622522
                  30000   -0.01069041371856193 -0.0006872314729682451  0.0002680688545052157  0.0005197282162329721     0.7612393971268718
                  30000   -0.01129039514415947   0.003523253614918849  0.0002680480493682037  0.0005196614496414384    0.03101574768660966
                  30000  -0.003700181349206256  -0.001299470444007318  0.0002680895115914716  0.0005197365427701405   0.007991385687132625
                  30000  -0.002085667559405506  -0.005185090300806454  0.0002704828925870885  0.0005198874100171924     0.7130705656571219
                  30000  -0.003523819153933019   0.001125446229119452  0.0002705010458154013  0.0005198876726818097    0.01412335666064105
                  30000   0.001395204588320436  -0.008620458802198808  0.0002709918177936059   0.000519796232363061       7.37095786996612
                  30000   -0.00115990105780891  -0.006715690979941938  0.0002725255505364941  0.0005284271515959352      15.15845975006381
                  30000   -0.01007854620717054     0.0026181712602684  0.0002833819467265793  0.0005222412626754395      1.830274920856677
                  30000   -0.01028547993678182   0.002278491679221538  0.0002728879069069333  0.0005181496803336399      1.100660529653682
                  30000  -0.006897776233769578  7.552575338885302e-05  0.0002745212374102381   0.000552311710192929      7.608500762620363
                  30000  -0.005846893089172057  -0.008701290056945667   0.000272808897875931  0.0005178169816681011  2.686992275002138e-05
                  30000  -0.008643511628687215  -0.003199805860685755  0.0002727817383463406   0.000517758087030464      1.866055149039653
                  30000   -0.01146450326413288   -0.00248224912506405  0.0002727399104029389  0.0005175776626398071  0.0003815262311874731
                  30000   -0.01110471368666306  -0.002049481618560523  0.0002727049601114964  0.0005174412601501881    0.01149215752944323
                  30000  -0.008618008690403753   0.004778602672349148  0.0002792786215771616  0.0005301747943622305     0.3983007774795626
                  30000  -0.008101974478733474   0.004392256402505655  0.0002725464033132744  0.0005176871395220812     0.2792398963454488
                  30000  -0.005547832173581515   0.004301404632723571  0.0002724400139593724  0.0005176429989088924    0.01194172383532296
                  30000   -0.01033687911665805 -0.0008557701476567282  0.0002724478825314995  0.0005176049937215663      2.043564776482446
                  30000  -0.009524747295093981  -0.003737568963609776  0.0002723416956250336  0.0005173476648232503     0.1400567256434678
                  30000  -0.006113812280083854  -0.006679276837235966  0.0002723323217757401  0.0005173167962560108   0.006411296856813777
                  30000  -0.009178736245010807  -0.002635489849121879  0.0002723336031356595  0.0005172906562297118      2.292954020281143
                  30000  -0.005505597142512173  -0.004927559755352974  0.0002721857470213898  0.0005169196246914222    0.02910306815506847
                  30000  -0.008538338344612376   0.009009920964604803  0.0002721667237143046  0.0005169355549329752    0.02862583773038918
                  30000  -0.007205296033045791    0.01034989509024307  0.0002721620806002931  0.0005172489702313794   0.003348953160678994
                  30000   0.002318045423131691  -0.003766745171748651  0.0002731246872234556  0.0005157062406533049      25.21208089680185
                  30000  -0.001804385707348976   0.002644226860102324  0.0002730510390389538  0.0005156361049176931     0.6526661452121595
                  30000   0.002214123621706523  -0.008166837651259867  0.0002728398004945535  0.0005153852247179561      6.351626643530663
                  30000 -0.0008993950016727952   0.004933215997462739  0.0002720211445152419  0.0005146432170341988      3.398930570535341
                  30000  -0.003957909622955303  -0.002404627593665355  0.0002714330109179928  0.0005137384508763156    0.01237350330870549
                  30000  -0.007546114129199269 -0.0003030994924992339   0.000272744740363314  0.0005136134872357918      15.44115942144492
                  30000   -0.00894390176018232  -0.001200351006365502  0.0002735583331211091  0.0005134697663284395      19.08869595834263
                  30000   -0.01104954831419077  -0.000553207247980714  0.0002737093262506297  0.0005134482007220673     0.1932104569783068
                  30000  -0.006570622444384333   0.008292985718949866  0.0002738350431947129  0.0005136964791410248   0.007572241382874529
                  30000    -0.0100710909167335   0.003854814361639417  0.0002740187252255795   0.000513706362632554     0.1803045775468954
                  30000  -0.006783447985072482   0.003600793292263075  0.0002740799979454794  0.0005137694913702537     0.1945481189768089
