#! FIELDS time tica_cv1_0 sigma_tica_cv1_0 height
#! SET action OPES_METAD_state
#! SET biasfactor                       5
#! SET epsilon   1.969681945254656e-09
#! SET kernel_cutoff       6.331728635426527
#! SET compression_threshold                       1
#! SET zed      0.4313172113723717
#! SET sum_weights       2915.749349455135
#! SET sum_weights2       5861.597415687196
#! SET counter  1992
#! SET adaptive_counter  1000000
#! SET sigma0_tica_cv1_0   0.0009287911646806964
#! SET av_cv_tica_cv1_0  -0.0005155311116058445
#! SET av_M2_tica_cv1_0       1.142021947653429
                   2000   0.001197335208344718  0.0001878561308861944       4643.91222889939
                   2000 -0.0009983780463826801  0.0002042097324726597      2621.230595715113
                   2000  0.0002170969160395064  0.0001957478903166292      632.8638150725532
                   2000  -0.000436723594267057  0.0001850801270354956      765.8118138898494
                   2000  -0.001343096797346069  0.0001655889741172867       2968.14927556099
                   2000  0.0008647371468286294  0.0001756345866326886      1491.841583363225
                   2000  -0.001590951260832912  0.0001545350511317434      1509.879783430034
                   2000  -0.002795378781756408  0.0001483831197012577     0.1313407769013102
                   2000  -0.001842879415953572  0.0001566663668720107       300.197988344818
                   2000   0.001426196510804393  0.0001517192409481677      2159.449350491786
                   2000   0.002125422797833252  0.0001799245278352396     0.2335798806137845
                   2000  -0.002267461974774434   0.000155788307020675      9.342175087132871
                   2000  -0.003028715223659726   0.000151257592613798    0.05317508295750233
                   2000  -0.003649457779553043  0.0001539806773241787  0.0008371772134457535
                   2000   -0.00337892884856235  0.0001411674882800855   0.007820962171311372
                   2000  0.0005663200942743887  0.0001576732631053672      724.7064846730104
                   2000  -0.002545130482365121  0.0001458729656820563      1.058999842406976
                   2000 -0.0001113493246579739   0.000156449541982169      480.8619710342836
                   2000   0.001621672192122608  0.0001413357644279265      189.3929064793567
                   2000  -0.002043462926274716  0.0001381499490964388      39.88770638721985
                   2000 -0.0007001893822491458  0.0001458212132657467      472.5618328396138
                   2000  -0.004235666082956747  0.0001287036179354932  3.525414234477674e-06
                   2000   0.001915087158438165  0.0001259393914856916      1.779376420849096
                   2000  -0.004031033663889196  0.0001245119595416045  5.720711265312356e-06
