#! FIELDS time deep1.node-0 deep1.node-1 sigma_deep1.node-0 sigma_deep1.node-1 height
#! SET action OPES_METAD_state
#! SET biasfactor       12.02723625380408
#! SET epsilon   2.008904905162975e-06
#! SET kernel_cutoff       5.122093479753262
#! SET compression_threshold                       1
#! SET zed     0.02055060531463961
#! SET sum_weights       555.3421608218007
#! SET sum_weights2       4034.740451210706
#! SET counter  492
#! SET adaptive_counter  250000
#! SET sigma0_deep1.node-0       1.001621571314658
#! SET av_cv_deep1.node-0      0.6056172468813182
#! SET av_M2_deep1.node-0        9507254.75127909
#! SET sigma0_deep1.node-1      0.9909677851362825
#! SET av_cv_deep1.node-1       2.503463866263615
#! SET av_M2_deep1.node-1       7064893.724753723
                   1500     -12.72593026243984      0.192953961949606      1.163856732231305     0.9237826430242074      105.3474165608634
                   1500        3.4996900691948     -3.482861822081547      1.189714640525097     0.8753116314384893      155.5711146595756
                   1500      4.124096285216177    -0.4888511920198041       1.02702562311283     0.9250338674764095      5.476622972618713
                   1500     -12.71757427621668     -1.271208531846231       1.10319746410355     0.8596070468554637      24.25242549603206
                   1500      4.002152054422901      7.082412725056744       1.16782132478133     0.9013331060685463       2.48172278815169
                   1500     -3.263007484879596      4.007978736058858      1.093422972253964     0.9266675587584915     0.7218660473239698
                   1500      -3.73799674418458      6.193134578161984      1.067188018690531     0.8192198482194929      1.701584377798367
                   1500      1.559866474022874      10.63369591225118      1.044918332163283     0.8877467951750059     0.7606535333555661
                   1500      4.109302588531234       9.96318844651104        1.0411064961917     0.9307127120001253       2.20323548494754
                   1500     -13.54968118897106     -2.803131416681348       0.97796627517541     0.7673069621643809      2.010451143069188
                   1500      1.354908752396858      1.966105417131588      1.119533941812765     0.9457881458119167     0.2931977544910326
                   1500     -7.712354188305593     0.6568286554793732      1.192205410924488     0.8361910684324763       1.99497301052832
                   1500      3.623348929303125      7.948569138777342      1.069790799445253     0.8654935079963599      4.218822696717996
                   1500      4.652890440086656      4.432436271749379      1.068972896383395     0.8992096555705206      2.400432268936937
                   1500     -1.314566571208225      6.222463408903746      1.118438457900514     0.8312466128588958       1.52698658792717
                   1500     -8.886560576655668      2.747673521698302      1.244999485345859     0.8777487695584608       6.68731475961415
                   1500     -11.17491990788891   -0.05691815779651462      1.093807969497756        0.8790829948823      21.78237442201259
                   1500      4.872249139081523     -1.830848188534047      1.013287601268557      0.877150752846271      26.84994288591422
                   1500     0.4337296273402977      7.645400714891506      1.160138775405086     0.9040057612725716      5.529509707607791
                   1500     -5.745418593275532      4.896191647851482      1.194630841231899     0.8633086413793712      2.236136659415728
                   1500      5.294363169268147      1.150935082657172       1.05570267256391     0.9695069593083313      2.602655183759988
                   1500      1.351943740095679      3.792983707163926      1.037974920583923     0.9804379160672562      0.798304179694527
                   1500     -6.998209074364214      2.495509231053392      1.148480807030205     0.9512575520224704      1.484353674657608
                   1500     -3.891341778088444      7.253719185061657       1.20121182389576     0.8595646612096273     0.3271927853833984
                   1500      3.297709535578871     -4.622713124451685       1.08587055898548     0.8319390543770371      112.7228358808055
                   1500     -8.218668937683105      5.707262992858887      1.327800936037931     0.7890496547009812   0.004283180443481877
                   1500     0.8154109645219436      9.035690462245469      1.041986378554438     0.8614085757413577      1.835064502361524
                   1500      6.458386836226598      6.176450275175338     0.9810093715159629     0.8725813995308653     0.9681204505202695
                   1500     -0.643378798076099      4.391833164451683      1.095646443724712     0.9410932525327566        1.2063919610456
                   1500      4.549524091257281       13.6752588967776      1.020770478058171     0.8363487050814601    0.01080955771762386
                   1500     -11.31516668432253      1.377100758274875      1.148885974815405     0.8628565032460219      119.7618019307316
                   1500       8.14307606687113       8.72933346834094     0.9968430572439783     0.8362259665086585     0.1059264298207432
                   1500      3.502136351659553      12.35873551745023      1.054703629854089     0.8937197261207954     0.1356686122825969
                   1500     -5.429427406520065     -6.324053223216633      1.267623054511889     0.9449098959584589  0.0006014601042587868
                   1500     -9.711057284569062      -11.4605493308987      1.011355710954918     0.8056057704505158  5.965880134910767e-05
                   1500     -4.090637796283069     -4.790548516756118      1.164754893217713     0.9027428811394235    0.01007238432530003
                   1500     -6.587936227216299     -7.484461914478667     0.9826301195982511     0.9172639367317736   0.002435158366730002
                   1500     -9.678352822261903     -7.965365197613551      1.073598460056781     0.9174062633170427  0.0002325092596171612
                   1500     -1.253832392182036      2.849823707987003      1.009853714851081     0.8777876701171631     0.1889560831855225
                   1500     -7.489679336547852     -4.439020156860352      1.226818252046156     0.8907596949990489  7.783460737655454e-05
                   1500      6.918978691101074      13.51602363586426      1.206018743022431     0.9027434891030149  0.0002585023877912716
                   1500     -1.697697989645129      7.779796655457337      1.050996074068858     0.8770230539120539     0.5172528123120965
                   1500     0.6020167731960846      6.428094006747862     0.9616915055103894     0.9248981210285533      2.011603742177327
                   1500     -17.48242378234863     -5.175666809082031       1.17702802560809     0.8898769352056551  5.233410064792369e-05
                   1500      3.446629216986561       11.1239486783182     0.9946543983295875     0.8243123512338441     0.2555394346019728
                   1500      8.409977172892315      10.77598737312032     0.9870462257909528     0.8321581847264228    0.00191479256803293
                   1500     -12.10619735717773     -9.358882904052734      1.166289691481434     0.8825940659347745  7.107181550496008e-06
                   1500     -8.360013008117676     -6.191578388214111      1.165562840013992     0.8882920273547172  4.966210194104039e-05
                   1500     -9.738378224367642     -9.269615307228376      1.215307397473721     0.9273419742829896  6.778948482589402e-05
                   1500     -3.949879189293438       -3.3276684372544      1.027588532103479     0.8959624235925226    0.02423849677396511
                   1500     -4.384585014757661      1.216144033136262       1.03504463281338     0.8273125019643213     0.2549359627329964
                   1500      5.829067949094697      7.036452867187295      1.061391585646922     0.8282810739945575     0.6545783744531333
                   1500      3.482616451333725       5.25983464971019      1.054045511187746     0.9164490393981756      1.208231851579825
                   1500     -4.222971108123866      2.172032115510103      1.003836522809431     0.8511830173951245     0.3353708106097739
                   1500      3.610479488265351      1.161086345777725       1.05567852131301     0.9272729206348289      2.911912603846048
                   1500     -12.23707962036133     -7.520979881286621      1.167694808926541     0.9251089616309797  8.841565868569879e-06
                   1500     -2.449817832138419     -1.966894828826998      1.165975383671312     0.8552287316083119    0.02146932577020685
                   1500      4.960303322383883       2.93435023612515      1.059871562810893     0.8725761713918888      2.371670928592089
                   1500      5.482412588856112      8.043751453703951      1.077010325825439      0.842296843914171      2.127096290462643
                   1500      8.363758087158203      7.302142143249512      1.144932541167259     0.9243040947260441    0.03234222463857958
                   1500    -0.6072920320699646      9.260189758886622     0.9760003945268998     0.8719736952103145      1.047042475607172
                   1500      3.334275402595056      4.044247060406579      1.014129869529563     0.8577572710228059      1.908028130029749
                   1500     -5.667891149793613      3.850248980120927      1.046192851819901     0.8806014498022946       1.04058461679662
                   1500     -5.535755998438002      7.291345136327075      1.034824273005923     0.9078866017330003     0.2977668356535976
                   1500     -5.516911029815674     -5.134108066558838      1.079933387869671     0.8743150167252419   0.001424969904584984
                   1500       -4.4591429701437     -7.623379880707198      1.024644465364384       0.89593660150281   0.001518623497985811
                   1500     -10.78635501861572     -10.27326011657715      1.046916749155608     0.8759059413005592  4.935567483926949e-05
                   1500     0.1941340118646622   -0.08018384873867035      1.046228951889329     0.8774503116457575    0.01324432828283596
                   1500     -2.393084609462102     -6.658304910160314      1.095346326135564     0.8460730096287126   0.001126106819529055
                   1500     -7.983763745432257     -8.963260861643095      1.010392568237518     0.8177486067394629  0.0008031151883955741
                   1500     -2.112786769866943         9.620361328125      1.038185256623047     0.8795816795384718    0.06524168463993929
                   1500      0.390131950378418      13.16480731964111      1.029710428486256     0.8724680273480511   0.004308069110736881
                   1500     -15.25977791181601     -3.676706614979594      1.018490391117278     0.8233897810020685    0.07013433264851184
                   1500      5.246565056346516      11.14669525227717      1.015316233049478     0.8772617077737793     0.1709277221137974
                   1500     -3.010346762731998      5.471806482794358     0.9295665822763295     0.8074328797527093     0.8624998436879912
                   1500    -0.8517362067007418     0.7819817178078668     0.9917915608051646     0.8256305263704914    0.02846657453062144
                   1500     -11.03313446044922     -6.210686683654785      1.006494286082335     0.8410677383585613  1.668681723387718e-05
                   1500     -4.075478180364665    -0.9692035660719461     0.9731754834947753     0.8735314283381413    0.01893737264330749
                   1500     -8.069255394931368      3.969598502294173     0.9676734054936066     0.8181664749746853       1.30819467988213
                   1500      6.871615586466751      1.358418152152317     0.9374502401499133      0.831620541637578     0.3191448106053697
                   1500     -13.98529052734375     -6.911931991577148     0.9940592642724899      0.827500619008351  1.044367943107223e-05
                   1500    -0.4347708225250244     -2.136804580688477     0.9930062824232767     0.8278403714217044    0.09360243903567111
                   1500     -14.08911514282227    -0.8184909820556641     0.9871877116915864     0.8268165483286617      3.261134441836765
                   1500      -14.7520007420639     -1.520800771835228      1.036143606369182     0.8378693580276299      3.972633576601086
                   1500     -7.935492515563965      1.770375967025757     0.9859243601419316     0.8202126122405883      1.176247101255772
                   1500     -9.609692573547363     -6.074373245239258     0.9852768225604011     0.8208231896507646   6.13529771434008e-05
                   1500      5.353309631347656      9.573936462402344      0.981266856473953     0.8180147476877492      0.304834227320567
                   1500      1.387079000473022      5.253185272216797      0.980857491908333     0.8175345234722711     0.2562306310845197
                   1500     -4.563972473144531      9.981603622436523     0.9798269623294914     0.8174933775108352   0.003622071897969148
                   1500     -6.917106628417969     -1.833174109458923     0.9755646444749185     0.8205404157937853    0.01527581534650541
                   1500     -8.840158462524414     -1.775175333023071     0.9746693139132617     0.8215687893157066     0.3181617779001924
                   1500     -1.806746959686279    -0.5941037535667419     0.9535661861900895     0.7936512395794775   0.008157749567614517
                   1500     -8.522736901512964     -11.00829139868754     0.9110088973518476     0.8092977594250662  9.536123261157003e-05
                   1500     -5.932031191501537      2.979607067924497     0.9866095185035793     0.7851075421963313     0.9673067000217606
                   1500     -6.983150959014893     -10.11017990112305     0.9313544032309496     0.7822592402694548  8.484166564702725e-05
                   1500     -5.129476547241211     -8.950774192810059      0.929994857574185     0.7859079913445561  0.0003075175767409703
                   1500      -12.4066767614374     -6.449141554989514     0.9383876350579476     0.7949985443778776  0.0001049692139383239
                   1500      -8.42933177947998     -10.09547710418701     0.9305698241872341     0.7888492142240058  0.0001141209539167419
                   1500     -2.857482433319092      2.723943471908569      0.929759906125479     0.7886012001383454     0.1169754182682718
                   1500      7.152835845947266      4.660654544830322     0.9264438295150993     0.7876053776862368     0.0902685287774512
                   1500     -17.81555938720703     -6.291200160980225      0.927893535779547     0.7870934894593214  3.324776620263704e-05
                   1500     -1.251458000177135      -5.16539061447952     0.9131656437677714     0.7775554608666015    0.04473429732936588
                   1500    -0.3470007768526056     -3.746567451098705      0.902277349466048     0.7732552149087998     0.5178727517167487
                   1500      5.012659053739243    0.01883111051204999     0.9428824634481272     0.7950144939433387      2.876613501767123
                   1500      3.992882251739502     -2.555890321731567     0.9187569310005491     0.7805632302903753      12.81991971914047
                   1500     -7.587544918060303    -0.6462182998657227     0.9185366866272453     0.7812631446449876     0.1623429508125992
                   1500     -4.380584716796875      4.062795639038086     0.9158334837922151     0.7796401750461499     0.2787996948224231
                   1500     -9.520174980163574     -4.246695995330811     0.9115734478258021     0.7771045271497777   0.002084552444344549
                   1500       9.47088623046875      12.43179130554199     0.9102819709777017     0.7759106000613812  9.470856899585822e-05
                   1500     -13.74041720130102      -1.89156212322851     0.9101669411617037     0.7746539987673574      6.304324436078689
                   1500      2.285514354705811      12.31251239776611     0.9082060423237781     0.7699817769507725    0.04141931088657142
                   1500     -8.040454679097767     -7.816427895942742     0.9527052758785078     0.7813328785391876   0.001205793011890665
                   1500     -13.54872894287109     -8.036067008972168     0.9076652199544233     0.7753489946591736  1.510277672546459e-05
                   1500      6.010195255279541    -0.8975505828857422     0.9056373846101131      0.776330629271731      1.638165264906364
                   1500      2.684768174373781    -0.9515525811034354     0.9062993203463023     0.7794228435617698        1.8503598816332
                   1500      4.673789024353027      5.837285041809082     0.9030274421123717     0.7745981230461948     0.4579647113498565
                   1500     -5.929429054260254      1.958013415336609     0.9024588057831326     0.7742762043236437     0.4126460946169501
                   1500     -7.337300300598145     -5.479245662689209      0.898382263547796     0.7682259364537047  0.0002962190024549006
                   1500     -3.658259391784668     -6.113691329956055     0.8976396340778181     0.7697923096411083    0.00160991850703966
                   1500     -9.894674301147461     -5.172578811645508     0.8965835338414685     0.7710305455068799  0.0004275551785703162
                   1500     -6.614050388336182      1.198793411254883     0.8936472752750493     0.7708926306742081     0.4704864852054131
                   1500     -10.55810642242432      -2.79062294960022     0.8916004451812218     0.7680821066785893     0.2521788946283926
                   1500      2.139834966510831      7.908733904774687     0.8922317044688259      0.756207313808874      1.310795063837632
                   1500      2.786485195159912      13.85515117645264     0.8886051356193165     0.7657781510544539   0.009484809999745611
                   1500      1.754542657952616      6.151671825674018     0.8780627609802705     0.7675955252094835     0.8382262067682555
                   1500    -0.6703705787658691      11.39479446411133     0.8826128558142132     0.7615605853976162    0.02929929229810465
                   1500      -1.35908842086792     -7.409789562225342     0.8801880815801895     0.7636445289455008  0.0004161619495764844
                   1500      2.667830166343991      9.042983248021784     0.8861965888477858     0.8331275425836643       1.59180406349687
                   1500      -16.6357364654541     -4.118813514709473     0.8782307625315894     0.7527570842564263   0.008369051483050805
                   1500     0.1429404020309448      2.249461889266968     0.8786787023197741     0.7524124361479507    0.08242186382125903
                   1500       5.76951265335083      4.949946403503418      0.877754158286892     0.7539085454459195      0.302710301608848
                   1500     -11.62503433227539     -2.494245767593384     0.8744728184372812      0.751367402550188      1.195060174598058
                   1500     -10.06597709655762      1.860018610954285     0.8696665362053208     0.7467562080050324      8.234307104574034
                   1500     -4.474631786346436      -5.69120979309082      0.869239351342301     0.7469086736221385   0.002335873473837137
                   1500      4.696715354919434     -3.092681407928467     0.8666365286657426     0.7466934239154559      13.52192104350256
                   1500      1.700160503387451       9.74303150177002     0.8655556070247031     0.7461563863817898     0.3476923691658145
