#! FIELDS time deep18.node-0 deep18.node-1 sigma_deep18.node-0 sigma_deep18.node-1 height
#! SET action OPES_METAD_state
#! SET biasfactor       12.02723625380408
#! SET epsilon   2.008904905162975e-06
#! SET kernel_cutoff       5.122093479753262
#! SET compression_threshold                       1
#! SET zed      0.1853733883471208
#! SET sum_weights       684.5227799667434
#! SET sum_weights2       5001.255424476191
#! SET counter  492
#! SET adaptive_counter  250000
#! SET sigma0_deep18.node-0       3.723541620799472
#! SET av_cv_deep18.node-0       1.658681954089311
#! SET av_M2_deep18.node-0       28605419.47637779
#! SET sigma0_deep18.node-1       6.179524080953287
#! SET av_cv_deep18.node-1      0.4095254195477069
#! SET av_M2_deep18.node-1       27876451.40045941
                  10000      10.17677989567072      12.51626606858424      1.681620340745969      1.990699127787157      2382.662219091646
                  10000     -6.718044632345474      11.25970393774958      1.795910244099411      2.175233565793943      2.695454928214574
                  10000     -16.31519385841948      10.50014716407721      1.641571660981194      1.689714041540151      0.058756796451343
                  10000     -24.42048978128081      7.240492018245821      1.913232007493297      1.869872688301933      0.112136905995733
                  10000     -6.653597702416678     -19.02700777658263      1.756509226554857      1.893026109437175      8.516557544206592
                  10000      6.534901658386377     -11.26632555890712      1.765970568415883      1.866373425986107      1081.604704941077
                  10000       4.53121785898028      -12.6329971887863      1.698870494305428      1.848629600968583      180.3628836861155
                  10000      8.746090398576778     -2.466455033425017        1.7729900564439      1.892582862688975      280.6641920883245
                  10000     -20.85363375343599     -7.159142434698621      1.594117423733569      1.722797966994903    0.00225065856736408
                  10000      6.221037972106623      9.406092249761139      1.842680647114106      2.186679297304247      51.56150844382187
                  10000     -2.022006474112941     -16.76103254621663      1.903054823499467      2.090327061309523      13.02307636142422
                  10000      11.35784630980134      6.824718891859071      1.682965816978026      1.985878523922067      217.2286709205487
                  10000     -24.54568635135664      3.503420770686752      1.674120756088051      1.821483996181612   0.007095969199050377
                  10000     -12.93375138889981     -10.77467864404988      1.610283654470422      1.686234058298451   0.004414848582279049
                  10000     -5.112492344081274     -7.834362269084616      2.056045228886742      2.545491515583892    0.05624159006754101
                  10000        3.6278839403777     -0.346033689783934      1.788806773283432        1.9397070946285      1.295072235803724
                  10000     -12.48122940586366      11.08940533549497       1.79249315276342      1.873953870415401      0.448043233353618
                  10000     -1.805855013638257      9.094529037580621      2.023098228752351      1.851542678656507      1.842369133007171
                  10000     -12.68423600844339      7.018808822999202      1.751402215796426      1.962865915903086    0.03497422289410353
                  10000     0.2122853350450007      14.44951840502407       1.85904205113569       1.91426720245553      26.46579526985574
                  10000     -12.05782652858531     -15.52492793931729      1.875618937599641      1.735040505798188     0.1394755624468498
                  10000     -18.17605195065005     -10.74490603258514      1.595699211333655      1.757066140000786   0.002967472295093186
                  10000       11.4000634630896      2.976806037923758      1.879493122260286      1.756211398057284      148.9496475490425
                  10000     -18.34727830095309      8.118460011544553      1.805753814754452      1.859759101497055    0.04714986093208709
                  10000     -19.78026393767796      6.447987961789763      1.745337939248151      1.796768618800891    0.01926020393493358
                  10000     -4.478816730816889     -18.84089285340605      1.664337372420847      1.709212011863786      10.24390186307216
                  10000       11.6203073630367     -2.810376096836236      1.661283056495426      1.773997472232055      100.2684089104903
                  10000      10.80021409260859     -5.229712821394266      1.651063361020318      1.697149974974353      33.27410043525102
                  10000     -9.770279925004592      11.90583162089254      1.676380363357268      1.797061444310607     0.3604271638816434
                  10000      6.107448392330955      13.71494862207581      1.844887605951072      1.796435743540281      62.58552678062952
                  10000      9.150284214099893      -6.71243453097244      1.807707251434937      1.811171695834279      216.9295142569915
                  10000     -14.60077731975697     -14.10165802458196      1.659988155850955      1.740693831833265    0.02522819435297328
                  10000     -9.758216857910156      7.271645069122314      1.892961969053838      2.035136531500237    0.02301525752434585
                  10000     0.4353836716710655     -16.17828540301338      1.621046045531431      1.657309867621727      10.43307269008808
                  10000      4.494979858398438     -4.559460163116455      1.776112074889788      1.931671345946104      2.412490523536136
                  10000      6.726291056843367      3.430831198144539      1.689962911236141      1.639956972283159      9.947071415228999
                  10000     -4.705828960374794      14.54646602870118      1.620355049821049      1.759521620940966      3.082139950019521
                  10000     -21.70280855693284      8.742927314702978      1.630774991963828      1.614025374690775    0.02817985684267372
                  10000   -0.04897587205544619     -13.67201260361827      1.655791292078466      1.810418202443519      7.587665653785397
                  10000     -14.54731828441759     -16.37952882322537      1.644796072441317      1.644839772222751   0.006688674348356832
                  10000     -23.66119583594913     -1.329014746330227      1.597673731854724      1.705243925161448   0.001198825423706967
                  10000     -14.80556488037109      7.484604358673096      1.729060443484604      1.788192051947956      0.013398184029912
                  10000       7.54396512982512     -9.686760472330249      1.660653314733689       1.63034838718593      423.8665396373015
                  10000     -22.41349093530379     -3.630351965896002      1.555250070679583      1.704161190239063    0.00122693359130159
                  10000      2.155711990993062      11.93736936428848      1.646408789630818      1.677350679501846      26.98559073010413
                  10000      3.808812517484087       13.9649042223515      1.582105801501496       1.64920890823936      25.17200347615316
                  10000     -16.40840339660645     -4.907108306884766      1.629660878340562      1.707970317677699  7.757931787639483e-05
                  10000     -18.29437112622426     -6.677449174026759      1.641454947081614      1.718427977577068  0.0004566083398116808
                  10000     -16.75572473193937     -9.526095097696345      1.509994400213178      1.621137236122055   0.002439002672265112
                  10000     -8.528441593262869     -9.345183230265688      1.594901231444493      1.560305773813979     0.0126755854636844
                  10000     -1.927414309386402     -10.01008012247417      1.661602923440625       1.66161530517077     0.4402086396679292
                  10000     -4.981575965881348    -0.1114171743392944      1.626324757901438      1.679555709156944  0.0005035725740663754
                  10000      -14.6966438293457      12.51776123046875      1.623964697501936      1.683336743270957    0.01707152311702367
                  10000     -6.958488300861813     -10.03289022868851      1.609909021917431      1.593883112121392    0.02204667552868745
                  10000      11.71625769841059     0.6739344621670836      1.721421849918115      1.567215716280712       52.9705151529586
                  10000     -20.59240661044969      10.18570659550236      1.506075255028627      1.617812752484172    0.01239748168349871
                  10000     -24.59269455673588     0.8979250890469441      1.651477966344074      1.587619402329713    0.00156064815619686
                  10000      5.716797051590859      5.844636858031997        1.6370398175026      1.702720234179264      5.431791042490756
                  10000      1.474983215332031      3.259915590286255      1.594636572337806      1.623880752985498    0.07785444085633833
                  10000     -23.00697693558987      5.563563878085216      1.535775926494668      1.555695614164114    0.02657681580643932
                  10000      6.918762537022201     -1.530544771747162      1.609754772715901      1.709959687538904      39.19098985130445
                  10000      0.121046781539917      5.737498760223389      1.570593866942261      1.593175070427684    0.07549916152752921
                  10000       1.74150699951903     -14.82947759417593      1.565241856919972      1.607375291939422      20.09552269414734
                  10000     0.1075812578201294     -6.387157440185547      1.555956079020585      1.593893251219668    0.04917947885386494
                  10000      4.851449012756348      4.044767379760742      1.551016655496138      1.594490056377804      1.215436169680602
                  10000      1.553367460801758       8.29906506564949      1.632243640683653      1.564298432683982      2.751117342838366
                  10000     -1.807705630296406      14.56547183145601      1.543807969461023       1.52641858467779      12.03724315950154
                  10000     -17.15331840515137      12.66443824768066      1.544927924313558      1.593773581355638   0.005930346346281939
                  10000       12.2463846206665      9.994661331176758      1.522125945641009      1.575052019887421      52.42176637738719
                  10000      9.515351163917984      3.886495379571433      1.540412970839602      1.504204207115752      44.68062506316761
                  10000     -3.879813194274902      10.86958789825439      1.500752530305616       1.55908872417157      0.288209171432103
                  10000     -17.24175643920898      2.210867166519165      1.497700871305869      1.551160564650853  0.0003418964554962674
                  10000     -19.23446273803711     -4.828698635101318      1.499714279652196       1.54916502132574   0.000212260142686684
                  10000     -9.520368818540449     -12.71761545469051      1.579743755926401      1.517790746335767    0.03479504237763539
                  10000     -9.813798570480014     -15.22599460724362      1.495513018775933      1.529821472602228     0.1646841853397762
                  10000     -14.14134788513184     -5.576052188873291      1.498715386063825      1.540115700904751  9.361653418706965e-05
                  10000     -20.18494987487793     -3.058629751205444      1.498751544792127      1.538537858181755  0.0002231331811936825
                  10000      3.928896736123042     -8.707335042935865        1.5317862143485      1.513198645059759      36.90976657716443
                  10000     0.6488292217254639     -11.64278697967529      1.483112910743505      1.517150956077616      2.720706107899756
                  10000     -8.407609939575195     -14.10109329223633      1.483031789128134      1.519975351795906    0.04497673352156978
                  10000      3.264866352081299      1.655171513557434      1.490905954024119      1.509897321742515     0.3711512795526756
                  10000     -3.668805360794067      5.468700408935547      1.490893264247066      1.509017150104883    0.03270620004169626
                  10000     -19.83854103088379     -8.835956573486328      1.494114066926644      1.505175977131414    0.00042828041561197
                  10000     -21.93071365356445      -5.51387357711792       1.49631786655774      1.503437730528336  0.0004635859201527603
                  10000     -11.80839920043945      4.448495864868164      1.491883264312564       1.50121936002715   0.004625878382646263
                  10000     -7.018129348754883      14.43392562866211      1.491110316473419      1.501901617361346     0.2426731366265023
                  10000     -10.80697263860198      9.904214521804045      1.487597069770058      1.484424731891641     0.2763986365147052
                  10000      4.007927894592285      11.49983596801758      1.484980136417016      1.480497805679909      5.886441474550926
                  10000     -1.171907544136047      11.72150230407715       1.48367506765927      1.480531742146371      1.494703255032897
                  10000      2.621805667877197      4.816063404083252      1.476672930189038      1.477917355797832     0.3992093370570509
                  10000     -5.292454719543457      9.773348808288574      1.474485460051906      1.476332215247683     0.2899370608991736
                  10000      8.243139266967773      10.20521354675293      1.463611882450788      1.465139850771494      60.07566944653183
                  10000     -15.42981338500977       14.2241792678833       1.46357057083769      1.462159189562532   0.008768806314769255
                  10000      -3.00937557220459      12.48625755310059      1.464567050510278      1.448717903555459     0.9714626657169012
                  10000      2.105401754379272      14.93230724334717        1.4639747712433      1.447418358272176       4.14081063943719
                  10000      8.570944786071777      1.441699504852295      1.460780697422217      1.439932170245071      9.454565665929017
                  10000      6.732475280761719     -6.983087539672852      1.458849276809714      1.439931046376652      24.32054905838694
                  10000      -9.18690299987793     -17.17575263977051      1.465352108824835      1.447696052273004     0.2854668488275938
                  10000      4.299651145935059     -10.55607318878174      1.459863848556751      1.446009713142355      52.34583036082433
                  10000      9.081855693481023      14.58135921649167      1.472527588404414      1.549505503535821      161.7334133760059
