#! FIELDS time deep25.node-0 deep25.node-1 sigma_deep25.node-0 sigma_deep25.node-1 height logweight
#! SET action OPES_METAD_kernels
#! SET biasfactor       12.02723625380408
#! SET epsilon   2.008904905162975e-06
#! SET kernel_cutoff       5.122093479753262
#! SET compression_threshold                       1
                  26010    -0.5939546823501587     0.6581892967224121     0.1248917391261692     0.4513479566457176  5.979173072774214e-06     -12.02723625380408
                  26011    -0.6531737446784973     0.7015278339385986     0.1071405448134592     0.3843454070390977      1.229634855339605    -0.1072934306510717
                  26012    -0.3880881369113922     0.6648680567741394     0.1028814852399489     0.3649295131268003    0.09035125182818736     -2.810462301163027
                  26013    -0.6148063540458679     0.6729592084884644    0.09433510918508181     0.3332633983020826      2.881388611310854     0.4743651202768409
                  26014    -0.6086308360099792     0.6088970899581909    0.08797927023910812     0.3073761955556208      3.546746589561425     0.5315105293359929
                  26015     -0.470121294260025     0.5638990998268127    0.08347483633381585     0.2892765137672397      1.361308927491345    -0.5393188772027745
                  26016    -0.1963519603013992     0.2001048922538757    0.08195441934932486     0.2803265144723547   0.004445614366153186     -6.313412738111405
                  26017    -0.3313749730587006    -0.3792570531368256    0.08092693400074498     0.2742447980910648   0.004032411931688825     -6.445516570079514
                  26018    -0.1909004151821136    -0.1907456815242767    0.07991695075850515     0.2704439482338119   0.004476207566452231     -6.367620086718492
                  26019    -0.5660688877105713    -0.8780731558799744    0.07874447516887521     0.2666994600694413  0.0004627927391924734     -8.665594537941807
                  26020    -0.4750984609127045    -0.6975299119949341    0.07704363823137142     0.2631200126693125   0.003805615692524042     -6.593989059354072
                  26021    -0.2601571977138519    -0.4278301298618317    0.07544684704270396     0.2592188351667024    0.01533744940419763      -5.23605055542744
                  26022    -0.4490154385566711    -0.6424516439437866    0.07384388881913456     0.2550738319424085    0.01791756906936302     -5.118161052345503
                  26023    -0.4484786689281464     -0.540549099445343    0.07289763290525911     0.2504002749278858    0.06763934860277378     -3.821142291786719
                  26024     -0.567027747631073    -0.6222293972969055    0.07194432292578828     0.2457787950231477     0.0792245918846089     -3.694837885076352
                  26025    -0.1133325472474098    -0.2759726345539093    0.07153520043955594     0.2412701183573062    0.01779528551014274     -5.212408756121742
                  26026    0.00366969732567668    -0.5249303579330444    0.07051832198214157     0.2372715300046373    0.01121746872206468     -5.704899076226329
                  26027    -0.4700543880462646    -0.6091435551643372    0.06920252362716388      0.232037106018935     0.3934083764084401     -2.188666263401242
                  26028    -0.1857158988714218     -0.342917799949646    0.06812163802177222     0.2279998421154701    0.09383684521134644     -3.655251667567813
                  26029    -0.4743610024452209    -0.5812659859657288    0.06597002368112634     0.2204683093323654      1.562629330351168    -0.9083695261257002
                  26030    -0.2748304009437561    -0.4258827567100525    0.06505803589364893     0.2163319716840379     0.2572966488978917     -2.745125530316226
                  26031    -0.1581646800041199    -0.3902161419391632    0.06396889353989463     0.2118398955803031     0.4861075601782364     -2.146791467398768
                  26032    -0.2524892091751099     -0.256955087184906    0.06302000516400122     0.2065652375218056       1.02220032199374     -1.443667828330214
                  26033     0.2181446403264999    0.04509281739592552    0.06261795227691952     0.2036468375535576  5.974066147446766e-05     -11.21175216462505
                  26034    -0.3864863514900208    -0.4748331308364868    0.06111393922856619     0.1971166352644385      2.441454328172746    -0.6505643249567828
                  26035    -0.4538446664810181     -0.586206316947937    0.05932573099194068     0.1903331624811359      7.101406966452013     0.3524182644443854
                  26036    -0.4662335813045502    -0.3547230064868927    0.05798869428610573     0.1844512449036912      8.435010770163744     0.4703304199124128
                  26037     0.3919998705387115     0.1931509524583817    0.05779809260197007     0.1821082150884953  3.489807164207949e-05     -11.94121592181124
                  26038    0.01416181772947311     0.2683848440647125    0.05756245536774371     0.1799935342284807    0.00113499199469128     -8.475032024937635
                  26039     -0.429069310426712    -0.4547685384750366    0.05793854399167618     0.1793972262759442      16.99482377059243      1.142200352770725
                  26040     -0.176314041018486    -0.2962532043457031    0.05760629413157568     0.1762981611550896      1.424180275181434     -1.360288914953487
                  26041    -0.2964041531085968    -0.3622189462184906    0.05670088742120397      0.172086424943984      4.033105621757699    -0.3593704237394373
                  26042     0.3373289406299591     0.4026851952075958    0.05649732233979934      0.170209665644928  7.180502795657637e-05      -11.3100256195137
                  26043   -0.04818147048354149    -0.1888851821422577    0.05648563941273663     0.1682704714869945     0.3070219509335672     -2.960970773893142
                  26044    -0.4636999368667603      -0.45203697681427    0.05893862896774136     0.1738689376942757      33.44574350008892      1.805029216487397
                  26045   -0.08931849151849747    -0.1134781762957573    0.05865962562536266     0.1717801036927226     0.5958014628242145     -2.239574721752103
                  26046    -0.2231571823358536    -0.2429207563400269    0.05797057103684566     0.1687210210391714      3.124195387655102    -0.6123349638885408
                  26047    0.07723583281040192    -0.4566863179206848    0.05775331507145454     0.1670903398766354     0.0167162864671756     -5.856350233818491
                  26048    -0.5774458646774292    -0.1301237940788269    0.05734416850473301     0.1646359810925671      2.151914340793258     -1.020527957270579
                  26049    -0.4538917243480682     0.4538551867008209    0.05712090437790392     0.1626240938665346      2.421428544214366    -0.9187246223835469
                  26050    -0.2805168330669403     0.2771002650260925    0.05714941123300597     0.1614888971667601      0.172198083292928     -3.568698149259981
                  26051    -0.5163727998733521     0.5337547063827515      0.056458027557425     0.1586448748046514      5.912375622318779   -0.06248039500629217
                  26052    -0.6019042730331421     0.3712131381034851    0.05566999008295053     0.1569799721286869       6.17187980065806    -0.0441308970890573
                  26053    -0.5598706007003784     0.7599736452102661    0.05477388886429607     0.1546023501139258      8.613734423338938     0.2577340807883135
                  26054    -0.6281975507736206     0.6418570876121521    0.05378301370756908     0.1519634649581366       11.8540294435463     0.5415718523550004
                  26055    -0.5530881285667419     0.5092558860778809     0.0528992477951736     0.1491792485838472      16.14436916250418     0.8154152314671553
                  26056    -0.7342198491096497    0.01432723272591829    0.05280361093613244     0.1479025285859485      0.427936661211536      -2.82534085036245
                  26057    -0.3445647060871124    0.04290062934160233    0.05265350586267712     0.1465119618866144     0.7790026068077188     -2.238594797756034
                  26058     -0.295220285654068     0.4372116029262543    0.05252936197872823       0.14534821493644     0.1496113287292433     -3.898903666337816
                  26059    -0.3518830835819244     0.5717419981956482    0.05231520987530541      0.144521151941058     0.6246839627058393     -2.479490202829535
                  26060    -0.5604071021080017     0.8154776096343994    0.05144402205639959     0.1419145135425214      16.97799619651952     0.7879434777855745
                  26061    -0.2296245396137238     0.5326905846595764    0.05118330199212831     0.1411208223267932     0.1340829369468453     -4.063960784443895
                  26062      0.221585601568222     0.9283710122108459    0.05100184596253942     0.1403526223320996  4.724664886852863e-05     -12.02380282734313
                  26063    -0.7894487380981445     0.3476349711418152    0.05075135332144772     0.1394051033162624     0.8519400958543933     -2.235610485509771
                  26064    -0.5779390931129456     0.6061820387840271    0.05027615970605355     0.1378366990236083      35.95806622330082      1.486260267413937
                  26065    -0.5794138312339783      0.485420823097229     0.0497978618367474     0.1361749247112456      39.96562092860616      1.570238114592612
                  26066     -0.588590681552887     0.3678053617477417    0.04924040468240084     0.1343591253104717      42.25228519225348      1.601195402597101
                  26067    -0.5933547019958496     0.4763540625572205    0.04981687700298235     0.1353721920332734      74.60834688462552      2.188940363049158
                  26068   -0.07912947237491608     0.5771245360374451    0.04965815808819344     0.1345094612599401   0.002575242595714559     -8.094708119592786
                  26069    -0.3680360019207001     0.6506470441818237    0.04942694762585029     0.1335832070186074     0.4538344005484835     -2.934496384451044
                  26070    -0.9966966509819031     0.3465124666690826    0.04928814841342472     0.1327449463536403  0.0002920698191137682     -10.29209824403573
                  26071    -0.2952702641487122     0.4552332758903503    0.04915326449342566     0.1318714592104172     0.4035550490662727     -3.070365265671068
                  26072    -0.3925275802612305     0.2934673428535461    0.04900042879985829     0.1309869075676299     0.5672851199818278     -2.739660631134803
                  26073    -0.6599385738372803     0.6901141405105591    0.04831142156181802     0.1286998754278705      28.36464011728996      1.140600642107957
                  26074    -0.4861172735691071      0.639613926410675    0.04776701894442828     0.1267509566906573      21.03463732631417     0.8150362751959928
                  26075    -0.5270116925239563     0.5390368700027466     0.0472812177860641     0.1250746227661868      61.34812864257898      1.861894527024116
                  26076    -0.5969402194023132     0.6513603925704956    0.04673525199025704     0.1231517533491413      53.80258036922591      1.703543719094688
                  26077    -0.5900219082832336     0.1582857966423035    0.04643513919560679     0.1219106926181622      9.971012659039925   0.001333569583868359
                  26078    -0.4927402436733246      -0.17483851313591    0.04636989090544957     0.1211533637755106      5.700036980106099    -0.5655135911495921
                  26079    -0.7079570293426514    -0.1631417572498322    0.04638318338799108     0.1206281984843334      0.155253681700255     -4.172738613663249
                  26080    -0.4694596230983734    -0.5332586169242859    0.04614678506551097     0.1199952987291003      17.70676474101528      0.553532804216863
                  26081     0.1372234374284744     0.1853482574224472    0.04621730520704931     0.1201951472014364  0.0004319731374917115     -10.06437001693091
                  26082    -0.2370272278785706    -0.3602544069290161    0.04606155497369205      0.120255373183447      2.674113255114885     -1.336479734698701
                  26083    -0.2988741397857666    -0.4773100614547729    0.04597003985734654     0.1200827773037152      2.892599753384021     -1.261366952582176
                  26084    -0.5519189834594727     0.5214256644248962    0.04577002923088815     0.1191967457758866      78.35721343059591      2.025989166691327
                  26085    -0.5629768371582031    -0.1244970113039017    0.04571275915073132     0.1185721836641874       2.59033753361636     -1.390006250015318
                  26086    -0.7774428129196167     0.3794143795967102    0.04572981905948835     0.1179533957537893     0.6017129338930163     -2.854628436906852
                  26087    -0.7975031733512878     0.4552886188030243    0.04564344828433733     0.1175561310217851     0.5811512935455576     -2.894661959247443
                  26088    -0.5393170714378357     0.6647720336914062    0.04530087714433894     0.1165292145226975      77.25359334242637      1.978868024105019
                  26089    -0.5350108742713928     0.6020740270614624    0.04501832270093323     0.1155754284456924      88.85769589919964      2.104335310922139
                  26090    -0.4777882993221283      0.712918221950531     0.0446148518502788     0.1142944337188307      38.61119379986433      1.250693093042823
                  26091    -0.5410726070404053      0.573497474193573    0.04478681472140217      0.114525970857644      134.9735236446126      2.508100225227162
                  26092    -0.6085681319236755     0.4378564059734344    0.04439513118410968     0.1131504194879112      77.75840705552029      1.935760747723218
                  26093    -0.7054691910743713     0.4083233773708344    0.04424853844842863      0.112546351622761      4.825884274304495    -0.8525123316716874
                  26094     -0.496367335319519      0.451657235622406    0.04384237616859343     0.1112243301013878      57.09998852737628      1.597260099931599
                  26095     -0.566280722618103     0.6007376909255981    0.04356891734942413     0.1101747222125543      109.8061983991036      2.235434648222217
                  26096    -0.3191209137439728     0.7078543901443481     0.0435158622482355     0.1097323194648092      0.205790192627673      -4.04942246153572
                  26097    -0.6112925410270691     0.5647614002227783    0.04313086700361151     0.1085007454393639      86.49414385194237       1.97137885477122
                  26098    -0.7326678037643433     0.1634237021207809    0.04309721526650982     0.1080249266061011     0.2885722633535207     -3.736683170064354
                  26099    -0.4772616624832153     -0.523688793182373    0.04296912513711275      0.107919089579613      12.92502616220338    0.06133524640500192
                  26100    -0.1974921226501465    -0.2788397371768951    0.04287868475276632      0.108163541258215      1.784413501969222     -1.918584824520058
                  26101    -0.5042181015014648    -0.7066344022750854    0.04279160349463153     0.1082147061301215      5.556858526413039    -0.7842016996568262
                  26102    -0.4155193865299225     -0.396876335144043    0.04270526978637592     0.1078988878233633      11.33905851909896   -0.07592364826401192
                  26103    -0.4676861464977264    -0.4025878310203552     0.0425977570992304     0.1074687769866576      16.10093458047652     0.2681854674975256
                  26104     0.1442698240280151     0.1904174089431763    0.04256803687684511      0.107280064134587  0.0003888462698375965     -10.36547379694478
                  26105    -0.2977986335754395    -0.1048344597220421    0.04256125615209905     0.1070316322355818     0.8948526339967825     -2.626721262089974
                  26106    -0.2240502238273621    -0.2569453120231628    0.04251846179684957     0.1067391392880483      2.372528833954048      -1.65541112276163
                  26107    -0.2295060902833939    -0.1482311338186264     0.0424733873531973     0.1064074983469051      1.888605739369968     -1.887701211385896
                  26108     0.1139485463500023    -0.1539474874734879    0.04241925840794016     0.1061114281884476   0.003914594846410324     -8.070645035912417
                  26109    -0.4666809737682343    -0.2589727938175201    0.04228832169005923     0.1055908382691168      11.06834594648508    -0.1315219201204441
                  26110    -0.1713387221097946     0.1726000905036926    0.04223462799769996     0.1052607880535193    0.06986784728320879     -5.201162109018097
                  26111    -0.4481097459793091    -0.4892614483833313    0.04207448963581469     0.1045699606951423       21.1917144826078     0.5032144052025354
                  26112    -0.7706276774406433    -0.4623414576053619    0.04207398957549014     0.1041842215070407   0.001937976534117886     -8.800214267828066
                  26113    -0.7875553965568542    -0.5150420665740967    0.04204512479169631     0.1038266201495095   0.001106435856714177     -9.364839346005061
                  26114   -0.09251537919044495    -0.1575077325105667    0.04199008185946221     0.1034586260483453      0.410364678164977     -3.453797638691805
                  26115    -0.5573607087135315    -0.5824788212776184    0.04190661316197772     0.1030301557912005      4.319073051657202     -1.106187637255552
                  26116     -0.205858901143074    -0.5136708617210388    0.04183576566054102     0.1026621094318399      1.369176354636449     -2.260289737451927
                  26117     0.1925252676010132     0.1507838368415833     0.0417946970753217     0.1023028173703395  0.0003048502118519221     -10.67467714222663
                  26118    -0.2611792087554932     -0.478702574968338    0.04173832904053138     0.1019072515237993      2.471947752607952      -1.67920443885701
                  26119    -0.4853056967258453    -0.7376053929328918    0.04165046697958925       0.10144778988329      7.081824650671384     -0.633305356843477
                  26120    -0.4891937971115112    -0.5569642782211304    0.04144538553741522     0.1008020795651296      20.42153231386525     0.4144315735296691
                  26121    -0.1661701649427414    -0.0558488555252552     0.0413994113833905     0.1004325727614643     0.9581944177957494     -2.649645144460586
                  26122    -0.2965670824050903    -0.3024620413780212    0.04131667644311392     0.1000271543480575      3.209128709139416     -1.446986442499288
                  26123     0.1833660453557968      0.329757422208786    0.04129516117086927    0.09968829056431115  0.0002683615703354659     -10.84007560180861
                  26124    -0.6104329228401184    -0.6621801257133484    0.04127224710582921    0.09932695988307835     0.9235150518119575     -2.700654667778344
                  26125     0.1180514320731163    -0.1029521375894547    0.04123188820566549    0.09899407693735503   0.003620452581478661     -8.246578088130097
                  26126    -0.3688938021659851    -0.1424627751111984    0.04121449354397699    0.09862117143268948      1.790683194921722       -2.0470206529772
                  26127       -0.7731973528862    -0.5194820165634155     0.0411672804067223    0.09829698881993031   0.002078604387760375     -8.810115219472834
                  26128    -0.3120661675930023    -0.5301290154457092    0.04109400272408993    0.09792046199040672      3.313872279571119     -1.441558704537328
                  26129     0.1535938382148743   -0.05215879529714584     0.0410569656347344    0.09759926329032645   0.002364684701569751     -8.690973942932445
                  26130    -0.3981536030769348    -0.6594162583351135    0.04094159913303193    0.09712667191488709      11.06977796465784    -0.2473124600702276
                  26131    -0.3063986003398895    -0.1769046187400818    0.04086298991430008    0.09676684263931573      2.767526330256045     -1.639210749813677
                  26132   -0.05158469453454018   -0.01268799416720867     0.0408274729487394    0.09645510715029582     0.2796035338739215     -3.935643540716811
                  26133    -0.1150127872824669    -0.1636753380298615    0.04077423934371934     0.0961351348646491     0.9934647628480734     -2.672445147120085
                  26134    0.05389866605401039    0.02451368793845177    0.04073316472195125    0.09583114072197609    0.01551199711283753     -6.836205048281941
                  26135    0.04097937047481537    0.05306915566325188    0.04069596573526457    0.09552535295268531    0.02673980675753329     -6.295775091968549
                  26136     0.3024996519088745   0.001270233653485775    0.04066644529306247    0.09522491260816898  0.0001064258361841168     -11.82611109385838
                  26137     0.3175178468227386     0.2660294473171234    0.04062838823170135    0.09494090406651461  0.0001354125431415873     -11.58915670038411
                  26138    -0.6432169079780579    -0.6751284003257751    0.04059893763601953     0.0946485915895975     0.4397508718973578     -3.507327827305537
                  26139    -0.5145739912986755    -0.5528185367584229    0.04046946112631943    0.09410874857179276      22.72335020807821     0.4286978843482891
                  26140    -0.5061337351799011    -0.6007402539253235    0.04030537117091097    0.09353589057767789      26.16249545181164     0.5594630610959905
                  26141    -0.3108898997306824   -0.07579848170280457    0.04025471029223401     0.0932336685236111      2.035770123920299     -1.998483695466909
                  26142    -0.2483372092247009    -0.4618936479091644    0.04019597567526669    0.09289462925643416       4.42279203192437     -1.227689918484151
                  26143    -0.1135756373405457    -0.4631181359291077    0.04014757150709083    0.09260508389994471     0.4788508597249952     -3.455153904352778
                  26144     -0.856081485748291    -0.5566083788871765    0.04013696556265411    0.09234739103846601  0.0005255083563350302     -10.27298307814637
                  26145     -0.856825590133667     0.3444679081439972     0.0401782390036639    0.09223216964732663     0.2618606594115517     -4.062002050641922
                  26146     0.1288063228130341    -0.3037070333957672    0.04016878070983142    0.09202545000216683   0.005840166499409206     -7.867534520131314
                  26147    -0.4631901681423187    -0.5561417937278748    0.03995254032097071    0.09137064535352801      42.96628981229568      1.023338556482666
                  26148     -0.282808244228363    -0.4121942520141602    0.03995338927541495    0.09104920443098009      6.822850055356739    -0.8203029554586029
                  26149    -0.2111421823501587    -0.4567539095878601    0.03987771447916732    0.09073099392893826      4.905909788871915     -1.155536602495318
                  26150    -0.3930096030235291    -0.3650916814804077    0.03976757540250121    0.09029754648082508      17.47726250740858     0.1073691203409076
                  26151    -0.7752872109413147    -0.4333387613296509    0.03973787257645513    0.09004617290758669   0.006463879059354997     -7.798592206266297
                  26152     -0.722533106803894    -0.6033002734184265    0.03973267599062139    0.08978868854297591    0.03587323803132996     -6.087824605316161
                  26153    -0.4201647937297821    -0.5081754326820374    0.03953390912054095    0.08918879031010933      41.49387082511694     0.9537660386123959
                  26154    -0.2505187392234802    -0.4735358059406281    0.03945973580737484    0.08886470046226916      7.954741361715485    -0.7035298642015581
                  26155    -0.4903357625007629   -0.02317702397704124    0.03945890172781252    0.08866424219973845       1.81637493235778     -2.182734748456199
                  26156    -0.4593967795372009   -0.09297511726617813    0.03950724526422299    0.08851555370859794      4.136510382570552     -1.360178917842039
                  26157   -0.03214821964502335     0.3964026272296906    0.03953910705769399    0.08837243145651408   0.001474250582502392     -9.300449015756179
                  26158    -0.3529358804225922    -0.2182379215955734    0.03954812455655169    0.08814254068951617      4.751543268231543     -1.224750789667732
                  26159       0.12141402810812     0.4898109436035156    0.03957441817636797    0.08796409632898225  0.0002002778794589846     -11.30038693128107
                  26160    -0.4643833637237549 -0.0001395274448441342    0.03958926915240896    0.08777959494507814      2.450668545317283     -1.889945778337819
                  26161    -0.6895021796226501     0.4121445417404175    0.03951240175334334    0.08744770664332099      17.62381358986073    0.07721278812951714
                  26162     0.1623876988887787     0.1531969606876373    0.03951203703779552    0.08728999943449058    0.00127507340657679     -9.458604077021343
                  26163    -0.5205713510513306     0.7780256867408752    0.03931146530692581    0.08691292542130739      70.99830237872592      1.459385129584946
                  26164    -0.3495676815509796     0.7121087312698364    0.03929083017729579    0.08699247850752556     0.7803215033941524     -3.050930248241277
                  26165    -0.3431605100631714     0.7566462159156799     0.0392451454321093    0.08709366984331329     0.7483133588922968      -3.09281531374611
                  26166    -0.6247014403343201     0.7611046433448792    0.03905610041378472    0.08665920537489416       56.2864624663893      1.217742572519933
                  26167    -0.1898643225431442     0.6861059069633484    0.03901899529550933    0.08661047582782426    0.03305805861962967     -6.223714360263022
                  26168    -0.5913458466529846     0.6620253324508667    0.03888400158299014    0.08637053290149756      154.3519195424284      2.218770834428502
                  26169    -0.5135517716407776     0.4439230263233185    0.03868392280277363    0.08585433714469431      99.16409658754422      1.765158395917979
                  26170    -0.4629997313022614     0.6505877375602722    0.03851689677549051    0.08546602925452168      46.24543255635957     0.9934848925089578
                  26171   -0.02590575627982616     0.7510364055633545    0.03848436983777206    0.08531377635336293  0.0004822655386426147     -10.48012137041908
                  26172    -0.1995072364807129     0.7764265537261963    0.03843915787654228    0.08515434334458429    0.02526315380647555     -6.524560037390194
                  26173    -0.1617855280637741     0.5598128437995911    0.03841180932546884    0.08500282839895749    0.03378286414359318     -6.236445916665124
                  26174    -0.5444119572639465     0.5241734981536865    0.03840677735181577     0.0848953003146696       200.608029766151      2.451311765608365
                  26175    -0.3435038924217224     0.5904387235641479    0.03837998986164021    0.08470050657584517      1.049301774011773      -2.80491103693625
                  26176    -0.1610794961452484      0.970414400100708    0.03836094504041579    0.08453439391932682   0.001020138304992433     -9.743312513431215
                  26177    -0.5847976803779602      0.652173638343811    0.03831939814255386     0.0842990074140612      199.1393079129475      2.434637145287051
                  26178    -0.3390296101570129     0.3128558695316315    0.03830137925072288    0.08411477496958981     0.2812286531408849     -4.130612897750068
                  26179    -0.3937782943248749     0.5005810260772705    0.03824427713457489    0.08388715952711255      3.774578760752126     -1.537938533272821
                  26180    -0.3654889166355133    -0.1525241881608963    0.03826193144578068    0.08371239403965398       3.52943379136132     -1.606713864308492
                  26181    -0.6123550534248352    -0.3746744394302368    0.03827242455998087    0.08396105620083419     0.8707421406157998     -3.003020481259537
                  26182    -0.3444147408008575    -0.4639476835727692    0.03824172413089687    0.08407477656284283      10.84502890168481    -0.4803532281110851
                  26183    -0.1300848722457886    -0.2115518003702164    0.03822353095236977    0.08426509717426708      1.592673612282143     -2.396860622832298
                  26184     -0.424877256155014    -0.4699511528015137    0.03811937311124374    0.08404778821000052      46.91179312795688     0.9806834626485386
                  26185    -0.3414116203784943    -0.1961701065301895    0.03811841790718169    0.08403038798856921      5.059678000794482     -1.246514896440535
                  26186    -0.4496939480304718    -0.6088467836380005    0.03798945058820607    0.08376295479967749      46.62324561502501     0.9677047860328166
                  26187    -0.6396880745887756    -0.4225521683692932    0.03799074641903159    0.08370892324121197      0.402698751873257     -3.784572125783576
                  26188    -0.2659668624401093     -0.109673410654068    0.03797867273338101    0.08362225536888936      3.020558082928301     -1.770917746159178
                  26189    -0.2805170714855194    -0.2287411838769913    0.03796157362894803     0.0834612321120234      5.994424034304443      -1.08790743637961
                  26190    -0.9251416921615601     -0.163263127207756     0.0379866987531424    0.08329978760516245  0.0002842309518373188     -11.04573518620037
                  26191    -0.8362330198287964    -0.1559314578771591    0.03801943034715351    0.08313415122956269    0.01631942382701711     -6.996540109586366
                  26192      -0.40169757604599     0.1176604777574539     0.0380273040621764    0.08295179199052538     0.3883938035864232     -3.828865258723593
                  26193    -0.6135205030441284     0.3415193259716034    0.03789883904497915    0.08249789605439392      57.18310287675237      1.154257909032242
                  26194    -0.2563528716564178    -0.3570843636989594    0.03791296068534451    0.08228628644734298      10.41329019078631     -0.551113429192195
                  26195    -0.6576284170150757     0.2558874785900116    0.03794649457185492    0.08206282461637304      14.00026552151304    -0.2569552787041771
                  26196    -0.3035151362419128     0.7065672278404236    0.03795706460744406    0.08210237124873598     0.7563868512378028     -3.174473596692541
                  26197    -0.3874911069869995     0.5803590416908264    0.03791709014143844    0.08211740024171747      5.493764538790236     -1.192528211518878
                  26198    -0.6491946578025818     0.6179144382476807    0.03773727751307371    0.08173874934330864      98.78014352638434       1.68737937340081
                  26199    -0.5301399827003479     0.7585750818252563    0.03756495847149068    0.08137381645373436      118.5797387264337      1.861017039643926
                  26200   -0.08635507524013519      0.586692214012146    0.03753932428671485    0.08129598713436814   0.004930599456345637     -8.228502828635815
                  26201    -0.5829949975013733     0.8253871202468872    0.03738608109000014    0.08090718020609135      74.23639861237294      1.382161811565481
                  26202    -0.1854007989168167     0.5075013041496277    0.03736181429303229    0.08081187510409515    0.06406489168856545     -5.674779489869605
                  26203    -0.5876455903053284     0.5403755307197571     0.0373757403615516    0.08076460838858812      235.3375420336646      2.533887716092506
                  26204    -0.2732756435871124      0.251197338104248    0.03737679835426724    0.08062134446546887      0.178088230249219     -4.654356406424468
                  26205    -0.4684699475765228    -0.6506056189537048    0.03729546907535766    0.08047075900256835      40.00676836252254     0.7561205601900259
                  26206    -0.2895217537879944    -0.4196982383728027    0.03726241889710281    0.08054491991350386      10.47890660133997     -0.583529147533672
                  26207     -0.534818172454834    -0.6889731884002686    0.03721701320284895    0.08054279119891973       14.3391568396341    -0.2711451642441046
                  26208    -0.1222479268908501    -0.6713088750839233    0.03722774373329506    0.08056180767144153    0.07520163924981717     -5.521197091823726
                  26209    -0.4977501332759857    -0.5672990083694458    0.03713293647611211    0.08032713964380409      49.08508677681554     0.9544733387566836
                  26210   -0.04496873170137405    -0.2288496047258377    0.03711893725354116    0.08029363053689667     0.5275073500489466     -3.579468717196472
                  26211    -0.2831035852432251    -0.4293364584445953    0.03710925939434344     0.0801499811442983      12.84074037956091    -0.3893046914702062
                  26212    -0.4306305646896362    -0.1754112243652344    0.03709361744838423    0.08002512644948252      6.640723303699368     -1.050687338468631
                  26213    -0.4767274558544159    -0.6422534584999084    0.03697610030543575    0.07974673242681397         53.23463276622      1.024142899091684
                  26214    -0.7360599637031555    -0.4143818318843842    0.03694897553812584    0.07965783328692437    0.02084968139354469     -6.822832124148557
                  26215    -0.0845719650387764    -0.1844331473112106    0.03692299226068971    0.07953344834762702      1.216607774137613     -2.758615218122117
                  26216     -0.169140636920929    -0.2329551130533218     0.0368906176960694    0.07939121315372677      3.002047571039109     -1.858054279835085
                  26217   -0.03793487697839737    -0.4149286150932312    0.03688712135454515    0.07926676120246801     0.1447986891933638     -4.891423299706593
                  26218    -0.5323806405067444     0.4941273331642151    0.03682387782302127    0.07898289232053089      199.4635712367642      2.331315572431955
                  26219    -0.7921133041381836    -0.2411808520555496    0.03681588340427701    0.07886134455426036    0.02844581584081117     -6.525827467016849
                  26220   -0.07513787597417831    0.04421526566147804    0.03683598333636529    0.07873343310533079     0.2842724855440011     -4.224972798535558
                  26221   0.002861334942281246   0.005549181252717972    0.03686807421923809    0.07861235775263044    0.07988047740922173     -5.495042715908391
                  26222    -0.8585070967674255    -0.3737161755561829    0.03690213014105281    0.07848038101686999    0.00188359290794933     -9.243150069444569
                  26223   -0.06633353233337402    -0.1092221438884735     0.0369003936060354    0.07834246762409165      1.091282842228442     -2.883027843510875
                  26224   -0.05938869714736938    -0.5056003928184509    0.03687823566786437    0.07824330782222642     0.1341373861737742     -4.981139685513624
                  26225    -0.3770506680011749    -0.1757382452487946    0.03686704312589455    0.07810590770988002      5.863643766290301     -1.205538889578398
                  26226     0.1303392052650452    0.06509554386138916    0.03685726745823906    0.07798760772976249   0.003898934168659948      -8.52314310963123
                  26227    -0.1498065739870071    -0.3643226027488708    0.03684356368271412     0.0778568621344653      2.603288941387665     -2.021365207835039
                  26228    -0.1475083231925964  -0.004505856428295374    0.03684362172809674    0.07773330594361791      1.084639168481816      -2.89848011392152
                  26229    -0.1076236516237259      -0.44423907995224     0.0368303402362845    0.07760671270081236     0.9096701746579607     -3.076391106507951
                  26230    -0.5997027158737183    -0.2884871661663055    0.03680863408792139    0.07747547006870979      1.069124407163014     -2.917159998628456
                  26231    -0.4266890585422516    -0.3639354705810547    0.03671040593853222    0.07719683839367905      38.43947910488964     0.6588099796556742
                  26232    -0.3593528866767883     0.1467236429452896     0.0367398941357507    0.07712133997439559      0.374336210923781     -3.973051513689264
                  26233    -0.5089851021766663     0.2404724955558777    0.03675640250344073    0.07700215091696302      10.25272069406962     -0.664004924019183
                  26234     -0.289464920759201    0.09788117557764053    0.03677139688085621    0.07689058941109939      0.486732417543966     -3.712630790261247
                  26235    -0.6112551093101501    -0.1599329113960266    0.03678039104068345    0.07680767701584455      1.129852264629122     -2.871337479449672
                  26236    -0.4413011968135834    0.01243587769567966    0.03679154134506375    0.07668156942298086      1.957958656056976     -2.322862034031441
                  26237    -0.9013180136680603    -0.2676742374897003    0.03681034880804396    0.07657127467874546   0.001499184736470153     -9.498526613842529
                  26238     -0.494686484336853    -0.2658881545066833    0.03678799235212069    0.07639907334579975      14.44454293903078    -0.3282350554464089
                  26239    -0.3992538154125214    -0.4380756914615631    0.03672153666307348    0.07612712907628374      44.83791990658961     0.7991285030247733
                  26240    -0.1654939353466034    -0.1443170011043549    0.03672662801605395    0.07602390466449696      3.109641070774041     -1.870636626581411
                  26241    0.08195635676383972    -0.2016072422266006    0.03671307197173922    0.07593242125866101    0.01040139547509185     -7.572532486292643
                  26242    0.06382083147764206     0.1749176234006882    0.03671275528233226    0.07582666301077109    0.00829097454942887     -7.800707335570076
                  26243    0.02565169706940651    -0.2699030339717865    0.03669634751118038    0.07572981052710762     0.1069997558944496     -5.244773429127302
                  26244    -0.6732369065284729    -0.4714181125164032    0.03668849882426367    0.07563178581652955     0.1944869711235807     -4.648743951802587
                  26245    -0.2905352711677551     0.3687060475349426    0.03669841013798122    0.07552783644776531     0.3591120400921975     -4.036579944848508
                  26246     -0.379239022731781     -0.341984748840332    0.03665979173431275    0.07532145825807025      29.21616636812056     0.3584740129743842
                  26247    -0.2827018797397614     0.8112359642982483    0.03667236848115493    0.07524324033181069     0.3072025650133471     -4.197192100573444
