#! FIELDS time deep1.node-0 deep1.node-1 sigma_deep1.node-0 sigma_deep1.node-1 height
#! SET action OPES_METAD_state
#! SET biasfactor       12.02723625380408
#! SET epsilon   2.008904905162975e-06
#! SET kernel_cutoff       5.122093479753262
#! SET compression_threshold                       1
#! SET zed      0.2496908272642575
#! SET sum_weights       1178.363704191336
#! SET sum_weights2       5137.830967712363
#! SET counter  992
#! SET adaptive_counter  500000
#! SET sigma0_deep1.node-0        2.26980668779529
#! SET av_cv_deep1.node-0      -3.884369557780694
#! SET av_M2_deep1.node-0       21033932.67152682
#! SET sigma0_deep1.node-1       8.125919676434606
#! SET av_cv_deep1.node-1      0.9138188397413506
#! SET av_M2_deep1.node-1       35907690.04270738
                   3000     -1.200766809775005     -12.63536842299064      1.019430396907648       1.48643882570904      1935.951273357461
                   3000      2.400522902095454      6.380951002575778       1.02883214668919      1.468559685914985      122.7952897182059
                   3000     -10.32367017809928     -4.774946988608251     0.9387662662279147      1.278958295858178      1.332677130007258
                   3000     0.3947161559135711      10.00890957419575      1.002714201799412      1.358004096130478      448.6122490914544
                   3000     -5.234104492462303      13.21346681399334     0.9324932784752287      1.384754284791035      859.6842274268795
                   3000     -6.676552158160529      7.356623161862672      1.222664279709655      2.153962197911033      81.39826971006315
                   3000      -15.9472502781245    -0.1724914137990131      1.047739847143273      1.582995969592203      14.49295213401043
                   3000     -2.146674503615383      12.21059012860329     0.9928875894536507      1.385252835989101      1251.552162763003
                   3000     0.3990660102455137     -11.83872845927149     0.9193420014491367      1.383301690736472      1460.413120796934
                   3000      4.146475191183783     0.1495547159429627      1.136458264255203      1.689223343431034      245.2823677481312
                   3000     -3.642034841528567     -9.454443308360966     0.9615073373702309      1.511225178932121      44.62184775068094
                   3000      -12.6843761444239      3.526963106260552       1.07351394137622      1.676611941163354      13.62646292053769
                   3000     -14.84127262534968     -1.450186844859124     0.9563833414296783      1.475246027236741      9.368797661630261
                   3000     0.4864274588295719     -7.683289834877262      1.010112517357297      1.390477251805562      334.1982464725396
                   3000      7.741246034343731      2.288052953561318     0.9616919831901094      1.500305123621279      3.695002553299059
                   3000      4.117459793914211      2.748097142026171     0.9479401947258349      1.358204437615221      285.0112110418916
                   3000     -18.68357162897583     -3.567679114326196      1.018766542131773      1.468863637669277      8.004081959593254
                   3000     -3.633069446400572       7.90538560833417     0.8777968022842877      1.238883922774059      169.1563269956391
                   3000     -5.551797432690865     -4.632481431667976     0.8798647618989193      1.613516372945118      7.338629695168486
                   3000     -12.43598636634087     -7.023697924608586      1.036427108411968      1.594891297344993      1.393890988760798
                   3000     -11.81307701452833     -2.254916343287925      1.045224039095989       1.32612993182859      4.498576507147336
                   3000    -0.9579971334057693     -10.40914838148136     0.9084984418772751      1.291504293569368       718.142188136545
                   3000      2.732708002236513     -4.130532228690273      1.030691593527182      1.544558161651753      251.3683438053262
                   3000     -9.451406955653949      5.043836102784923     0.9974814803670959      1.343336080959725      13.48769047994876
                   3000     -10.38406424672417     -9.338477216503547      1.131648913507356      1.669398762214976      1.159443833033298
                   3000     -3.674854254763534      13.83876801478909     0.9720081890730532      1.289849663727126      3332.038584332498
                   3000     -2.520709676763575       5.06333496139602     0.9440913807031168      1.316551107858041      15.40787915793253
                   3000     -2.302944840600258     -4.693731565256082      1.136764722625536      1.509408665843612      15.94063320524041
                   3000     -15.08879353823022     -6.638319138944271      1.121642195661849      1.364617697303733     0.8357612956209638
                   3000    -0.8758683873622702    -0.9076386443385476     0.9645142299093756      1.335048476234408      17.13682272549907
                   3000      -7.57384294587921     -8.318505092940811      1.132010776452249      1.454252959229537      3.891738190797964
                   3000      1.859243069479082      2.191413949501097     0.9921584085107384       1.33547170985416      62.00331551014131
                   3000     -8.439508244851261      8.316966306682078     0.9190540841691479        1.2193678837509       52.5901953295133
                   3000      3.046340640221125       9.70039103193127     0.8705036324850272      1.300192825667931      88.23432265419514
                   3000      -10.7536590016199     -1.517732457850871     0.9793534657339554       1.39111666138175      2.240170663407171
                   3000     -8.051093852951499     -4.620584869059797     0.9609418169222705      1.358329035803206      2.657747423667668
                   3000     -3.672196551285905      1.855481922858718      1.093594792498405      1.397682235889933      9.356280074416524
                   3000    -0.7693575158813033      6.489725129081614      0.946725107282176      1.389887118167429      89.22725863137397
                   3000     -1.295103033465489      14.12368785220661     0.8867332483933172       1.19970797899292      658.6360604756424
                   3000      -6.93775651339189     -15.00135015202568     0.9457221646046191      1.368147261903994     0.5234485676806806
                   3000      4.339965372778243      6.136887969375256     0.9059570885691126       1.24556152004957      123.4725684756088
                   3000    -0.3317780696848903      13.40079738513477     0.9176969961592473      1.169077694312236       470.334263413454
                   3000     -15.66917661671954     -5.169682121780077     0.9267247424629408      1.261695913042046      1.150890813821253
                   3000     -5.095071172435119      14.67113996024253      0.858226981176497      1.173514080485758       572.979909112628
                   3000     -5.934147992975422    -0.2092109072264764     0.9486450190207228      1.373204846345261      4.057972523444395
                   3000     -2.958634975663591      -2.59816781467569       1.01567814091968      1.406609091342544      7.894364964748833
                   3000     -12.33106354950151       6.16226106485063     0.8800871098555392      1.311086770720921      4.435662033206676
                   3000     -3.847805195735134      11.98002467617828     0.9245458516405312      1.213111617455898      1277.246944174839
                   3000     -17.22411392609028     -3.384569878808045      0.895934139602496      1.379467070137751      2.973976702534281
                   3000     -5.847745916905107     -8.996146642610642     0.9207142080016631      1.285650087885081      9.822869982881221
                   3000     -3.008039943732001      10.41397110170002     0.9100893117881682      1.295374144778654      814.1046276535599
                   3000     -2.671499186241315     -14.26964187089675     0.9162445902580716      1.232865879531452       493.305294656508
                   3000     0.8481974213630944     0.8160369536636467     0.8204808464513071       1.26579140072135      34.28214174591501
                   3000     -20.18572249723878     -4.277949851506337     0.8439991024034444      1.191952021029514     0.4195633169331448
                   3000      4.698826664405243     -2.211324637403439     0.9071652134469376      1.199346452601546      24.95186579474924
                   3000      5.524889124228546      1.591201068313871      0.831342052190239      1.345552523689068      177.1323942008414
                   3000      1.975140916596416     -9.729331280703079     0.9533878133173115       1.18684992299916       155.541505629574
                   3000       6.50157278248088      4.006960120508188     0.8674883674724033      1.204712453452239      36.91171073266571
                   3000      1.524907165115879     -4.679998690161495      0.909286237723493      1.358458804504009      90.53623453906587
                   3000     0.6773844287238563      2.983069146710964     0.9358171271660646       1.25226526313141      33.51476764523622
                   3000     -11.50670773237106     -4.392152084353159      0.893017228927125      1.282150704346054      1.487737824036987
                   3000     -9.687211036682129      1.009527206420898     0.9573927788694701      1.402273730277174     0.3425244710949024
                   3000     -9.798060766791158     -13.15935987289368     0.9447252394985564      1.186976943477686     0.1055252875785436
                   3000      -8.12910481635299     0.8081360772102864     0.9094814955291621      1.336357972709971      4.044369981068212
                   3000     -15.91722774691796      -8.31300833125227     0.9184082030911833      1.316991362054433     0.1229873416606927
                   3000     -1.452393593452902      10.46564204716633     0.8681977077544046      1.316706735145146      523.3569419392275
                   3000     -3.085523347002538     -12.88393239305498     0.8775816694727218      1.186841041236399      294.4829877198581
                   3000     0.6012558650610363      8.006523511846414     0.8879110270880491      1.256262531778303      58.57984274168872
                   3000     -15.56396321281634     -3.553271751643857     0.8549752786169134      1.115465099067108      6.757254913275082
                   3000      2.968863308974628     -1.703017629412219     0.9223990733678378      1.200847262287898      326.6853652319891
                   3000     0.5012568287015682      16.01707883906306     0.8715717748239872      1.361822945822781      14.55329333807437
                   3000     -7.573527004222989     -11.11138145371014     0.8403105217949195      1.228113252439383      4.125034989352964
                   3000       -10.833102995972      1.758588194388995     0.8811150856413382      1.295103717695252      5.333220202397782
                   3000     -1.164752449671158     -14.31003939284962      0.837102769870147      1.104165247408875      880.7156811650051
                   3000     -5.863193988800049      -15.0590763092041      0.911629678325702      1.310973603756878     0.2424139213133928
                   3000     -7.017616411408603     -5.012960539490789     0.8676350612585538      1.235687374378257     0.8285928469620655
                   3000     -4.340584888757488     -13.03977067682621     0.8267641668350345      1.106246356762581      57.55051603305593
                   3000       2.94893937752748      1.045852146242908     0.8099629259989247      1.067522608629365      122.2127019032281
                   3000    -0.7965948534474642      16.50982142518672     0.9070474237196791      1.237259354525367      36.23881843675993
                   3000     -14.71116101983461     0.6431163031026127     0.8822913513289981      1.231875203141725      5.961480344426751
                   3000     -6.818093558703309     -1.286009906312562     0.8916595870315493      1.273115086063261      1.197147060580783
                   3000     -5.197112083435059     -16.02899169921875     0.9025289512821444      1.280200598077401      1.249056799926772
                   3000     -2.303692524123265      15.12440220744694     0.8267444210021375      1.165494409680286      423.6119409732682
                   3000     -6.682448378524208      3.007656132264001     0.8853508259031461      1.167107170323925      4.481302891992707
                   3000     -8.762748718261719     -14.25009822845459     0.8937382230158858      1.263869768899709    0.02642328907301275
                   3000     -3.753046415671241      4.918544954712326     0.8666941520077293       1.15950216585103      19.19373687132443
                   3000     -1.111439666104132     -7.748746226546399     0.8166452438166359      1.138825053061853      45.25876207208704
                   3000     -8.422347794697091      13.11436455614617     0.8407021393123179      1.142607100433922      5.619167847886014
                   3000     -3.444780342609903      -6.12828810793393     0.8526764625083924      1.192024731695889      3.854794135783962
                   3000     -2.040153051490233      6.957020792224837     0.8719932996360324      1.132748558952008      68.66015128098033
                   3000     -12.92153616418988     -4.909131545079036     0.9128883019755265      1.089566328339138      1.828549991259187
                   3000     -20.16471290588379     -2.572054862976074      0.878610256930896      1.233510588640847     0.3511131970115421
                   3000    -0.4229711623516217      1.413023809323888     0.8386692452236708      1.223134365177019       3.94830964859623
                   3000      3.142501318549186     -6.465665593215842     0.8679978703753383      1.212737016727507      49.68128430831022
                   3000     -8.926713219445334     -8.311878133221017     0.8246488889386574      1.185131963869162      1.162886250117184
                   3000     -5.859829318730331     -7.315976613822023     0.8401556437230119      1.119025693985945      7.450645903001883
                   3000     -14.95938139290389       2.77469048116185     0.8768948866412694      1.151033472246662      2.737018640918169
                   3000     -6.457184692351746     -11.16888658651601     0.8095388696270595      1.153984875270614        5.3490074435624
                   3000     -3.445078153735198   -0.02676599274534414     0.7934595745165993      1.152628309882103      7.257451872292533
                   3000     -5.012165133894115     -11.08848289638846     0.8190448535895926      1.113799517905845      21.40367430718703
                   3000      -2.12762705434022      1.281539502929212     0.8245968869846581      1.159625313238368      6.629908501802448
                   3000      6.367965221405029     0.4756371974945068     0.8476784137826825      1.201611109824673      6.387403239891002
                   3000     -12.53060531616211     -11.20925712585449     0.8470726679644565      1.203726973668589    0.04082126869012505
                   3000     -13.83658133436592     -3.907959533533947     0.8075036785628336      1.116258484494185      1.632082184906298
                   3000     -10.33425512598718     -6.562912239698108      0.847547132187389       1.06886295386436      1.107288949763764
                   3000     -5.445058313777038      2.351371439113139     0.8745898766612233      1.147148375887225      5.907868656581076
                   3000     -4.901857913581242      11.27598528294682     0.8221431116624952      1.072722821144875      299.9125758035443
                   3000     -2.477092866506497      -10.2406318945844     0.8380668612664427      1.119126704006643      132.2653159472606
                   3000     -7.384975703488643      11.99494000771683     0.8261953234663715      1.144100989984645      70.81913210954561
                   3000      4.435080932781317     -5.514583994272225     0.8045863068510081      1.186395435308076      12.81798194655779
                   3000     -4.084643303134764      16.02809753958499     0.8126856911225542      1.068919737730547      240.5674501561319
                   3000     -8.068028615891082     -2.059825625585202     0.8495103776182238      1.114089754152916      3.043065403696202
                   3000      1.667689507765473      10.52186423952572     0.7899503130033523      1.122888278046248      172.7282105360139
                   3000      4.354831505888228     -3.865919112299622     0.7890352462718039      1.073301633766325      26.57843140395721
                   3000     -0.205339789390564     -1.787755846977234     0.8281539182433818      1.158451323225062      1.785205619524547
                   3000      5.107021331787109      8.481717109680176     0.8254333302555826      1.154707273480765       2.08013751837372
                   3000    -0.2379137713228582     -5.563683445686692     0.7916890637966799      1.096657847793922      34.01155883450678
                   3000     -5.035684117130828      8.108617647464348     0.8284970052431403      1.172957590290568      36.36974506232515
                   3000     -8.930761051598761    -0.2661682743569755     0.7908690901064713      1.075199030395178      1.216242749537572
                   3000     -6.884576112751697     -6.746612699181366      0.804480660826672      1.063902991577511      2.995438633640235
                   3000     -13.51470186817353     -2.791898433227586     0.8133419817407769      1.063211281006328      2.101944899177455
                   3000      3.198105225652523       4.47179988440393     0.8356340893127786      1.124354457201171      51.49380231942576
                   3000     -4.503795228397907     -8.009165819657259     0.7950635288509108      1.096367868058659      14.01264199382294
                   3000     -20.16233253479004    -0.8791923522949219     0.8167779663507632      1.126415117933936     0.1412730521543683
                   3000     0.7300386866743087       11.6926170983103      0.836613815363194       1.09061863139613      265.5007175511134
                   3000     -9.047586879017308     -2.648736829828006     0.8137734625683458      1.109029356325982      1.157576095360069
                   3000     -6.766221523284912     -3.478618144989014     0.8118687081079075      1.121807812999447     0.5514189521936381
                   3000      3.727825462377158      7.919854569800249     0.8503297556038625      1.066155949160848       17.0388182525009
                   3000      -2.13494193215695     -1.205915153218322     0.8255302781694964      1.067419171372856       3.06484839085652
                   3000     -7.028260231018066      14.49631977081299     0.8080781221467442      1.116166712813284      12.20738011621838
                   3000       6.87217570654486      5.160399496509359     0.7785673846759282      1.051834657412174      4.856844194851882
                   3000     -17.83846282406514     -5.344873607606498     0.7979051066192513      1.100765174559674      1.628492476602167
                   3000     -9.597221374511719      3.034083366394043       0.81054456551774      1.111283888302979     0.9681715997103765
                   3000      -6.32474946975708      4.404918670654297     0.8077264881067926      1.107774657705246      3.307365252133284
                   3000      2.229889869689941      13.43014526367188     0.8088048162735511      1.105463021982861      3.466625733378001
                   3000     -11.03393745422363     -11.85132312774658     0.8067445655913793      1.103529145356533    0.07292942587176413
                   3000      5.170956060309316      4.740588249886177      0.791596214291555      1.068218430077377      28.15497349994913
                   3000      4.180698871612549     -8.462922096252441     0.8016906856465001      1.098333160227788      1.843786350748689
                   3000     -5.223032282220425     -1.751983443009642     0.7924258635839702      1.053024487276972      1.484343621640454
                   3000     -11.29902076721191      3.725771903991699     0.7968808942723534      1.094794467439537      1.352681169767244
                   3000      1.493065118789673       -2.4921715259552     0.7918996958703964      1.090029513285282       22.0707199579365
                   3000     -10.51761788938934       8.91814225062374      0.785710822417569      1.070810849365691      1.837543649929884
                   3000     -8.908037367255359     -6.755518351778396     0.8183517743685519      1.041183861769988     0.9152569742521249
                   3000     -4.824971959574157       4.60140032023197     0.7866921761119831      1.125530257018316      10.81246814842123
                   3000     -3.898461489435578     -3.642695679252182      0.780070091024471      1.058437146661624      2.897713046119391
                   3000     -1.059218841607017      3.552006026946499      0.773866928205636      1.082736336301222       13.4557547899329
                   3000     -13.82092666625977      1.184732913970947     0.7907603036653772      1.067642936543379      1.070053398006251
                   3000     -7.002721309661865     0.1832137107849121     0.7923324932529121      1.064919853263697     0.6788580166973762
                   3000     -11.32166481018066     -8.411831855773926     0.7922378037166963      1.065251464948156     0.2237327503845203
                   3000     -18.58350039734655    -0.4453265079996687     0.7713448913328363      1.071968053878487      1.151977148410842
                   3000     -6.165680933771563     -13.58853349969564     0.8296400573493639      1.078781383530828      1.533070698542847
                   3000     -3.013843925665221      6.337215519272919     0.8412290246470351      1.026235744001968      22.57136941622009
                   3000     -12.72444138368942    -0.7135281080478448     0.8466934551473246      1.071795448375061       2.78322134892533
                   3000     -13.88072697077221     -6.185537793936097     0.7854818982565888      1.019075233756714     0.9718008174994353
                   3000     -11.43799304962158      9.864522933959961     0.7848893023908557      1.049386822581422     0.1481209898946736
                   3000     -8.927687364052806      -11.1509215077243     0.7785022046075684      1.083905887388182     0.5456252556840058
                   3000     -17.69194030761719     -1.980518817901611     0.7840604588533074      1.045483592491969       1.11020723675162
                   3000     0.2422022223472595     -2.821398735046387     0.7812551075153125       1.03912192590865      5.622642223558914
                   3000     -11.10459136962891      8.006361961364746     0.7780447328022934      1.034577571322601     0.5914610291971669
                   3000      1.303182694696702      6.945260978577234     0.7784499410424057      1.075947033214351      56.54004293573141
                   3000      4.243827342987061      4.485744953155518     0.7755437174448551        1.0311525654633      23.88318564408669
                   3000      1.477502703666687     -6.852561950683594     0.7757479410696694      1.031002166051001      22.03561079418288
                   3000     0.2898191876563238      4.492707732513149     0.8396156403240598      1.057488246407236      20.58651577800773
                   3000     -2.483066558837891      -12.0452709197998     0.7745788765523129      1.030000700578274      96.62517835685307
                   3000     -8.028976251945549      2.771789429361348      0.796272232218158      1.031861098704226      3.101512818538869
                   3000     -16.49415026728211      1.597451917163981     0.8195693794442668      1.010408847309812      2.103403836252507
                   3000     -16.81026546251558     -5.334480763939887     0.7669922551930995      1.013170176763589      1.184115365413652
                   3000     -17.07313919067383     0.7231311798095703     0.7696171765455209      1.020185695660865      1.109856327253061
                   3000      5.700874923799723      9.543420893916851     0.7944927220019989      1.021042047437455      1.131136475133276
                   3000     -1.308090209960938     -3.747083187103271     0.7672111984964195      1.017941277314676      2.061576308788893
                   3000      8.147187232971191     -4.779434204101562     0.7638682139891956      1.013599395424262    0.00253185219476944
                   3000     -10.13515567779541     -11.90890312194824     0.7648107944231515      1.014268335970219    0.09881801760952102
                   3000    -0.5911989804053744      -8.98204808552601     0.7761295782459773      1.023607832781189        115.27571717357
                   3000     -3.605734348297119     -11.87895774841309     0.7630636272100491       1.01080413454708      40.83872400478045
                   3000      1.370652437210083      4.316396713256836     0.7617548846923374      1.009603815262037      7.951985769753888
                   3000     -1.815570592880249      8.417788505554199     0.7611488744794832      1.008561687272407      39.88538475780947
                   3000     -7.578940580028434      5.365731962793991     0.7612711834844512      1.078244770439126      11.53929230692534
                   3000     -2.604234457015991      13.35094451904297     0.7586471797268481      1.004492061711169      207.2550180436701
                   3000     -10.80241623197456     -3.068312605247565     0.8116556377297323      1.003144038112251      2.161131530896901
                   3000       5.30483341217041    -0.4185943603515625     0.7564318434971026      1.000232531529683      23.81529079441703
                   3000      1.319406509399414       13.4562463760376      0.756019816271321     0.9998057379300739      19.50343993649918
                   3000     -6.162417411804199     -12.45779418945312     0.7558410782685767     0.9990872583171464      1.463828490225533
                   3000      -8.84245777130127     -5.462775230407715     0.7556473755559353       0.99861000933118     0.4531585701898976
                   3000     -4.631308921804282      9.483032706890718     0.7733748685056014      0.985968837088944      74.41960833125239
                   3000     -13.89596557617188      -8.63121509552002     0.7534271675351824     0.9909567519843164    0.08573352094807503
                   3000      2.444955587387085      8.419490814208984     0.7509420664129929     0.9890055038470984      16.26116293609578
                   3000     -8.891929626464844      3.590172290802002     0.7506233657752323     0.9879577725430201       1.74345956800652
                   3000     -1.359177708625793     0.7345538139343262     0.7494670370401056     0.9877936052074814      2.024818392065164
                   3000      1.764663696289062      16.58969497680664     0.7483309224074558     0.9862250807448683      1.025024149939973
                   3000      5.822988510131836      5.578804969787598     0.7483947953150425     0.9859102959808259      7.720071885387406
                   3000     -10.70904064178467     -7.534113883972168      0.749174260113834     0.9844262225355024     0.3151901721931048
                   3000      -7.39921236038208      9.799257278442383     0.7471489415576802      0.980540908860324      7.198397099102093
                   3000     -8.215950012207031      6.595373153686523      0.747029653267072     0.9783047199646875      6.948957670828001
                   3000     -11.70209503173828     -5.864506244659424     0.7468624016272036     0.9774285990506891     0.4069241709520819
                   3000      7.829352855682373      4.026901721954346     0.7457531743312467     0.9770349028829332      1.841642112867102
                   3000     -6.420923709869385       16.0579776763916     0.7450386066077466     0.9736936437204695      15.75601277843736
                   3000     -5.938506126403809      11.32178115844727     0.7453162247813195     0.9730308913265118      48.78538945691414
                   3000     0.2675101757049561     -9.201099395751953     0.7442972669168177     0.9701601299073329      64.73299857674502
                   3000      2.091559648513794      0.690400242805481     0.7439256112760303     0.9706192240913283      18.95607223740056
                   3000      2.449817224308203     -8.478751410927625     0.7590409434654269     0.9911299813578754      29.76749502810413
                   3000     -8.339353561401367     -3.301737308502197     0.7434977185821071     0.9703196837263319     0.5257898542345054
                   3000     -14.40302276611328     -5.295882225036621     0.7417662475987131     0.9678343344249613      0.481132358094754
                   3000     -12.54625701904297     0.3964395523071289     0.7396628945011889     0.9655684780184282     0.7414836851225363
                   3000      2.981558322906494     -10.13314151763916     0.7396270366256871     0.9645420206875999      10.51734447160701
                   3000     -4.123069763183594      6.102630138397217      0.738746544351837     0.9623725868625631      9.290898648936647
                   3000     -3.325645446777344       3.37706446647644     0.7370819350882134     0.9616175556882921       2.26174005588744
                   3000    0.02774953842163086     -13.34443283081055     0.7366506335796932     0.9610816836781214      144.1575555847497
