#! FIELDS time deep20.node-0 deep20.node-1 sigma_deep20.node-0 sigma_deep20.node-1 height
#! SET action OPES_METAD_state
#! SET biasfactor       12.02723625380408
#! SET epsilon   2.008904905162975e-06
#! SET kernel_cutoff       5.122093479753262
#! SET compression_threshold                       1
#! SET zed      0.1450629964917625
#! SET sum_weights       596.5273374613365
#! SET sum_weights2       2791.904717971486
#! SET counter  492
#! SET adaptive_counter  250000
#! SET sigma0_deep20.node-0       5.905327819059726
#! SET av_cv_deep20.node-0      -2.394686789820679
#! SET av_M2_deep20.node-0        21516765.3424293
#! SET sigma0_deep20.node-1       1.993529839318727
#! SET av_cv_deep20.node-1     -0.1008635873721413
#! SET av_M2_deep20.node-1       17313420.61044846
                  11000      -7.32508763620115      6.578595169030346      1.615490968568849      1.232850582280733      327.5022003894435
                  11000       11.8856200883576      -2.57984412157219       1.85962418821603      1.405091223501266      3.428413188680783
                  11000     -14.57624572405594     0.1220302062888711      1.679119028404551      1.410210211645342      35.71050110930539
                  11000       11.0445901691505      2.464515889065831      1.659376376402137      1.404024492955758      26.19090253991635
                  11000     -13.42675434306082      -10.8158806935305      1.844628152868415      1.515650922369962    0.02903371027799815
                  11000     -9.991449436246461      5.287315485806355       1.48833325887844      1.256611044682708       595.631145970607
                  11000      2.623730979022496      9.656704584113976      1.644372007027681      1.518275292313677      96.97512401123075
                  11000     -15.58925733897334     -3.514593794956515      1.483752277978981      1.331335678357461      5.084182416212419
                  11000     0.1468356626747281      -16.8000204302344      1.626048271371865      1.277095692410582  0.0004828401252425483
                  11000      8.535776524987361     -3.055145003605646      1.381563752652609      1.205128154526952      1.151946602956234
                  11000        11.091384454932       8.47895588815781      1.848408830770527      1.345642746210272      875.1861837240801
                  11000      9.519080092965442      -10.7502931293425      1.642676426669205      1.295075515316078     0.2303092602135618
                  11000      12.68594820199222     -6.194025050458256      1.721911730019289      1.384963699515844     0.9621833161638726
                  11000      12.18160366878151      4.597640721864557      1.676178756864212      1.506330518742599      86.39439790276997
                  11000      10.65022216573628     -8.763502033557561      1.637090644067197      1.293732740534056     0.7608954339220982
                  11000     -10.47621105494644     -14.59979691803793      1.703651439354276      1.400661365372643   0.006282989178667284
                  11000      5.482928906067009     -17.92505672403544      1.489535862835187      1.285074743829071     0.0323743050675643
                  11000     -4.938622259704523      8.082147985025619      1.514365373182858      1.360735455551602       133.908283749719
                  11000      12.75850712316986     0.8950120321659606      1.433369921388131       1.34166004556125      23.55695240926591
                  11000     -2.303854106802508      8.289815897714952      1.603326408591297      1.424974337121807      256.9100630576583
                  11000     -11.54831202265287      4.257491673391331      1.511374607694812      1.280778635039569      666.3863855848892
                  11000     -3.232487735418432      6.562516224373929      1.412060556813039      1.249832225505508      69.37455622168525
                  11000     -2.385161337002842     -18.54701448860084      1.872313529107057      1.372362732170861   0.001280520987300586
                  11000     -5.473991358578304     -17.64930082754841      1.625222370378192      1.315810425884239  0.0009481081925218865
                  11000      7.908331611166212      8.862820517145218      1.803175836508142      1.356868330422844      191.0817258007468
                  11000      11.73834942154263     -4.558366079699502      1.604643690560675      1.271467802052382     0.6123408302847453
                  11000     -5.464538496594284     0.1703232308926522      1.683194963714285      1.248347893040991    0.06785713252572401
                  11000     -13.17121936039422     -6.017858014977125      1.530918104375767       1.25516136568763     0.1912245609184332
                  11000      7.130884015008999      10.62693836190762      1.499224256875583      1.260333926366904      37.05816197280364
                  11000     -5.681100509968574      -2.67430101812658      1.349452362508341      1.180040396732028   0.005768006532081256
                  11000      3.504090053792038      5.854208711051188      1.358486096020678      1.170054333027903      4.409521421949776
                  11000     -7.747547463769091     -17.34551117150751      1.558748311734309      1.184625261590344  0.0005498255668400439
                  11000      8.625693756454494      5.587430234269815      1.427018025976359      1.238898119751458       55.7083724536501
                  11000     -16.04798799969187     -1.638428341167606      1.414879814271673      1.252844119047013      10.40392948319837
                  11000     0.5977792636122576      8.930046212162415       1.56369539866899      1.321321502567794      67.68603064410802
                  11000       7.27543830871582     -7.082605838775635      1.582185483742581      1.247072297280389    0.02368175128673371
                  11000     -12.95262304888597      2.509341051627338      1.555637802556908      1.317838539104859      26.46053910236713
                  11000      7.912674503890397     -14.14150825356416      1.571171963112495      1.275857725792277   0.008654342384699192
                  11000     -14.90889756935304     -8.693503822755474      1.447841788195723      1.228705061012782    0.05998732148601509
                  11000      -4.50541266211606     -1.483537997295271      1.464316387120184      1.257232706504901    0.01561658763012139
                  11000      5.639889423801487      5.016923753589137      1.442897305019827      1.206298724265682       6.18928233170605
                  11000      9.070398509085326     -5.658270462586045      1.386151152942748      1.176192835688598     0.8252145592502845
                  11000      7.545546566602422     -1.424231743134225      1.367972971508205      1.207386539886215     0.5598430185448072
                  11000     -12.47085094451904     -15.63368701934814      1.525093572072979      1.244236428139073  0.0005232543025642268
                  11000       4.56750299933449      10.19877438020252      1.409450905267492      1.340864540451177      90.66857281490991
                  11000      2.942131757736206     -18.48945236206055      1.507991298380135      1.255028066892645  0.0008396171134709317
                  11000      8.109922485365612     -15.89101230560996      1.459020573987358      1.375072443526249   0.007169262115059812
                  11000     -7.801831501161431     -15.64427294151286      1.421690371524085      1.272713217702544  0.0008502266041514139
                  11000     -9.037346133310857     -2.555327803201565      1.485554753718442      1.252735738817539    0.01981414863615455
                  11000     -5.157595157623291     -4.472928047180176      1.484405164053058      1.252587263942837  0.0005254929464746578
                  11000       10.2967768871754      6.143869941761091      1.392572803739335       1.21101560084053      51.09321657374289
                  11000      7.665590763092041       12.1113977432251      1.435892826098062      1.241452318166055      2.251081465805454
                  11000      -4.48321008682251      1.509762763977051      1.423207954322405      1.227009527655617    0.03102860715276793
                  11000      5.357603073120117     -12.25661468505859      1.419249080769291      1.227422671953638   0.003262760595443546
                  11000     -6.667850971221924     -1.433157444000244      1.355022553622565      1.196879926385413   0.003745140173506774
                  11000      2.042851439422621      7.704287054595689      1.325246782071763      1.254554709439966      14.46397500751334
                  11000     -7.279933144500177     -4.668977483270941      1.370846144767342      1.200281043439514   0.001616554728496466
                  11000    -0.8174387662416395      10.16344700453459      1.293027366888045      1.198737436502647      21.58907731838992
                  11000     -1.421697378158569     -14.31343364715576      1.303086516834326      1.153862240304948  6.192914850823113e-05
                  11000      4.721420764923096     -6.648643016815186      1.295504171032154      1.150547682361132   0.004149385569028222
                  11000      4.454326844461772     -14.38280044504929      1.407208993843205       1.17774452232098   0.001327397722277269
                  11000      1.284024477005005     -11.09221076965332      1.292553534953324      1.151753137027088  6.229045507995358e-05
                  11000     -7.220695972442627      8.350137710571289      1.289754422883877      1.151906769410449       9.60660873168791
                  11000     0.2418473944273431     -18.37320267905649      1.312425987143219      1.142717954516496   0.001110262128862969
                  11000     -6.783903835609769      2.390125276586077       1.27977533326542      1.140511693756323      1.409211192096253
                  11000     -12.01490020751953      1.245378017425537      1.283347736401617      1.139286663818794      6.587276213938872
                  11000     -13.09777927398682    -0.5895071625709534      1.279454167634299      1.139212507431292        2.6479339773591
                  11000     0.2268214225769043      -13.2236909866333      1.274130225621941      1.135196481715625  6.407924985214354e-05
                  11000      6.996399402618408      1.929912805557251      1.274343319027509      1.134648372578723     0.3750593834461921
                  11000      10.82582375974087    -0.9446073641102931      1.273096826637172      1.138643039527689      1.717253003382791
                  11000      9.190143738877808     -12.34932045108367      1.350065991261308      1.110716210191346    0.04469954075927123
                  11000   -0.04302829504013062       6.75518798828125      1.248657963792838      1.116991252930916      8.411024581139223
                  11000      7.150749683380127      6.588886737823486      1.244363831200708      1.112213714889536      11.06561890852958
                  11000      3.543652772903442      7.362234592437744      1.238181282416367      1.109156823211659      5.821927495642835
                  11000      4.603282451629639     -15.76431274414062      1.237487887586472      1.110046246167393   0.001268574015457573
                  11000     -5.643795013427734     -15.34803581237793       1.23457281825495      1.110831808240375  0.0002335336979145043
                  11000     -4.490650177001953      2.811210155487061      1.237717039197795      1.110439832297434     0.2447024410586727
                  11000      3.517821311950684      1.463517904281616      1.231282896286832      1.106024486508238   0.009463287456906517
                  11000      8.744626998901367      3.340105295181274      1.228818799582736      1.105980172295631      3.563407442380063
                  11000      12.06622123718262      6.971086025238037      1.226004089935234      1.103294395862245      42.14047600590928
                  11000     -13.44754202202542      -12.5171456461475      1.227454330771212      1.137367892837584   0.007795122151371948
                  11000       9.70346736907959     0.1760326325893402      1.224803455452384      1.103795514011214      1.050564580563172
                  11000     0.1305328160524368      2.853574514389038      1.221291866427975      1.101250791035856    0.03335258106580034
                  11000    -0.6240522265434265      5.345016479492188        1.2195410352272      1.099778410473341      3.829375607720848
                  11000      4.175083160400391      12.21934223175049      1.216320527589767      1.088816960548267       5.62788212725073
                  11000      9.968681308708824      4.492670931466103      1.212248620558144      1.140156741582216      18.36942072144821
                  11000      11.91237354278564      -7.73499584197998      1.197508731455771      1.081256317753988     0.1424131520007773
                  11000      9.450997395914857     -4.268132969894546      1.269663017461762      1.078738306786282     0.5881416845941532
                  11000      9.340883255004883     -13.52667617797852      1.192002873039041      1.077048374308049    0.01122229772924683
