#! FIELDS time tica_cv1_18 tica_cv2_18 sigma_tica_cv1_18 sigma_tica_cv2_18 height
#! SET action OPES_METAD_state
#! SET biasfactor                       4
#! SET epsilon   5.176336619919723e-10
#! SET kernel_cutoff       6.539381215389747
#! SET compression_threshold                       1
#! SET zed     0.04270332138188862
#! SET sum_weights       7835.374689172451
#! SET sum_weights2       24336.82521435704
#! SET counter  4992
#! SET adaptive_counter  2500000
#! SET sigma0_tica_cv1_18    0.002101454619666783
#! SET av_cv_tica_cv1_18   -0.006142375958134112
#! SET av_M2_tica_cv1_18       51.93896930591875
#! SET sigma0_tica_cv2_18   0.0006247291326021785
#! SET av_cv_tica_cv2_18   0.0001327555952687534
#! SET av_M2_tica_cv2_18        12.6128412692644
                 100000   -0.00500703062144751  0.0008894927805562096  0.0008458316016852654  0.0003988364910581549      2013.647901446611
                 100000  -0.007309318184744404  -0.003935350271515242  0.0007964247829810998  0.0003781293275232264      1075.844308736323
                 100000    0.01906152569898164 -0.0002297801383719415     0.0018893093465094  0.0004241735595801892      400.8313249202675
                 100000    0.01638338981512203   -0.00585124069701612  0.0008275403878045207  0.0003439596395999202   0.001583346163891091
                 100000    0.01829342779656158  -0.002089330997286286   0.002057693036413466  0.0004418323183281557      2.784201044170929
                 100000    0.01678337525792959  -0.002866283228451292    0.00195317420181838  0.0003437371812251196     0.1018115216973883
                 100000    0.01772700065530656  -0.005329325316851584   0.001097426392004071  0.0004053183960285411    0.01695118217523292
                 100000    0.01926928408425899  -0.004481128136081303   0.001321692796524367  0.0004037552621638867    0.01695901013881581
                 100000    0.01436868636926266  -0.005784889558764731   0.001503114293531684  0.0004109766082346508  0.0004287353396472761
                 100000    0.02034926926638923 -0.0006722379858553027   0.001371041894753147  0.0004234550288670103      135.4233454303083
                 100000    0.01673593762024192  0.0001647953240620363   0.001022924192130268  0.0003774455589166066      51.55938400457767
                 100000    0.01925952658698112  -0.001196128085501203    0.00115441305904663  0.0003868130294650288      24.80685424052625
                 100000    0.01715493034866624  -0.003860250957030724   0.001012417136150477  0.0003703966899781911    0.08951344356506694
                 100000    0.02124946031808423  -0.001664706139298421   0.001108268630257806  0.0003963745017550018      2.164526127234528
                 100000    0.02153131328646355  -0.002911630797291364   0.001604355134548531  0.0004429538695254365    0.05103905176806664
                 100000    0.01521629288262789  -0.004344006871674128  0.0008891286885618807   0.000363781388097121    0.01856390269139428
                 100000    -0.0129197457415804  -0.003138020352979803  0.0008293193566678438  0.0003832388120390338      727.5659125937188
                 100000   -0.00386267304375404  -0.004280004553570645   0.000759821183463861  0.0003669874673102372      44.35853397831995
                 100000  -0.006257924932628853  -0.003689231992936105  0.0007409819717850751  0.0003693045773061106       303.728720533614
                 100000   -0.01011787507062553  -0.003568508986251488  0.0008463492181615865  0.0003903639260144892       2099.60710101882
                 100000  -0.009881207961890992  -0.001636591310446792  0.0007699002816359418  0.0003847108249352568      298.4888024324458
                 100000   -0.01115654973545141  -0.002582216146281093  0.0008316779031516768  0.0004073270004360878      920.4750357305584
                 100000   -0.01164168431807027  -0.001703888199274722   0.000791656452882197  0.0003807690771745573      239.3038771054587
                 100000  -0.005419577909528497  -0.001161012843133786  0.0008125694841755389  0.0003857167378063941      121.4431218857034
                 100000  -0.001502421289175499   0.001698657085583496   0.000781208110856576  0.0003887500846710011      326.7115319813506
                 100000  -0.007804430665946277  -1.82671456472549e-05   0.000783657307673171  0.0004011458779699925      397.6637600809606
                 100000  -0.005776976942801881   0.001675001045232238  0.0007751312510321899  0.0003936773914961426      1821.916229526994
                 100000  -0.006466680280845745   0.001107997238457404  0.0007948354307899557  0.0003875849227731115      2663.132320864497
                 100000  -0.007190380363278775 -0.0009021894735751611   0.000807096217373837  0.0004105091187684213       259.701065874522
                 100000   -0.01089527595722748   0.003505178035256497  0.0007937655913071289  0.0003733723648610263       3.87898396878728
                 100000   0.002720024668620096  -0.004460262086087296  0.0006676762584127368  0.0003498612608073592  0.0005368726917488215
                 100000   -0.01430437287700844   0.005160144551277748  0.0006713554365780761   0.000349830912079381   0.002673909456582794
                 100000  -0.006324054680857724  -0.004178825756828656  0.0007950344550818094  0.0003839409045810198      561.4749972040592
                 100000  -0.004603429242523649   0.002036184026630788  0.0007741232735600989  0.0003850428467572028      1073.471093824209
                 100000  -0.004526636760952558   0.001498475415304658   0.000779814204863248  0.0003712879580808097      1838.312279958314
                 100000   0.002439286073060514  -0.001669876170982292   0.000833756170826615  0.0004005822098403246    0.06497331978579596
                 100000  -0.005106305856249539  0.0002916146722780445  0.0007634000299281367  0.0003999842744412267      680.6884885786343
                 100000  -0.002688278084117444   -0.00457479481841955  0.0008216132570671597   0.000384981944069196      13.96019743338405
                 100000   -0.01003251975740258   0.001250921963959328  0.0008599728704685363  0.0003825112837922751       58.4053096586712
                 100000  -0.009094601807032046   0.004003852822515739  0.0007491558423576245  0.0003967400751357745      6.938135431971777
                 100000  -0.003651462402338469  -0.001751013384662886  0.0007501289792367728  0.0003889323097973079      34.78398863309368
                 100000  -0.006866310791035282   0.002169159742651736  0.0007952653140291661  0.0003708209281888172      556.3109701490777
                 100000  -0.005340065725231492   0.003391198190384412  0.0007141691603390603  0.0003381211575347867      13.29212632177158
                 100000  -0.001015251917755762  0.0009324245916427361  0.0007830987797355525   0.000364492782541295       81.8499352752506
                 100000   -0.01200013082516881   0.004409002994395228  0.0007937988570837247  0.0003971059215710073     0.5349578631716904
                 100000 -0.0001108686603311546  -0.001948847337524122  0.0008569820098559411  0.0003829435653282092      1.256117106278359
                 100000  -0.008101464095499507   -0.00428117109904617  0.0007308950812492919  0.0003644145092183538      519.5910278744921
                 100000 -0.0006469602380197775  -0.000201495005181761  0.0007582403728450595  0.0003758361668769022      8.661341859352666
                 100000  -0.004466887802137826 -0.0006169810533142654  0.0007729209709545254  0.0003961827443044864      154.5028396914371
                 100000  -0.004888045341054166  -0.004458224424882294  0.0007617111268628806  0.0004022949565971404      146.9795814042353
                 100000   -0.01310336175089364  -0.002621915850073956  0.0007829262846789355  0.0003795679670500649      341.1906396113287
                 100000   -0.01433817220126046  -0.002904904410613236  0.0007930415532473546  0.0003644893546746388      217.3260143179402
                 100000   -0.01168091218910809  -0.003622800710690982  0.0008494392829756044   0.000372803576393892       959.485077760739
                 100000   -0.01320507259240409 -0.0007272689633916482  0.0007470106035776488  0.0003924907415671798      7.771995147972792
                 100000  -0.002363044488383708  -0.002782701219191335  0.0007530969717062454  0.0003878514152312698      7.424153375763574
                 100000  -0.007520761305923902   0.004120487447395363  0.0007142348499698111  0.0003966894396694847      7.059734972554904
                 100000   0.002347015158905021   0.001512081853414579  0.0007693405051521027  0.0003673538407252697       5.70182457116918
                 100000  -0.007807921979809247  -0.002311080067773722  0.0007549016324114735  0.0003986176788422556      233.0674418453915
                 100000  -0.009918910860668394  -0.003046182740170886  0.0008709838167756473  0.0003972294005124807      1237.717620791055
                 100000   -0.00434997979729511   0.002795033951140219   0.000693757341977534  0.0003625146092010597      139.0173766445832
                 100000   -0.01050175757232065  0.0004342815299441187  0.0007234609165372032  0.0003895463916003936      50.53929825613942
                 100000  -0.006907552334353245   0.003266231611664141  0.0007167136257973344  0.0003652560298283947      55.13841341689894
                 100000  -0.007525576011600962   0.002806419366135837  0.0008391890469322629  0.0003801389603841852      112.0620716322651
                 100000  -0.001800215079964957  -0.005128348561437982  0.0007197549052351911  0.0003519225444782831     0.7985365054462162
                 100000  -0.005349160479887435  -0.001910884728112015  0.0008015364236727843  0.0003913676217488085      118.2595895204865
                 100000   -0.01021803876697639 -0.0002501370909843412  0.0007521455642849068  0.0003770529398604807       93.0685496577624
                 100000  -0.009258562044957661  0.0007454311902510234  0.0007886513831336735  0.0003814572887957956      177.6335757601355
                 100000   -0.01115914895116419  -0.001196220055587135  0.0007326123709224327  0.0004025268656275994      115.5425836115289
                 100000  -0.002235793157191781    0.00127148577283153  0.0007493203279281796   0.000372733195202802      637.9003684010077
                 100000  -0.003054660074982453   0.001719752849269773  0.0007861741509989343  0.0003803438628792178      1015.443794147161
                 100000  -0.005711324494386404   0.002934405519728577  0.0007867247589145057  0.0003873822135663254      127.6152275104846
                 100000  -0.008783165013100861 -0.0003931469818896907  0.0007721825776859963  0.0003793208185205712      196.6548649935551
                 100000   -0.01140482809361317  -0.003175954940982445  0.0007900657657262905  0.0003864108065375404      1337.219096578759
                 100000  -0.009395605808654974  -0.004097859126343481  0.0007913872814597018  0.0003755501175075631      927.7177386822061
                 100000  -0.002120866773956548  -0.003782950507441247  0.0008383936897794376  0.0003798687646798747      1.471657828641118
                 100000  -0.007936494608211383   -0.00350671609410955  0.0007633852764107241  0.0003727463243768217      816.1342928111115
                 100000  -0.001432259140749552   -0.00243804102275529  0.0007721155352318636  0.0003779073125633212      2.743542597312824
                 100000   -0.01063297976653649    0.00183411648809524  0.0007666737216951172  0.0003976231009090641      24.05127999795185
                 100000   -0.01004699320366493   0.004330896321275881   0.000746155173533626  0.0003622578179974737      4.857896748515254
                 100000  -0.001526557074828446 -0.0009726246115556207  0.0007865812749826676  0.0004133646948051666          10.3206747212
                 100000   -0.00382515961834081  0.0001260555130888075  0.0007499781133582267  0.0004034571580122824       311.337855273573
                 100000 -0.0003720850265066204    0.00201612086963731  0.0008516935717662807  0.0003686933062601044      110.4462718453536
                 100000  -0.006981423511893733  0.0005362743385126621  0.0007335164103486193  0.0003696571463822008      804.1863444723618
                 100000  -0.008951690566341796  -0.002362183330730197  0.0007752918940455551  0.0003982106872006262      438.0034269642119
                 100000   0.003840214085966648  -0.005290968453638517  0.0007318811786174231  0.0003302077121370351  0.0002676427929356369
                 100000   -0.01285994044656807  -0.002015607039603698  0.0007346832721213018  0.0003847754248782436      95.92559672838149
                 100000   0.005835073005641267  0.0009141920814524229  0.0007548279364688254   0.000368471473144341    0.05942506334003952
                 100000  -0.002133560882564732   0.002122122355463953   0.000774811310439562  0.0003724389436848756      290.7907197012932
                 100000   0.004338154540925515   0.001277987284928354   0.000726043212259298  0.0003541838424323946     0.3701623817806245
                 100000  -0.003644465261303557   0.002331670739115473  0.0008130973120364087  0.0003717966921508273      485.2681235657336
                 100000   0.004186456416707682   0.001731762549109637  0.0007355820624294122   0.000363905299233115     0.3202469129900252
                 100000  -0.009253646395787126  0.0001520607672452048  0.0007825225209398731  0.0003728295556413005       106.674676804908
                 100000   0.002827017399368029  -0.002998506242198969  0.0006765632276224343  0.0003469317544693742    0.01333677316272778
                 100000   -0.01055284659738603  -0.004496290100846344  0.0007125599463006978  0.0003681915262483845      12.30118614794315
                 100000  -0.007957943099640557   0.001145450207029684  0.0007974626456676967  0.0004021938578587197      762.1057213839015
                 100000  -0.005739164754603219   0.002304653778459284  0.0007499189943228474  0.0003593414846253765      498.3619768568932
                 100000  -0.009656032261152686   0.003013235494065304  0.0007461957836836258  0.0003921465670149125      20.91298491872438
                 100000  0.0009421219971018443  7.952130759051685e-05  0.0006803430596498015  0.0003470848531649551     0.5339769765235187
                 100000  -0.005794884489703563 -0.0004443195487436196  0.0007955346216766293  0.0003827443345030634       309.775577751495
                 100000   0.001349395355623235 -0.0008776006926414971  0.0007995852963978958  0.0003444842625719054      0.437677984438227
                 100000   -0.01179856580857448  -0.004090268948973701  0.0007062256953479511  0.0003399573918651447      128.8151146986559
                 100000  -0.002771195941474363 -0.0002311759332105342  0.0007491977995744753  0.0003728448057065383      31.00220707838843
                 100000   -0.01331515961119956  -0.001380306537603497  0.0007451639383294506  0.0003690025785429113      25.04597209592885
                 100000  -0.007028019537951408    0.00170401821775851  0.0007677865560750387   0.000379729475945763      662.9585488317649
                 100000   -0.01200446199053671  0.0001933080917921555  0.0008764750736606717  0.0003670947049178252      12.36151491711986
                 100000  -0.002019315800875553  0.0002024251070194363  0.0007361837000781785  0.0003781102454728047      75.33343131941973
                 100000  -0.002753267864056581  0.0007756030070806782  0.0007382926950601803  0.0003690961904860684      353.9211415322642
                 100000   -0.01399529023806235   0.001417142875145699  0.0007499441159680325  0.0003633061130485921     0.1708005289490649
                 100000  -0.005385613011310882  -0.003874768319790431  0.0007119943831385923  0.0003632956217867505      194.7973263442472
                 100000   -0.01395056328972764  -0.003445288294320598  0.0007154333188805496  0.0003538913069970734       206.846323720084
                 100000  -0.009832885572070293 -0.0008550942050161757  0.0007213697213097134  0.0003773634334027386      83.89968402660735
                 100000   -0.01660068872648655  -0.001842926606483334  0.0007567336902265944  0.0003907441747477703     0.1305890692331656
                 100000   -0.00844557808269869  -0.001772924324878407  0.0007267959889364797  0.0003644123957288404       281.071872843513
                 100000  -0.009380148908677411   0.001960266915322697  0.0007291977367064178  0.0003747165204871155      79.62382030737305
                 100000  0.0009967414707582303  0.0008056265297373214   0.000747669716846833  0.0003674994474527064      1.261878586787814
                 100000  -0.008771833032909255  -0.003787836118028865  0.0007305423613178661  0.0003785881139176806      1121.314833560483
                 100000   -0.01057666485087121   -0.00398948818511448  0.0007195699277373867  0.0003760741151905552      508.1973030221193
                 100000  -0.005772636987291612  -0.002884004037614161  0.0007866157381703258  0.0003906114093602974      57.90895353457447
                 100000   -0.01193121263662665   0.001991911387861404  0.0007415555026827486  0.0003765359174388404      3.634194419876496
                 100000  -0.000143286576930498 -0.0007705154959094753  0.0007284006457127334  0.0003574121370353805      2.616815826835223
                 100000  -0.003631413984136295   0.001251752996212353  0.0007205451122487622  0.0003633583715348889      1182.776769826831
                 100000   -0.01611909831488374  -0.002877693681403688  0.0007261673192222943  0.0003693534387983012      9.909719638835458
                 100000  -0.002908681341457135  -0.001370938571581156  0.0007176770413540734  0.0003583760652573644      13.87336887950227
                 100000   0.005998673752828855   0.001541487094695552  0.0007655857993966556   0.000388514063685811    0.02410182778077421
                 100000  -0.008379926461780004  -0.001141605229286318  0.0007122781823843829  0.0003926950725595829      158.9916550387024
                 100000   -0.01294120965526482   0.003397392581882279   0.000663803030847729  0.0003722780510769227     0.2815055845977322
                 100000   -0.01359146417095198   -0.00392039299974654  0.0007250519319914802  0.0003795470747613211      16.50765251764411
                 100000  -0.008503159644273828   0.002439986033738603  0.0007293119877386196  0.0003740363114405824      127.4269203703054
                 100000  -0.003091234291692146  -0.002213445062380176  0.0007023916250220922   0.000368415730804717      11.88368161454865
                 100000  -0.003431717389053379 -0.0008831437501329284   0.000779490296715089  0.0003742624110109849      44.83094056629353
                 100000   -0.00772744071038555  -0.003004017942641131  0.0007473155221950909   0.000356370179169147      273.7854928686849
                 100000 -0.0006902807261757953  -0.003166161319871687  0.0007426479545421765   0.000338835416850603     0.4615632650800359
                 100000   -0.01206445125734296 -0.0009726556195847859  0.0007215816454989325  0.0003516076677658016      13.63833563191959
                 100000   -0.01134568280227051   0.000723305976654781  0.0007423057831284415  0.0003566795249737166      19.89239779012465
                 100000   -0.01230924868310778   -0.00051509536959197  0.0007187483804267196  0.0003709560442849574      17.40932124273748
                 100000   -0.00803493129803331  0.0005596711069165869  0.0007511165653190066  0.0003678067843045111      328.7461030569216
                 100000   -0.00541187332103723   0.004538533101468204  0.0007778913519697766  0.0003747425140516997     0.1572694172721885
                 100000   -0.00843595308467625   0.003202606265237644  0.0006894395614570678  0.0003509788033850631      17.53755057696034
                 100000   -0.01563685165531389  -0.001659508797708404   0.000723308601251345  0.0003567449161873931     0.8582426785458868
                 100000  -0.009460503750449786   0.003509812849339885  0.0007427023019854961  0.0003532988950489186      13.61777471840515
                 100000  -0.006585980363158704  -0.002393941076748042  0.0007235948260731424  0.0003781123508677098      95.28218487143239
                 100000 -0.0007537987237838032   0.001387452166152856  0.0006897865255184277  0.0003365626485467081       76.5784477450195
                 100000   -0.01238102354536778   0.002811949422748285  0.0006704676755459152  0.0003878560643299405     0.9799413187610554
                 100000  0.0005546193932415833  -0.001298123933135987  0.0007478714339078373  0.0003328344806106477     0.3487214983093729
                 100000   -0.01035996070474708   0.002503811163980779  0.0006952631057794534  0.0003751846475153441      20.41167362078893
                 100000   0.001955212384504356   0.002166363668341767  0.0006786570636142716  0.0003789801736020646      2.021175298531879
                 100000   -0.01450959549109771  -0.001673671306616706  0.0007079355671921868  0.0003568622056062779      5.687664520421416
                 100000  -0.002375678589990065   0.002689409513012748  0.0007407943753392121   0.000355545922215974      47.95533156985641
                 100000   -0.01527420387596393  -0.002249089638564233  0.0007601344189354468  0.0003901397543921601      13.04977382111305
                 100000  -0.007984481818526243   0.003676958491043981  0.0006910820693237345  0.0003590678919388944      22.00670359123243
                 100000  0.0004981729418710069  -0.002510789647966743  0.0007318726160540844  0.0003617546251745341       0.34981837404634
                 100000   -0.01127206845599217 -0.0006224793243040543  0.0006785413958825086  0.0003512930312997962      32.30621407063629
                 100000   0.003765482142154747  -0.004337031660695291  0.0007324838856007401  0.0003770587621633898  4.154432321921107e-05
                 100000    -0.0112925683532951   0.004879534896661553  0.0007056891064037779  0.0003502513243162873     0.0750596974102031
                 100000  -0.006625994473623941   0.004004685569660434   0.000736023023960741  0.0003459769028040356      3.948048365444408
                 100000   -0.01530518891628855  -0.003289409728816859  0.0006832749675873286  0.0003826352252987696      16.09355992881457
                 100000   0.003194440106622088  -0.003979103684587133  0.0006585911765481531  0.0003440410076374465  0.0008290956639488134
                 100000   -0.01153196157305641   0.003000542271825405  0.0006633394477608796  0.0003532807492975692      2.485600289823858
                 100000 -0.0002774746768694081  -0.001173327344017075  0.0007247151668224795  0.0003484386576581047      1.270740328633956
                 100000  -0.006835917788147866  -0.003237093144947954  0.0007026119327364815  0.0003724018656837217      165.2092463612112
                 100000   0.002737862204071184   -0.00634997607103395  0.0007227744198360177  0.0003737065721010537  3.446466942734235e-06
                 100000   -0.01461499712229858   0.002845987334058758  0.0006470596541521053  0.0003447884988188115    0.01110004685820662
                 100000  -0.003891843363003405  -0.002444668284659798  0.0007142328962844182  0.0003619865352996411      23.88907446583531
                 100000   0.001894995299399255  -0.004027615981563693  0.0007157176617973336  0.0003747829558253735   0.002142852043867473
                 100000   0.004236440320205516 -0.0008456131774062096  0.0007219412594336793  0.0003726306374253256   0.001792846823924594
                 100000  -0.005934847018569404  -0.004577180117516754  0.0006984576739108124  0.0003628777237301592      78.72178092635525
                 100000   -0.01574210293101335 -0.0009648519679484331  0.0006976544268107259  0.0003695514033204859    0.07716541460062185
                 100000   -0.01274252743935641  -0.003596485878968269  0.0006874372895021194  0.0003653313374341602      252.8503957729377
                 100000  -0.004466463904821119   -0.00391946288016615  0.0006647083762844929  0.0003544929734673285      33.52044995978444
                 100000  0.0008967726567502839  -0.003410315205537417  0.0006953051775930515  0.0003582029609170351     0.1293150513582789
                 100000    -0.0044092684019817  -0.001311610206540484  0.0006677928105934046  0.0003531799813710738      31.83391831592553
                 100000   0.002685025623735883  -0.005481100105368561  0.0006639436627612687   0.000360245535835878  0.0001224963785514621
                 100000  -0.001075753124317945  0.0005334489465731136  0.0006943774089926536  0.0003549314752526423      19.23372176435397
                 100000   0.005920355344977243  -0.002154676902848143  0.0006881469156934292  0.0003599466700154401  0.0007742855133026145
                 100000   0.005641441621059149  -0.006394815216600401  0.0006881163997558071  0.0003599343218654922  2.092679788155084e-06
                 100000  -0.006383214394020168  -0.001422363789413753  0.0006779548781060112  0.0003528913509727499      61.29983007166367
                 100000   0.005439447932093862   0.000373616206318474  0.0006856869889007938  0.0003345729060772012    0.01081376444426976
                 100000   -0.01275093329047214   0.001194359637309265   0.000713453708221487  0.0003576121142266827      1.561626951878028
                 100000  -0.006058336367174229  0.0003290616949961159   0.000697222258801542  0.0003636560810334987      530.3585328755094
                 100000  -0.001011430036838555  -0.004495330513749023   0.000692485191641968  0.0003515133381890489     0.9105916933976176
                 100000   0.004800890789668588  -0.003861853712385508  0.0006960729560493323   0.000326887935924368  0.0002802248425365713
                 100000   0.004449655360262016  -0.001575711669636564  0.0006656783720841873  0.0003729328225333736   0.007723418181530353
                 100000   -0.01873003055185169   -0.00362792200758989  0.0006827000056508398  0.0003609470698789368   0.006456979584463976
                 100000   -0.01073857522080889   0.004115384525162096  0.0006687078051535811    0.00035558422552454      2.117425342410777
                 100000   -0.01288796441467528    0.00248251290013429  0.0006763368146668062  0.0003181399979163533     0.3207074168993653
                 100000   0.001126598011516982   0.001817048411244411  0.0006843797136381122  0.0003512708656580696      12.02427647291636
                 100000  -0.008765774425217929   -0.00320924052502314  0.0006871647706293221  0.0003687653547687019      761.7894575929215
                 100000 -0.0007270140888407506   0.002707181508754185  0.0006430891688006206   0.000338738541752707      2.661868492632405
                 100000  -0.003304732761861641   -0.00302187687910389  0.0006702980839405563  0.0003675650866313906      4.871026537810892
                 100000  -0.007574851603125862  -0.001667796574565726  0.0007016088917785836  0.0003619521101406386      150.8830535163502
                 100000    0.00290715030039175    0.00201257145029462  0.0006576195417577511  0.0003505632420227141     0.3156659657803877
                 100000   0.007951561591022373   0.001164429542583318  0.0006593841484467691  0.0003392290224322193   0.003139525251478217
                 100000   0.003459252300804129 -0.0002377484625578168  0.0006847031217865715  0.0003518437224822663    0.01968102006766062
                 100000   -0.01535057047438162    0.00027668650298888  0.0006772102687007696  0.0003527657392220933   0.006940119967983428
                 100000  -0.003317138069878421  -0.003863908504898407  0.0007391417287328086  0.0003468681414619402      7.470807413003294
                 100000   0.001195744341510418   0.002578143114200611  0.0007181498928901495  0.0003464165540003047      1.305542950219782
                 100000  -0.002275397327404209  -0.001780442785762645  0.0006752862067651787  0.0003631515918351035       7.88158311155273
                 100000   -0.01006001141038623   0.005114896393945814  0.0006732660459675122  0.0003521172505475284    0.04159441328059807
                 100000  0.0003896458207603403  -0.004150245959978973  0.0006724615951342199  0.0003517648913932359    0.01078969096079121
                 100000   0.005155599791790108  -0.001171688329947823  0.0006700254165608392  0.0003501635132177861   0.001058458403659951
                 100000    0.00152031615737661  -0.005121560074255804   0.000650030527412781  0.0003396572289593146   0.009493965123096167
                 100000   -0.01340446485915485   0.004662131077429531  0.0006886099412863014  0.0003241519669179752    0.02910584868321973
                 100000    -0.0138944811776234  0.0002281197388792333  0.0007125590117220422  0.0003442560299132247     0.7259041764008999
                 100000  -0.002737020946325131  -0.004985031073333801  0.0006755349942375206  0.0003378434245204716      2.207040674091118
                 100000   -0.01701865882751579  -0.003847539216968226  0.0006661440653323695  0.0003498939549544589    0.03138433663153284
                 100000   -0.01122889751866108   0.002210309531207075  0.0006642807045521002  0.0003510279480893473      2.559171354124358
                 100000   -0.01398384813760892  -0.002001012852826708  0.0006624266743494749  0.0003491185097798994       19.9905062075058
                 100000   0.006217576239934458  -0.004333091201349334  0.0006642560429637421  0.0003494093385920157  1.491117691786869e-05
                 100000  -0.001537147360005525  -0.001430398775230101  0.0007127775303059891  0.0003436030444122905      6.738328034634633
                 100000  -0.000239414234976513  -0.002713360002356058   0.000667557075405928  0.0003736407752582892     0.3022713628655864
                 100000 -2.617553443663217e-05  0.0003991582995010054  0.0006940864656618362  0.0003504965277179667      3.437067660022871
                 100000 -9.102650941119741e-05  -0.004924880592038685  0.0006623886219279455   0.000347777601181453    0.02898491636212746
                 100000   -0.01203511014605918  -0.002283081289470603  0.0006836867004042145  0.0003421620034588562      170.0704416509539
                 100000    0.00337666403762261  -0.001942209976942871  0.0006478195928116448  0.0003259475443592368    0.02332420870376737
                 100000   -0.01002459787693606  -0.002425862403667575    0.00072246751145065  0.0003496642951012404      264.6123393943831
                 100000  -0.008968650066189824   0.001519083862464762  0.0006887755105860611  0.0003480741724888691      136.5325581174528
                 100000  -0.008252341135722418   0.001892111116087324  0.0006637633955683046  0.0003630513695357553      167.3072591068125
                 100000   -0.01605951037809611  1.331764526608534e-05  0.0006526948680465963   0.000343735637412241   0.003239246689273561
                 100000   -0.01135374908470288   0.001105020081548267    0.00071067924577364   0.000331718679576821      7.240944931836572
                 100000   0.006868678763488524  0.0008750677411550029  0.0006576820435809079  0.0003510816895956146    0.01884839004083589
                 100000  -0.003506758832677488   0.002914893808637984  0.0006672357415414489  0.0003506323479401083      37.52709820286454
                 100000  -0.009306882324629107  -0.001250551357715868  0.0006722558798637254  0.0003515244251731691      52.79512328845979
                 100000    0.01136217276916504  0.0008879794537114063  0.0006481502160538148  0.0003417247968840032    0.04718017780658733
                 100000   -0.01383261492844643  0.0006647999288371558   0.000645012652984814  0.0003468894724820725     0.3976350512691877
                 100000  -0.006729198723710302 -0.0001382736535681682  0.0007269198800060292  0.0003552075400043393      173.6514010551435
                 100000  -0.004605290452008969  -0.003223788495794973   0.000723436455408501  0.0003543816464502291      17.46860928264711
                 100000   0.001993366577543357 -0.0002643194013289727  0.0006391677743978779  0.0003268635764782852    0.05193475794793215
                 100000  -0.007168943006457608  -0.004340605808399091  0.0006585043309482568  0.0003458992491419973      241.8729688743149
                 100000   -0.01067960222079938    0.00296676314008267  0.0006564274800135556  0.0003235014546116654      4.355812350381032
                 100000   0.001370091515793187   -0.00160569041728959  0.0006514093016846441  0.0003293086064378829     0.1380963447541913
                 100000   0.002245377627070971   -0.00504109102890344  0.0006392344069298494  0.0003242911574102815   0.001196792755558414
                 100000  -0.002763971164749798   0.003807669787897992  0.0006371681859826755  0.0003380386506997071     0.1188000185189547
                 100000   0.003481994313992357  0.0005019169522455804  0.0006374653795085163  0.0003380808940146733    0.01220318775749971
                 100000   0.003476864338451662    0.00136250872512711  0.0006416088188964338  0.0003361305947771427     0.2494775120693793
                 100000    0.01061279185558923    0.00051161048676185  0.0006360010691878481  0.0003373579470637602    0.05725561179489593
                 100000    0.01931307968608814  -0.005853749664126918   0.000638960663888934  0.0003374211031274911  0.0007975828202613031
                 100000    0.02238657781419434 -0.0003396655731164761  0.0006412349136228817  0.0003375903855570938      3.132557973701516
                 100000    0.01603767198669085  -0.003210288965776678  0.0006897683863085305  0.0003398110822082136    0.04818557655609958
                 100000    0.01720078627606576 -0.0009687304095407588  0.0006481552065097062  0.0003377176263326235      2.319006806347988
                 100000    0.01910079312423373  -0.003763103266324024  0.0006549859981221593  0.0003378820380945373    0.01770130032370793
                 100000    0.01423360913688671  -0.003878523378814439  0.0006688064377604099  0.0003481958638839335   0.007387981946821573
                 100000    0.01523428557381696  -0.003871761377016891  0.0006507279471653237  0.0003376005129823919   0.004469152711120928
                 100000     0.0187319458891473  -0.003312412822042982  0.0006508735614927936  0.0003376049457522191    0.02159001532481977
                 100000    0.02007253209170738  -0.003250444936910945  0.0006508738005439343  0.0003375620618553105    0.02455808974812957
                 100000    0.01995969426394966  0.0002508484310697868  0.0007050347016225969  0.0003393957593513099      15.75711440436045
                 100000      0.013889700882871  -0.005144733261245745  0.0006484088487343956  0.0003366844185695056  0.0004816284659489435
                 100000    0.01653959111085765   -0.00499880215821041  0.0006492101303957284  0.0003486299466869315    0.01278891167640371
                 100000    0.01945739316643061  -0.002567409533056228  0.0007061449649555647  0.0003439204082324825     0.4918937559640323
                 100000    0.02165092770056014  -0.001149917013080307  0.0006471093340150279  0.0003362989579003395       2.50868063367223
                 100000    0.02054917079149531  -0.004223694984489941  0.0006470371989435059  0.0003362880638992565   0.002411368246140271
                 100000    0.01630568920031051 -0.0008360815506492462  0.0006464674432735938  0.0003360690855023629      2.294532002460886
                 100000    0.02277810339765137 -0.0007480919788201265  0.0006458997672703978  0.0003357921290145703      2.648884820460707
                 100000    0.01791812617240744  -0.001437537045940483  0.0006619779108235057  0.0003516509517932488      2.560912209168993
                 100000    0.01870500457885184  -0.002933392138658392  0.0006455573717836196  0.0003356087749918332    0.07312042270031349
                 100000    0.01691874824134524  -0.000326367254806856  0.0006708305171687466   0.000336474024359075      15.72547840083237
                 100000     0.0200796782332416  -0.003699362945156864  0.0006443986650606084  0.0003353151105002151    0.01023015960124906
                 100000    0.01689345630476912  -0.003383641761892886   0.000643149079185533   0.000334978753464228    0.02542988424666305
                 100000    0.01566503290350383  -0.002418199925735938  0.0006425455880606965  0.0003347889424862837     0.1090236994708952
                 100000    0.02102515039891033  -0.003460873104265996  0.0006420606065395995  0.0003347351065581062    0.01355333999229186
                 100000    0.01475943960580466   0.000363696990809289  0.0006415115212217975  0.0003345991962204313      1.084931234435964
                 100000   -0.01551235144962241  0.0009731847596614026  0.0006352463292535701  0.0003491104529853326    0.01552311975891317
                 100000  -0.003922318267548825  0.0007335273517425386  0.0006587239471550888  0.0003350474712975688      293.3393419044698
                 100000   -0.01370943617679928   0.003453546607154839  0.0006608180857726972  0.0003340104761987847    0.02098130610202083
                 100000   -0.01613388114391747   0.004515545681770579  0.0006595385626898834  0.0003334758493540563  5.647986265799416e-05
                 100000  -0.002805262504427748   0.003185300845616055  0.0006713707320700843  0.0003248201817610245      8.678402293487043
                 100000    0.00829031079378441 -0.0009412475783633364  0.0006598635881253294   0.000333563645300971  0.0001369777753512011
                 100000   0.006268955485920757 -0.0005858598571185452  0.0006600082854507243  0.0003336036891361036  0.0002154729580068519
                 100000    0.00740424951161003  -0.003801667104972608  0.0006600879643746803  0.0003324857772757655  5.096332753701096e-06
                 100000   -0.01208734960851882   0.003442498460533319  0.0006582454075581068  0.0003322025021920531     0.1471224525368948
                 100000  -0.004404409908684967   0.003386315805099347  0.0006369252742329611  0.0003258539305566009      3.745202642981519
                 100000  -0.006363702912605872 -0.0008825672739087503  0.0006425333562233353  0.0003491664109268727       44.1567677714914
                 100000   -0.01394400847506848   0.002879138562400977  0.0006533486306041068  0.0003296349548478668    0.03722490514153806
                 100000  -0.005087957289361423  -0.002632042940456885  0.0006792773751649817  0.0003289694169148766      12.58850771925164
                 100000   0.001630513302433906  -0.002734522421088354  0.0006445772558769432  0.0003246766056427384     0.0671753381983215
                 100000   0.004321193195166413  -0.002185950222800942  0.0006476697001847057   0.000328491154018897   0.002871755578390115
                 100000   0.006564553927276506   -0.00177415595603793  0.0006471094346101664  0.0003329240521599034  0.0006814047586454101
                 100000  -0.009598877649632194   0.002471187602065232  0.0006582985535611572  0.0003207969263255488      7.778881436481862
                 100000  -0.004290838347174399   0.004029951809028719  0.0006450053434305838  0.0003278100474893608      0.147723602420568
                 100000  0.0002459093210298596   0.001104213500678346  0.0006561311954795688  0.0003345906499283079      5.374572252250561
                 100000  0.0004414688474422379   0.001558880252224864  0.0006698342481504391  0.0003552639578081355      13.15833395862691
                 100000   0.008398008281592302  7.002541348252396e-05  0.0006611591019814089  0.0003175190025025474   0.001077808746872693
                 100000   0.005854370009485873  -0.003428033668982994  0.0006451369033123881  0.0003272779233522069   4.91726460241807e-05
                 100000  -0.001837318956298437  -0.004278889638567672  0.0006624044827669089  0.0003175703347049309      1.439590748034645
                 100000  0.0005930058634938121  -0.004556617391700035  0.0006434557617662944  0.0003265656635996202    0.01554197555738062
                 100000   -0.01214223342935404   0.001588242148361351  0.0006392118421752423  0.0003229709179289525     0.9698022150802312
                 100000   0.002714139675315331  0.0001180373007769879  0.0006432149018232653  0.0003264616795414242    0.01285933661969907
                 100000   -0.01462980003080429   0.001172679493914187  0.0006400090045008792  0.0003254417936314389    0.02527309218624078
                 100000   -0.00252350169339626  -0.003207243469934974  0.0006310707669726347  0.0003359767283586952     0.8275815920882885
                 100000   -0.01901137266603822  -0.002230250707442888  0.0006378249009657965  0.0003244839000960344   0.000688267262904701
                 100000  -0.005631288130538624   0.003938233662506505  0.0006375834141142204  0.0003244655230430016      0.580040889066352
                 100000   -0.01212481581603843  -0.002782051817416606  0.0006686033227002859   0.000343780580983246      218.9564242306217
                 100000  -0.009667203201052951   0.004702414523556728  0.0006577134088301284  0.0003234016816711123     0.7505826881032525
                 100000   -0.01447681660927279   0.001952998823062984  0.0006347179245126207  0.0003235508607978041    0.01382485684125333
                 100000   0.001675620828439796   -0.00211922222321714  0.0006412540965018636  0.0003247349078776704     0.1049791220810549
                 100000  -0.002829753467646716   0.000284541321451151  0.0006480454122651576  0.0003245481047539509      36.87696087657883
                 100000    0.01718261238592782  -0.004401988110944249  0.0006346428620405892  0.0003227688310482419   0.007195749313461836
                 100000    0.02003280002060297  -0.001849328033155124  0.0006423748557893504   0.000322799873588003     0.5724220065810123
                 100000    0.01565414089330001 -6.842055032676693e-05  0.0006444963963172735  0.0003222329768372328      2.964255930456152
                 100000    0.01669397800866733  -0.001794457824140297  0.0006441643719400578  0.0003220318941026115     0.2160293783235249
                 100000    0.01833086030175378  -0.002595048898908762  0.0006438223466554529  0.0003221283804380411     0.1443632754671728
                 100000    0.02033310142374039  -0.004831847567390074  0.0006437534988699469   0.000322159097355188   0.002388401086513438
                 100000    0.01499273707691038 -0.0001292378130205342  0.0006432538933479383  0.0003219434985736031      1.872601450550287
                 100000     0.0147363465699411  -0.001516279173159994  0.0006431787891505566  0.0003219055380462148    0.07216782287599227
                 100000    0.01829349182533502   -0.00391152376812807  0.0006428853704214367  0.0003218664593899691    0.01337907555637691
                 100000   -0.01076036379665486   -0.00207504135091036  0.0007171391973619703  0.0003426997296356583      142.7305805872583
                 100000     -0.014491375517647   -0.00130959916015348  0.0006531941507043664  0.0003215774742316186     0.6613373713792005
                 100000   -0.01615000513039641 -0.0006407057090735005  0.0006533707481699129    0.00032112033098139    0.01448644212509781
                 100000   -0.01886420327730769  -0.003113098135225511  0.0006529893751880592  0.0003208171592258936   0.003158265805170489
                 100000   -0.01292246078891517  0.0007474704864771486  0.0006694089103560424  0.0003126500028345761     0.9605915628381336
                 100000   -0.01749148169619314  -0.003238522309223453  0.0006496573066642545  0.0003179898465687296     0.2133162596102112
                 100000  0.0003039910332628478   0.002710240562303553  0.0006516114793396404  0.0003204669005410052     0.6710436236294934
                 100000  -0.006469807155001095  -0.001914469252879202  0.0006693159436222993  0.0003121735658141416      16.86829199999849
                 100000    -0.0065270317962523   0.002681142504103057  0.0006780778358822094  0.0003252187456154963      39.35849603527637
                 100000    0.00424888777006807  -0.005823890777593292  0.0006462644428450821  0.0003180949881880526  4.020044091477968e-05
                 100000   0.005951394492749473  -0.001548334371570389   0.000685488577243519  0.0003176640880747813   0.001593283600690282
                 100000   -0.00148454492156328 -0.0002710229231769955  0.0006453980467665241  0.0003437859932637779      5.702169636766414
                 100000   0.006516023061530546  -0.003254833589942184  0.0006935501865238904  0.0003230508012955396  8.675533830894247e-05
                 100000 -0.0008505110960890585  -0.005096872941771759  0.0006438965792729334  0.0003172325820063856    0.09249897264791361
                 100000   -0.01391674484830181  -0.002530517867488611  0.0006444649075694568  0.0003196537534039003      31.73878916674938
                 100000  -0.008311397832764288   0.004232002081570255  0.0006703794933294433  0.0003195692128889317      1.956692843102992
                 100000  -0.006577254873286591    0.00501798267450592  0.0006421943103495071   0.000316702102090375    0.03783821500929069
                 100000   0.003196833596498542  -0.005060878267762313  0.0006397870187547705  0.0003156577160095799  0.0002176166754547038
                 100000   -0.01264692599035051  -0.004055324656622591  0.0006492066137622755  0.0003138341325716158       19.4014204910989
                 100000 -0.0008900435235233335  -0.001735270688769678  0.0006312022998071973  0.0003159743237125042     0.7210337002409597
                 100000   -0.01188791147734087   0.003781533515741862  0.0006758759897522828  0.0003206164251520639     0.4922373978369036
                 100000  -0.001117202477018383  -0.002826822176836974  0.0006393128800265742  0.0003151057677742713     0.2119779051550189
                 100000   0.008100753189409298  0.0004056450760180637  0.0006396666430871674  0.0003149399350539557   0.000664578184566993
                 100000  -0.001551046632719273   0.002675785876411439  0.0006389175047834494  0.0003143957472440594       3.50621626580177
                 100000  -0.007219629100296237   0.003684955367988579  0.0006374046207591246  0.0003139693175623223      1.566147575056683
                 100000  -0.004524060517261859  -0.002254933949933504  0.0006280032854422574  0.0003144475934233856      4.665963190292266
                 100000   0.003605097198026379  -0.001283883503042112  0.0006375069678370558  0.0003138497956245797    0.00607539284982906
                 100000    -0.0131297453534351 -0.0001171336603172753  0.0006357663529700327  0.0003134051680525916     0.4979935555468439
                 100000   -0.01453917117307904   0.003446689876866269  0.0006350261088087742  0.0003130184521825301   0.006227107965253761
                 100000  -0.004113683120934933  -0.004831797540709964  0.0006351145905328777  0.0003130371624090041      2.083102115487945
                 100000   -0.01484130994222274   0.001526625912590352  0.0006496882529066127  0.0003218365628742824    0.03736080239987701
                 100000   0.008235573355444628  -0.002760746350344926    0.00063467978721161  0.0003127325283492339  2.189492407120773e-05
                 100000  -0.002262009138115278   0.004180853977106551  0.0006323777205138262  0.0003118912790694906    0.01778146098299701
                 100000   0.000835794087078552   -0.00203942711395367   0.000631469417186642  0.0003115900440161472    0.08651068860836222
                 100000  -0.007499901863220101 -0.0004748665113450093  0.0006683998615797668  0.0003157863552702343      19.25478029903799
                 100000   -0.01669205306847741  0.0004900012567191938  0.0006310696889561143  0.0003113203692275034  0.0009203847985533668
                 100000   0.005486831738557053  -0.002895256211464697  0.0006708573046362819  0.0003183024246058356  0.0003490610317704712
                 100000   -0.01404661031019086   0.001022259197514874  0.0006307815577288273  0.0003114360898098556    0.07223366668090749
                 100000   -0.01037581217405353  -0.001146590202264135  0.0006305128220672235  0.0003113706343072964      5.958946446134432
                 100000   -0.01633637612741007  -0.003434212563581311  0.0006301698493685651  0.0003112588455749871     0.5649894930744092
                 100000   -0.01477506713505829 -0.0006107176081000846  0.0006279414347052413  0.0003106250242869864     0.1247572282325433
                 100000  -0.004807767027361919  -0.005170327823032865    0.00062653350672342  0.0003104183274966664      1.400230603786551
                 100000    -0.0034537565263013   -0.00492589677790525  0.0006264327478939138   0.000310356475848419      1.033875040407255
                 100000  -0.001741051902309656   0.002981740053417499   0.000652390147345406   0.000308847059194214      3.625868876310613
                 100000  0.0003058415571070417   0.002317834589497074  0.0006256469751410304  0.0003103313093644583      2.059725775425411
                 100000   0.004757284181031622  -0.003350315421760815  0.0006257566547111031  0.0003102636655448861  0.0001948746422667584
                 100000   0.002340551579507489   0.001039201219150554  0.0006255580747456715  0.0003101330443332755     0.2042119217731161
                 100000   0.005696271083598462  -0.005453231395464475  0.0006250083399857177  0.0003096299586790764  1.847034549209335e-05
                 100000  -0.009587082551526656  -0.002012979670113561  0.0006288860241037646  0.0003109546567278507      25.39146990221831
                 100000 -0.0001006582562445779  -0.001564706310667177  0.0006231544994869536  0.0003090259776768906     0.2347894833402538
                 100000  -0.002388786827173655 -0.0009617117507165049  0.0006273889369417992   0.000326934009771671      4.488639035539666
                 100000   0.000419828185096647 -0.0003269240006216677  0.0006213124197101662   0.000308522520257597     0.2793647240675605
                 100000   -0.01205141996456131   0.004911164259880905  0.0006205488365460306  0.0003144419287338456    0.08662107396678527
                 100000   0.003728249227237883    0.00207313511256324  0.0006207699095532523  0.0003085060939450577    0.06522500631927457
                 100000   0.008105395894345687 -0.0003824926268970452  0.0006210020089336293   0.000308482432774769  0.0002903547790680548
                 100000   0.002646514885952733 -0.0003742876071075254  0.0006208547694960552  0.0003082242258668563     0.0165995735752126
                 100000   0.004512935258167248  0.0005412681329256198  0.0006205873128131868  0.0003080145257063899    0.01195351106900483
                 100000  -0.008453944582391848  -0.002706763629356216  0.0006181783690115639  0.0003069351054850063      16.90988492408907
                 100000   0.005106242204467204 -0.0006162534898659485  0.0006159389489520755  0.0003062295891518612  0.0008825089830985742
                 100000   0.001902371027182875   0.002675011226722273  0.0006207059381965463  0.0003059731415393881     0.1853353018629648
                 100000  -0.008377450048096919  -0.004702432680107655  0.0006207755359696678  0.0003059103146234487      9.659404125018522
                 100000  -0.004439265985356896  -0.002822270729755813  0.0006203070323221897  0.0003058835907248379      1.656266639476934
                 100000   0.007551765743997119  -0.001165547363259634  0.0006200340983941316  0.0003058526527725991  0.0001328584846265216
                 100000   0.002619928790770313  -0.002082861679863555  0.0006192973479126249  0.0003054365826004399    0.01500451283668311
                 100000   -0.01879886036282305  -0.002554546131657539  0.0006191553592181246  0.0003053780322521841   0.003255570874028087
                 100000   -0.01147094796495392 -0.0001215695499593344   0.000619216791823122  0.0003053088760023103       1.87712772815433
                 100000   -0.01534440709654552  -0.002726962195095001  0.0006186866791409908  0.0003049736879312811      3.270027113380828
                 100000   0.007228715907011533 -0.0005322014606318539  0.0006181699403593616  0.0003046988159297886  0.0001873822254920975
                 100000  -0.008860274901617922   0.001165360488477232  0.0006183476418815384  0.0003046882611160726      12.33466908829843
                 100000   -0.01715324605644339    -0.0011657069758623  0.0006181395717795143  0.0003047121513434385     0.0139250525338427
                 100000   0.002782552405204083 -0.0007975302258059277  0.0006179730256668875  0.0003047604981278743    0.01727003976670293
                 100000  -0.001846112792810954  0.0005878614555461482  0.0006180636947501726  0.0003046783979705775      7.575127122674273
                 100000 -0.0001641890961162798  -0.004469856811629053   0.000617972558311815   0.000304614801639572    0.06699105551653795
