#! FIELDS time phi psi ene d1 d2 d3 d4 d5 d6 d7 d8 d9 d10 d11 d12 d13 d14 d15 d16 d17 d18 d19 d20 d21 d22 d23 d24 d25 d26 d27 d28 d29 d30 d31 d32 d33 d34 d35 d36 d37 d38 d39 d40 d41 d42 d43 d44 d45
#! SET min_phi -pi
#! SET max_phi pi
#! SET min_psi -pi
#! SET max_psi pi
 0.000000 -2.36867 2.64432 -41.4582 0.152064 0.233505 0.241173 0.379827 0.473298 0.464863 0.457494 0.574121 0.681482 0.12202 0.132257 0.249465 0.34067 0.362738 0.391918 0.4634 0.588532 0.227997 0.297588 0.374815 0.426195 0.482105 0.504314 0.637612 0.144665 0.244891 0.245382 0.270484 0.359708 0.483304 0.152816 0.150162 0.236995 0.240784 0.380533 0.247224 0.324333 0.315937 0.452694 0.126976 0.130073 0.244001 0.227324 0.281913 0.148169
 1.000000 -1.69659 2.16137 -30.757 0.155562 0.23902 0.249064 0.395147 0.481974 0.483808 0.52163 0.563025 0.69596 0.122625 0.13326 0.256213 0.367946 0.345155 0.405698 0.413475 0.551447 0.224927 0.29366 0.421425 0.367379 0.450867 0.396367 0.52992 0.152305 0.251367 0.251971 0.302277 0.349523 0.488745 0.153826 0.149508 0.238896 0.236333 0.379815 0.254375 0.31006 0.340428 0.466499 0.123468 0.131446 0.249802 0.224753 0.287035 0.150157
 2.000000 -1.91253 2.83624 -25.9105 0.152078 0.241825 0.243728 0.383418 0.480659 0.466779 0.463874 0.585988 0.703263 0.125568 0.136252 0.252366 0.359907 0.355005 0.385435 0.461918 0.592315 0.230196 0.293741 0.405858 0.39338 0.446798 0.473887 0.609103 0.144577 0.247908 0.250499 0.281154 0.367789 0.495533 0.153493 0.156114 0.24008 0.245445 0.38476 0.258943 0.337234 0.312588 0.439743 0.118365 0.132065 0.245184 0.218339 0.272665 0.148695
 3.000000 -1.80459 2.63923 -32.4774 0.151429 0.241821 0.245231 0.378885 0.471538 0.468881 0.47414 0.580409 0.695295 0.124896 0.136282 0.2437 0.347578 0.349108 0.385378 0.449738 0.575286 0.227692 0.277487 0.382501 0.381358 0.443287 0.449421 0.577201 0.143179 0.236179 0.255577 0.290499 0.37481 0.50159 0.150528 0.155317 0.241561 0.252728 0.38922 0.2568 0.337447 0.330926 0.460423 0.120565 0.136744 0.249587 0.221233 0.279449 0.142897
 4.000000 -1.287 0.392387 -29.6599 0.150712 0.233498 0.251178 0.389751 0.481931 0.463304 0.584416 0.436833 0.555531 0.122656 0.135758 0.251047 0.368617 0.322356 0.441885 0.312401 0.445367 0.224566 0.28297 0.427705 0.320203 0.433066 0.29191 0.411035 0.147619 0.23802 0.251116 0.360743 0.28905 0.432892 0.156641 0.156649 0.238771 0.256621 0.396926 0.263869 0.296469 0.380488 0.507916 0.122577 0.134868 0.25323 0.222605 0.286406 0.146626
 5.000000 -2.5013 -3.09976 -25.6377 0.153181 0.24672 0.240731 0.382529 0.445722 0.479523 0.466357 0.60771 0.721167 0.125468 0.132963 0.249357 0.319445 0.370903 0.392953 0.486798 0.613497 0.225242 0.284678 0.345513 0.422218 0.469967 0.516358 0.651211 0.146774 0.232018 0.250888 0.274443 0.373147 0.496268 0.152601 0.155239 0.242836 0.246189 0.384847 0.257583 0.349971 0.307218 0.447337 0.124904 0.135818 0.245384 0.231152 0.281705 0.147874
 6.000000 -2.17102 2.52364 -43.1685 0.150452 0.230766 0.241611 0.38566 0.481081 0.466938 0.47881 0.572399 0.690391 0.120064 0.132216 0.251713 0.357741 0.354978 0.399421 0.448924 0.578142 0.224766 0.29211 0.398205 0.405209 0.474689 0.469923 0.600625 0.149922 0.255472 0.245265 0.284004 0.358084 0.488148 0.15671 0.156446 0.248897 0.243007 0.384452 0.258206 0.331192 0.32958 0.461079 0.123549 0.134593 0.25146 0.225702 0.289808 0.144678
 7.000000 -1.63466 2.12407 -20.2584 0.147051 0.241214 0.234749 0.377672 0.470786 0.459751 0.500363 0.539127 0.644611 0.122887 0.133744 0.24777 0.361816 0.339218 0.405558 0.408736 0.527494 0.222504 0.273983 0.403633 0.356025 0.44957 0.385105 0.504429 0.151291 0.243649 0.256672 0.306365 0.35995 0.484928 0.155157 0.154452 0.239251 0.249281 0.388335 0.256919 0.296577 0.358261 0.489023 0.12393 0.136477 0.24912 0.229698 0.286664 0.147523
 8.000000 -2.39888 2.94998 -32.0935 0.150031 0.23708 0.239172 0.375393 0.450708 0.480153 0.490246 0.605654 0.726418 0.121632 0.130905 0.242143 0.323783 0.366785 0.407865 0.480508 0.612086 0.221181 0.277176 0.348175 0.412907 0.479965 0.502149 0.641038 0.142562 0.235333 0.252867 0.288157 0.377166 0.503968 0.149166 0.155074 0.243704 0.252523 0.391552 0.249698 0.333194 0.31076 0.444697 0.121729 0.137505 0.25146 0.22156 0.276786 0.146642
 9.000000 -1.59831 2.55192 -11.5161 0.152942 0.240779 0.246458 0.385761 0.481551 0.461997 0.470359 0.566469 0.683845 0.125268 0.136282 0.248915 0.365526 0.334755 0.373676 0.427903 0.555792 0.230534 0.286348 0.415945 0.3623 0.429393 0.420017 0.546512 0.147054 0.245429 0.250352 0.282314 0.363408 0.496085 0.158932 0.157845 0.239905 0.24671 0.390907 0.271676 0.328743 0.344819 0.47905 0.123081 0.133288 0.250492 0.228934 0.291338 0.150842
 10.000000 -1.13854 0.108139 -37.8629 0.154209 0.243784 0.242493 0.383526 0.473686 0.471043 0.589857 0.438347 0.557096 0.125203 0.132043 0.246595 0.364203 0.329579 0.44514 0.314831 0.446357 0.226341 0.283402 0.426496 0.326585 0.432021 0.300132 0.411746 0.147199 0.236702 0.264073 0.373209 0.29016 0.437108 0.151242 0.155637 0.241067 0.246137 0.390603 0.24829 0.288763 0.353266 0.486331 0.121533 0.135766 0.254888 0.227837 0.294717 0.149179
 11.000000 -1.20462 0.116709 -43.853 0.149725 0.235275 0.238673 0.380097 0.478403 0.469313 0.589922 0.446413 0.575807 0.121108 0.133753 0.251907 0.378763 0.329523 0.448165 0.316693 0.451924 0.225916 0.293538 0.440782 0.335597 0.443989 0.309804 0.428131 0.146516 0.251811 0.256075 0.36963 0.284229 0.427954 0.15795 0.154165 0.242865 0.24758 0.380578 0.262233 0.299982 0.374672 0.491923 0.123192 0.134048 0.238934 0.222728 0.264724 0.144129
 12.000000 -2.60375 2.86215 -26.7367 0.149323 0.238264 0.235059 0.378542 0.469257 0.483015 0.481128 0.601581 0.710524 0.119485 0.130427 0.248466 0.33386 0.376305 0.407182 0.483617 0.606267 0.21738 0.278338 0.339236 0.420674 0.477554 0.504707 0.637669 0.149283 0.257748 0.257936 0.28411 0.37647 0.492446 0.153736 0.154418 0.240066 0.246626 0.377987 0.250285 0.347629 0.300096 0.431229 0.121293 0.132153 0.235742 0.219734 0.262183 0.142281
 13.000000 -2.30979 2.7024 -31.8073 0.15315 0.245042 0.233771 0.373654 0.467441 0.462992 0.479323 0.576677 0.682762 0.123184 0.1326 0.242126 0.33588 0.358216 0.40912 0.458816 0.580129 0.227267 0.277412 0.358267 0.405106 0.483071 0.476105 0.601631 0.148252 0.250701 0.249136 0.288922 0.367941 0.489248 0.15381 0.154464 0.248546 0.24466 0.382249 0.257259 0.339015 0.318854 0.458967 0.125531 0.137179 0.247992 0.228506 0.283113 0.145237
 14.000000 -2.60907 2.74099 -36.3857 0.153545 0.234434 0.245862 0.381283 0.460133 0.489457 0.506183 0.597876 0.73192 0.122143 0.13291 0.24175 0.322298 0.369939 0.415899 0.466587 0.607577 0.226778 0.279153 0.343533 0.420118 0.492595 0.488665 0.632167 0.145093 0.244718 0.251869 0.287194 0.365522 0.501944 0.156386 0.15251 0.24282 0.238649 0.382453 0.249081 0.328604 0.308405 0.440099 0.124018 0.134858 0.25516 0.230043 0.301342 0.14638
 15.000000 -2.72125 2.91741 -23.7643 0.150996 0.227777 0.25135 0.388424 0.452479 0.486212 0.485053 0.609995 0.736402 0.119384 0.13207 0.247641 0.320541 0.364385 0.393175 0.478559 0.61404 0.218298 0.279606 0.339366 0.414804 0.470757 0.507503 0.651437 0.145443 0.244156 0.239494 0.264925 0.362182 0.491378 0.153982 0.151862 0.240021 0.243722 0.38505 0.25562 0.336854 0.314339 0.442238 0.122503 0.133632 0.25194 0.222873 0.286407 0.147424
 16.000000 -2.57664 2.65767 -25.2691 0.151501 0.239188 0.240643 0.372267 0.434636 0.4756 0.476688 0.59183 0.70577 0.125758 0.133204 0.238758 0.320593 0.360286 0.393051 0.464097 0.589884 0.230554 0.282253 0.36143 0.416089 0.475782 0.493887 0.626731 0.139965 0.238063 0.239404 0.264353 0.357134 0.478957 0.156216 0.155745 0.237495 0.248045 0.388262 0.255711 0.32012 0.332073 0.470082 0.119573 0.132678 0.246486 0.221712 0.278137 0.149384
 17.000000 -2.40831 2.81607 -27.6081 0.151227 0.236746 0.242612 0.387811 0.460658 0.483603 0.480072 0.609236 0.729481 0.122946 0.131944 0.256333 0.342828 0.370493 0.399318 0.484915 0.616296 0.223941 0.298918 0.378384 0.426506 0.482154 0.518697 0.657703 0.147967 0.244306 0.250461 0.275769 0.374331 0.50259 0.15396 0.14858 0.231564 0.247148 0.38818 0.244722 0.313292 0.313435 0.446288 0.121545 0.135859 0.253502 0.224147 0.286905 0.148244
 18.000000 -2.70092 -3.08903 -38.496 0.153358 0.238905 0.240824 0.384561 0.455089 0.485415 0.476998 0.619236 0.73439 0.12383 0.12916 0.247159 0.32652 0.369138 0.391871 0.493519 0.620483 0.223838 0.284237 0.341316 0.426024 0.474397 0.53134 0.668369 0.150612 0.25474 0.249068 0.269224 0.37946 0.500669 0.155136 0.155858 0.241541 0.255061 0.393474 0.25836 0.35325 0.306359 0.445465 0.121058 0.13934 0.251954 0.225092 0.280115 0.146974
 19.000000 -2.40695 2.57862 -31.3367 0.153007 0.245037 0.237117 0.3772 0.441131 0.471852 0.480151 0.581869 0.701907 0.126303 0.13138 0.244513 0.323289 0.357736 0.399383 0.452844 0.583834 0.228464 0.285227 0.35699 0.409841 0.478566 0.474527 0.611242 0.1461 0.240117 0.242569 0.276926 0.355382 0.482525 0.150036 0.15424 0.245098 0.239678 0.381055 0.261389 0.339313 0.329585 0.465609 0.123636 0.134378 0.246373 0.228382 0.282462 0.148163
 20.000000 -2.12227 2.65461 -51.1552 0.148712 0.233097 0.244829 0.381717 0.474606 0.475688 0.487064 0.585517 0.703068 0.120605 0.132907 0.246928 0.349007 0.360952 0.401981 0.461052 0.590341 0.219005 0.276691 0.382047 0.396601 0.464054 0.468391 0.602709 0.144669 0.243385 0.253165 0.288557 0.368927 0.496288 0.153695 0.158527 0.245058 0.24994 0.389043 0.252769 0.32319 0.324355 0.452822 0.120745 0.132848 0.246254 0.219585 0.275212 0.145888
 21.000000 -2.54098 3.07586 -30.5419 0.153619 0.239436 0.25111 0.391248 0.469322 0.487659 0.467865 0.611668 0.731735 0.124038 0.135526 0.254613 0.336199 0.3768 0.391676 0.48832 0.618677 0.225654 0.29297 0.361053 0.43438 0.474509 0.523933 0.660115 0.144886 0.242237 0.250639 0.270213 0.36874 0.496389 0.155063 0.159429 0.243278 0.244675 0.383141 0.257451 0.349517 0.30153 0.433679 0.123561 0.133886 0.246786 0.2324 0.297461 0.142083
 22.000000 -2.64791 2.73972 -27.6412 0.147859 0.234952 0.24429 0.381607 0.453448 0.489662 0.490014 0.60545 0.725258 0.123317 0.132719 0.246398 0.319412 0.375231 0.405288 0.481449 0.612975 0.220547 0.274577 0.327467 0.420437 0.479053 0.50105 0.638804 0.146115 0.243998 0.253497 0.277744 0.372978 0.502514 0.158417 0.156995 0.241488 0.249697 0.394351 0.262399 0.345195 0.330238 0.478378 0.122056 0.136234 0.257357 0.227456 0.294708 0.151774
 23.000000 -2.34568 2.37223 -41.2101 0.148902 0.234821 0.240951 0.379905 0.466886 0.474786 0.484313 0.57278 0.689037 0.123551 0.132429 0.245928 0.333214 0.361867 0.40094 0.453117 0.583055 0.225396 0.281405 0.350931 0.409459 0.476235 0.473347 0.612548 0.14738 0.249065 0.248957 0.278092 0.36098 0.484974 0.150009 0.15188 0.235784 0.246853 0.384073 0.254255 0.330425 0.334209 0.464382 0.120381 0.134862 0.244996 0.222037 0.273317 0.147412
 24.000000 -2.47134 2.78065 -18.1455 0.152432 0.239496 0.243926 0.386612 0.464487 0.477898 0.480982 0.592783 0.717363 0.127584 0.134791 0.251274 0.331484 0.367294 0.402355 0.469235 0.604749 0.234383 0.295489 0.357087 0.429835 0.491084 0.505101 0.645915 0.149828 0.246001 0.247213 0.275503 0.363545 0.495933 0.152333 0.154544 0.240885 0.238392 0.382757 0.259102 0.335702 0.3148 0.452968 0.119165 0.134957 0.252501 0.226813 0.294043 0.148147
 25.000000 -2.85815 2.83389 -5.92355 0.150009 0.235322 0.238866 0.380806 0.44806 0.479778 0.481827 0.603038 0.724533 0.123565 0.127777 0.248264 0.307509 0.372286 0.402435 0.487946 0.622595 0.220515 0.286248 0.315591 0.431712 0.487233 0.52758 0.671916 0.148321 0.238028 0.250173 0.275557 0.37422 0.503785 0.154452 0.152032 0.234771 0.24927 0.393032 0.253056 0.32261 0.325173 0.465356 0.117809 0.135709 0.256216 0.219074 0.285858 0.14995
 26.000000 -2.92886 2.68588 -40.3311 0.157806 0.245733 0.247473 0.384096 0.443105 0.487995 0.486093 0.606049 0.725424 0.12396 0.132342 0.243165 0.308432 0.369117 0.400396 0.47474 0.606281 0.224479 0.278779 0.319398 0.423357 0.482324 0.505105 0.646573 0.143721 0.244681 0.243549 0.268651 0.360329 0.484666 0.153915 0.151384 0.237132 0.241762 0.381619 0.250183 0.332906 0.316565 0.452874 0.121287 0.133611 0.246167 0.224005 0.278862 0.147896
 27.000000 -2.24502 3.05416 -27.1876 0.147382 0.232063 0.238901 0.380064 0.470522 0.473068 0.47456 0.597795 0.713306 0.12007 0.134275 0.248904 0.349369 0.360874 0.393612 0.473462 0.600147 0.224592 0.283542 0.381073 0.404123 0.458091 0.493282 0.625083 0.148763 0.252965 0.249337 0.284254 0.370753 0.49527 0.159382 0.153671 0.249147 0.241989 0.382073 0.258412 0.358758 0.300449 0.438838 0.12484 0.136134 0.246142 0.226407 0.273327 0.148573
 28.000000 -2.30473 2.3887 -41.123 0.147471 0.231137 0.239983 0.375771 0.476503 0.455219 0.461298 0.548379 0.665971 0.12238 0.133834 0.248833 0.342538 0.360321 0.397071 0.450498 0.583222 0.227435 0.291655 0.365911 0.422792 0.485745 0.489595 0.628359 0.146146 0.247815 0.245005 0.273667 0.3558 0.486567 0.151885 0.155936 0.240766 0.246761 0.387592 0.257054 0.325089 0.33793 0.46827 0.124296 0.134907 0.251691 0.230821 0.297848 0.145164
 29.000000 -2.41394 2.32883 -10.6364 0.154998 0.232956 0.246454 0.38976 0.467477 0.493515 0.52483 0.590249 0.716438 0.122665 0.133214 0.250822 0.338131 0.372759 0.430113 0.459948 0.59489 0.230276 0.296562 0.382122 0.424817 0.506402 0.483478 0.62162 0.14968 0.247579 0.256237 0.300865 0.363477 0.493633 0.152521 0.154722 0.240751 0.246199 0.383391 0.250153 0.303459 0.33596 0.458217 0.12239 0.133273 0.246707 0.223731 0.283638 0.142808
 30.000000 -2.81074 -3.13794 -20.0825 0.151595 0.232512 0.243822 0.381088 0.420105 0.494124 0.495044 0.620148 0.729877 0.120533 0.136914 0.246674 0.294741 0.378978 0.41092 0.493239 0.61374 0.230716 0.288989 0.325 0.433942 0.490081 0.527782 0.656337 0.145731 0.229929 0.252388 0.276434 0.376702 0.48946 0.152437 0.155101 0.240653 0.249877 0.379181 0.260879 0.345156 0.316092 0.45084 0.123177 0.136891 0.237254 0.228174 0.269528 0.141672
 31.000000 -2.65563 2.65069 -33.9485 0.147017 0.227733 0.245772 0.382906 0.454709 0.486644 0.487038 0.598964 0.725917 0.120313 0.139997 0.251326 0.329549 0.375052 0.405983 0.477416 0.614078 0.231507 0.290749 0.359047 0.428763 0.485475 0.507962 0.65291 0.145693 0.242856 0.24645 0.270347 0.362688 0.490938 0.152454 0.152724 0.237981 0.244444 0.383339 0.245212 0.323538 0.318693 0.439513 0.121986 0.131708 0.245866 0.221128 0.280241 0.147817
 32.000000 -2.45514 2.47609 -39.9095 0.150217 0.233087 0.241873 0.381505 0.461985 0.486082 0.483138 0.597462 0.70346 0.12091 0.133747 0.249306 0.338693 0.372619 0.402155 0.473603 0.592842 0.226062 0.290992 0.370307 0.424727 0.481852 0.500696 0.625378 0.144819 0.24984 0.252649 0.274623 0.369482 0.488717 0.155821 0.156264 0.236364 0.2544 0.391979 0.256035 0.325395 0.337364 0.478292 0.125218 0.135445 0.250718 0.230878 0.292147 0.147229
 33.000000 -2.66965 2.83701 -32.346 0.148758 0.2371 0.236129 0.379304 0.457744 0.480481 0.467336 0.604955 0.714749 0.120848 0.132182 0.247191 0.325083 0.370228 0.390691 0.485529 0.608699 0.221603 0.276801 0.335218 0.414916 0.464934 0.508228 0.641444 0.151057 0.254328 0.250753 0.262716 0.376796 0.493011 0.155687 0.150672 0.231894 0.251321 0.384815 0.253239 0.337504 0.319656 0.452331 0.124826 0.135047 0.244858 0.227867 0.280785 0.143429
 34.000000 -2.74066 2.72645 -16.3034 0.157132 0.248571 0.241133 0.373737 0.4542 0.468646 0.460288 0.582974 0.690104 0.125172 0.131554 0.23537 0.315348 0.356421 0.385073 0.4607 0.583672 0.22611 0.271173 0.332078 0.410416 0.468944 0.49075 0.624946 0.14018 0.241042 0.235412 0.25651 0.352323 0.467983 0.151458 0.148614 0.234999 0.239348 0.372648 0.238669 0.321025 0.305907 0.435034 0.124966 0.130321 0.236879 0.224544 0.270994 0.14322
 35.000000 -2.45074 2.70598 -41.8745 0.152949 0.241814 0.239848 0.381663 0.46984 0.479271 0.48104 0.598282 0.706844 0.12105 0.134293 0.251547 0.342804 0.375017 0.411538 0.48294 0.608044 0.223432 0.287506 0.373607 0.422142 0.485482 0.505277 0.636956 0.146391 0.249118 0.254639 0.285107 0.375587 0.499176 0.159511 0.156059 0.242937 0.252759 0.393738 0.254298 0.328571 0.326666 0.468749 0.124298 0.135877 0.251293 0.225965 0.281276 0.151304
 36.000000 -2.36568 2.78673 -19.6503 0.153105 0.237504 0.244088 0.384408 0.466246 0.467292 0.446071 0.588584 0.712764 0.119901 0.135359 0.255725 0.336988 0.368517 0.386043 0.477698 0.615927 0.224507 0.298459 0.370459 0.425469 0.466618 0.511375 0.656084 0.143677 0.238874 0.245804 0.268461 0.365185 0.500209 0.152322 0.154591 0.240453 0.245168 0.390832 0.260351 0.34878 0.322957 0.458145 0.123388 0.13534 0.255743 0.228877 0.297607 0.15135
 37.000000 -2.1249 2.97451 -36.2697 0.150461 0.239243 0.241576 0.376107 0.460716 0.458449 0.450983 0.584424 0.700467 0.124695 0.133461 0.243143 0.338322 0.349156 0.377184 0.464815 0.594467 0.226123 0.282407 0.371139 0.405061 0.460065 0.497725 0.637832 0.14209 0.232301 0.241738 0.271447 0.366171 0.490074 0.151266 0.153689 0.243142 0.24886 0.385817 0.251156 0.334126 0.315554 0.436102 0.122162 0.134778 0.248569 0.219846 0.275176 0.146716
 38.000000 -2.73622 2.47167 -28.8554 0.146785 0.227678 0.236737 0.374032 0.428381 0.478242 0.483675 0.591396 0.708048 0.121964 0.127681 0.241292 0.314725 0.362868 0.398811 0.46556 0.592769 0.221851 0.28139 0.348286 0.418335 0.481933 0.496711 0.632865 0.146357 0.245814 0.243815 0.271854 0.359527 0.480119 0.163315 0.153417 0.238706 0.248224 0.383246 0.262813 0.320826 0.350735 0.475021 0.125089 0.134602 0.243862 0.228764 0.281294 0.143431
 39.000000 -2.5131 2.23552 -36.6375 0.155656 0.243658 0.239407 0.379716 0.466933 0.46766 0.491525 0.566377 0.679771 0.122156 0.132155 0.247293 0.33842 0.361765 0.416452 0.452964 0.582888 0.226167 0.290801 0.364914 0.422901 0.500566 0.492453 0.631104 0.143839 0.248666 0.241139 0.286363 0.351103 0.477601 0.153394 0.14993 0.238273 0.247001 0.38716 0.245293 0.299563 0.33969 0.470621 0.124122 0.137131 0.252644 0.22723 0.286178 0.147397
 40.000000 -1.16801 2.2609 -29.4591 0.148924 0.234167 0.239934 0.37729 0.487933 0.43289 0.446086 0.521353 0.610959 0.12038 0.136481 0.24529 0.377027 0.308523 0.353024 0.3877 0.494114 0.228173 0.280467 0.430641 0.318055 0.387235 0.35505 0.453324 0.148075 0.249432 0.251928 0.292159 0.359717 0.483807 0.155197 0.158406 0.241182 0.252221 0.393818 0.253622 0.299555 0.347134 0.481101 0.122503 0.133832 0.248527 0.225311 0.281184 0.15131
 41.000000 -2.52075 2.13221 -26.9659 0.154953 0.241063 0.241072 0.383743 0.476086 0.478659 0.510934 0.567659 0.687541 0.120717 0.133308 0.253139 0.343315 0.375084 0.433723 0.459372 0.593588 0.22561 0.297779 0.365233 0.436939 0.515337 0.502319 0.643701 0.146137 0.252304 0.252584 0.302026 0.356383 0.486721 0.155152 0.152848 0.240048 0.248001 0.387132 0.247402 0.300849 0.343043 0.469408 0.121986 0.13761 0.251507 0.22665 0.285831 0.14557
 42.000000 -1.26752 2.38349 -33.3669 0.152637 0.232611 0.247678 0.384232 0.496769 0.458762 0.475239 0.551729 0.639255 0.121134 0.134206 0.243006 0.372841 0.32287 0.365496 0.407583 0.507144 0.225389 0.276092 0.418852 0.337071 0.405507 0.382025 0.470874 0.149006 0.251027 0.260832 0.299208 0.369206 0.488656 0.156773 0.155896 0.23826 0.246956 0.383088 0.258474 0.316728 0.336242 0.475356 0.121876 0.13589 0.247204 0.230438 0.292718 0.144873
 43.000000 -1.24876 -0.206199 -8.54181 0.151578 0.241719 0.23795 0.37615 0.46307 0.474568 0.589179 0.462716 0.583555 0.121842 0.134808 0.247778 0.367292 0.331831 0.442215 0.333073 0.460223 0.226392 0.285997 0.431709 0.32897 0.421092 0.328759 0.437532 0.145473 0.23742 0.260702 0.375039 0.287727 0.429493 0.155755 0.156802 0.249488 0.248138 0.387731 0.256346 0.319547 0.346727 0.475071 0.123142 0.136067 0.25111 0.223123 0.282768 0.144068
 44.000000 -2.40475 2.77287 -37.7252 0.150659 0.242879 0.232584 0.375348 0.458689 0.461432 0.451753 0.575521 0.681698 0.122268 0.133306 0.248326 0.330415 0.362987 0.391195 0.464325 0.585202 0.226454 0.285214 0.35186 0.417123 0.47184 0.492457 0.619102 0.15041 0.241653 0.248073 0.273663 0.364821 0.48505 0.150981 0.1507 0.240963 0.237266 0.372384 0.250236 0.341968 0.31196 0.44786 0.123734 0.134045 0.243291 0.226485 0.280794 0.141445
 45.000000 -1.16616 0.234118 -25.511 0.152683 0.240688 0.240607 0.377217 0.47136 0.476402 0.592843 0.453013 0.578388 0.123299 0.134334 0.248745 0.370856 0.328798 0.446591 0.306637 0.440667 0.228774 0.293468 0.436984 0.323327 0.438434 0.270685 0.390605 0.14656 0.244239 0.26041 0.368188 0.283078 0.42435 0.149286 0.154826 0.241386 0.241734 0.38353 0.250571 0.281555 0.361507 0.48411 0.119611 0.132658 0.249576 0.221519 0.282865 0.150156
 46.000000 -1.30624 0.183188 -32.968 0.153907 0.246287 0.24445 0.384385 0.489793 0.475186 0.594805 0.444575 0.563047 0.125899 0.134872 0.247079 0.374879 0.335315 0.453878 0.323694 0.452227 0.227518 0.27924 0.424867 0.334727 0.447111 0.318039 0.430874 0.14763 0.251226 0.264596 0.373551 0.291306 0.430371 0.15563 0.157481 0.245253 0.249059 0.38177 0.255588 0.284278 0.370509 0.489347 0.121576 0.137079 0.242327 0.225706 0.275823 0.13999
 47.000000 -1.18877 0.584642 -44.0039 0.151869 0.238377 0.242958 0.378038 0.47208 0.456679 0.570404 0.424759 0.531704 0.124839 0.131019 0.242358 0.362679 0.316237 0.433527 0.293992 0.42027 0.224335 0.281298 0.423078 0.323991 0.443476 0.275773 0.399254 0.140895 0.237116 0.24892 0.351271 0.281411 0.414489 0.153207 0.153615 0.238128 0.243754 0.380072 0.259615 0.284209 0.377105 0.496462 0.120591 0.133884 0.244815 0.224772 0.280368 0.146685
 48.000000 -1.43131 0.468684 -28.3706 0.150786 0.235308 0.245418 0.391363 0.477875 0.478683 0.593441 0.454947 0.574687 0.121125 0.132109 0.255244 0.368452 0.341077 0.457134 0.330105 0.463356 0.218011 0.286738 0.428026 0.336615 0.455671 0.299757 0.422383 0.151952 0.244584 0.259403 0.361746 0.29193 0.43226 0.15694 0.153588 0.232964 0.249284 0.387814 0.261938 0.279178 0.381203 0.504867 0.122093 0.136705 0.250425 0.231465 0.293978 0.145728
 49.000000 -1.28642 0.960822 -37.2291 0.151663 0.237453 0.246242 0.393099 0.483102 0.465021 0.566498 0.446513 0.552426 0.12071 0.132578 0.255628 0.368993 0.333445 0.444087 0.322211 0.446883 0.218487 0.28311 0.421149 0.33701 0.457295 0.293073 0.410317 0.15383 0.241476 0.261095 0.355853 0.302424 0.438754 0.151934 0.15776 0.244583 0.245083 0.385237 0.256627 0.281457 0.374813 0.501512 0.121105 0.130948 0.245473 0.220556 0.279551 0.145412
 50.000000 -1.76233 1.17096 -33.5024 0.152249 0.236539 0.247102 0.384927 0.473473 0.463553 0.559562 0.456951 0.555793 0.121866 0.136134 0.24834 0.356306 0.338193 0.446607 0.337358 0.455675 0.226519 0.284132 0.409077 0.360913 0.481627 0.328052 0.440585 0.14522 0.237268 0.244947 0.336775 0.293661 0.421845 0.146904 0.157772 0.250148 0.24424 0.381779 0.253416 0.28824 0.371664 0.499719 0.123175 0.134086 0.24758 0.224156 0.285467 0.140832
 51.000000 -1.15986 1.06099 -42.8461 0.145231 0.228839 0.241547 0.38409 0.482476 0.46234 0.561993 0.454639 0.57181 0.122465 0.132389 0.250953 0.37267 0.324876 0.432345 0.320876 0.450856 0.222847 0.283344 0.430487 0.317859 0.435316 0.267466 0.384711 0.151304 0.245597 0.259538 0.350948 0.310969 0.451963 0.15588 0.154241 0.241828 0.246688 0.389496 0.257669 0.281565 0.381211 0.50959 0.121455 0.134909 0.251969 0.223047 0.283161 0.149154
 52.000000 -1.54272 1.0184 -20.3738 0.154293 0.244965 0.245507 0.390262 0.486016 0.464361 0.567304 0.447319 0.562309 0.124802 0.13259 0.247837 0.363608 0.327567 0.437928 0.320515 0.450645 0.223026 0.270253 0.404469 0.329996 0.45036 0.293458 0.414005 0.156199 0.25006 0.254114 0.344924 0.298665 0.437176 0.154596 0.153295 0.236463 0.245017 0.383405 0.26461 0.286484 0.384783 0.512302 0.121224 0.134399 0.248537 0.226693 0.290124 0.14394
 53.000000 -1.27324 1.10028 -42.0052 0.155081 0.241152 0.245413 0.387111 0.49083 0.454765 0.557532 0.445545 0.561094 0.124021 0.134953 0.247564 0.372546 0.321812 0.433689 0.3192 0.448809 0.230243 0.283427 0.4275 0.333155 0.454507 0.292008 0.406888 0.151826 0.2479 0.258133 0.350632 0.312165 0.452945 0.156569 0.155275 0.239361 0.248888 0.387168 0.261657 0.280678 0.385001 0.511136 0.121757 0.134935 0.251363 0.225456 0.291706 0.143482
 54.000000 -1.15466 1.13233 -8.18668 0.153685 0.234696 0.24326 0.38097 0.48544 0.453614 0.55655 0.450842 0.549644 0.121348 0.13155 0.244132 0.372929 0.31514 0.429003 0.312929 0.430841 0.225459 0.286643 0.43457 0.329093 0.451126 0.282403 0.390526 0.143589 0.246928 0.25049 0.351514 0.30432 0.43783 0.155938 0.153662 0.251231 0.2443 0.387559 0.253973 0.289599 0.37613 0.507227 0.125271 0.133961 0.25333 0.219437 0.279344 0.148935
 55.000000 -1.34753 1.06263 -43.5975 0.148083 0.22945 0.241848 0.383298 0.486959 0.459583 0.565482 0.442003 0.543853 0.119168 0.131018 0.247782 0.371818 0.329569 0.443187 0.31811 0.44051 0.218992 0.278388 0.422623 0.337058 0.459131 0.289499 0.402849 0.150058 0.249374 0.25805 0.355536 0.300351 0.437643 0.158731 0.153909 0.244101 0.238448 0.384832 0.259408 0.285236 0.377633 0.513543 0.122448 0.133248 0.254895 0.225952 0.296046 0.149807
 56.000000 -1.35439 0.640764 -36.3528 0.151569 0.242413 0.236985 0.38439 0.475204 0.468079 0.580946 0.445589 0.568801 0.120814 0.131877 0.253631 0.372241 0.336135 0.45372 0.321209 0.457049 0.220327 0.286166 0.427813 0.341118 0.461574 0.300424 0.42202 0.15155 0.247659 0.258575 0.362463 0.293168 0.44108 0.156109 0.151728 0.238861 0.245188 0.391244 0.255796 0.280042 0.378335 0.511934 0.121348 0.136335 0.257746 0.225239 0.292348 0.151421
 57.000000 -1.49055 0.904984 -42.7018 0.149472 0.236086 0.236561 0.376035 0.472121 0.454663 0.566927 0.440384 0.556649 0.125278 0.133353 0.244643 0.366693 0.323069 0.441921 0.314444 0.445539 0.232572 0.289467 0.433042 0.339714 0.464446 0.294288 0.413932 0.147026 0.245007 0.246404 0.348392 0.291644 0.430133 0.15618 0.149356 0.238815 0.24523 0.385253 0.253051 0.274768 0.380116 0.505687 0.124808 0.137848 0.253084 0.229652 0.289735 0.146435
 58.000000 -1.15343 0.96007 -46.567 0.155062 0.24566 0.246936 0.385351 0.482707 0.460102 0.555356 0.450437 0.561068 0.123757 0.13606 0.247873 0.368233 0.324699 0.43166 0.32007 0.448631 0.226075 0.280353 0.420308 0.329029 0.449094 0.289001 0.410203 0.146177 0.239246 0.258907 0.346149 0.309387 0.448773 0.151289 0.154908 0.237384 0.246317 0.388482 0.256387 0.274595 0.376516 0.505076 0.122127 0.130687 0.24873 0.222285 0.28513 0.148317
 59.000000 -1.35617 0.856231 -32.3936 0.152291 0.236746 0.241859 0.379393 0.45551 0.462692 0.570217 0.45226 0.559469 0.122818 0.132453 0.246211 0.352493 0.325921 0.440267 0.318621 0.440819 0.226944 0.290612 0.423113 0.338649 0.459549 0.293881 0.404566 0.142289 0.22418 0.248366 0.346705 0.293586 0.426727 0.146256 0.151969 0.237431 0.244696 0.382701 0.245288 0.269207 0.366496 0.491141 0.120914 0.13316 0.248869 0.221657 0.286116 0.142826
 60.000000 -1.29598 0.867121 -49.098 0.149557 0.242067 0.23397 0.376137 0.468647 0.450384 0.551679 0.434723 0.535755 0.123104 0.131295 0.248163 0.367677 0.324553 0.437025 0.31354 0.435318 0.22293 0.28479 0.426648 0.334471 0.456865 0.288786 0.407748 0.146432 0.242312 0.251675 0.347259 0.29593 0.425498 0.154888 0.153177 0.240357 0.247581 0.382953 0.257437 0.279472 0.382336 0.502161 0.123109 0.137009 0.247058 0.227656 0.281074 0.144661
 61.000000 -1.37635 1.08734 -20.9082 0.148204 0.240621 0.234636 0.377889 0.466311 0.459593 0.562484 0.464924 0.598154 0.121888 0.134048 0.255941 0.375152 0.327715 0.441096 0.326584 0.467497 0.223523 0.2952 0.436041 0.33766 0.460296 0.293009 0.423554 0.147067 0.247282 0.24654 0.344969 0.300563 0.447421 0.152316 0.157532 0.246994 0.253437 0.395625 0.260365 0.288175 0.385734 0.511269 0.124196 0.137621 0.252187 0.226338 0.277654 0.152549
 62.000000 -1.17046 1.57408 -27.2888 0.146376 0.231093 0.2416 0.375642 0.483164 0.430026 0.49415 0.459027 0.554179 0.123973 0.139729 0.247211 0.376914 0.308081 0.394135 0.332754 0.447479 0.236477 0.292665 0.440847 0.331672 0.436079 0.30667 0.412573 0.143806 0.243822 0.24452 0.316813 0.322782 0.453793 0.155821 0.152836 0.240406 0.247271 0.389117 0.25235 0.281713 0.372188 0.501727 0.120934 0.135948 0.253376 0.222491 0.284346 0.148056
 63.000000 -1.10155 1.67098 -33.166 0.156504 0.239668 0.248689 0.388789 0.493616 0.439447 0.487183 0.475558 0.567015 0.123988 0.130299 0.245133 0.370048 0.303275 0.376176 0.336916 0.449447 0.223598 0.279084 0.424664 0.308366 0.402781 0.289152 0.393052 0.149877 0.246992 0.247327 0.310904 0.327719 0.456324 0.155345 0.150972 0.239537 0.243526 0.384573 0.26315 0.305985 0.373825 0.506179 0.123335 0.136052 0.25025 0.227391 0.283489 0.14899
 64.000000 -1.87536 1.24398 -23.5105 0.151333 0.240331 0.243611 0.38277 0.470829 0.462309 0.549929 0.463517 0.593816 0.122922 0.131539 0.246717 0.356027 0.33642 0.437115 0.340269 0.478727 0.219449 0.277127 0.400944 0.360891 0.476368 0.334442 0.460791 0.14547 0.245124 0.23923 0.323086 0.288757 0.433367 0.156091 0.150869 0.236332 0.235661 0.37303 0.258616 0.281826 0.374699 0.49828 0.120653 0.133321 0.246762 0.22784 0.293034 0.145902
 65.000000 -2.78616 2.40703 -41.5392 0.149225 0.233529 0.24259 0.377956 0.431693 0.480362 0.494305 0.586679 0.705604 0.122838 0.133419 0.242698 0.304479 0.367189 0.408041 0.464971 0.595784 0.225945 0.278481 0.317408 0.424674 0.48868 0.50191 0.642152 0.144137 0.233385 0.242059 0.274772 0.354412 0.47926 0.15236 0.155354 0.237313 0.246994 0.386068 0.255146 0.307405 0.345986 0.476963 0.117696 0.135951 0.248725 0.224229 0.284713 0.14541
 66.000000 -1.21268 0.985348 -45.4663 0.154155 0.241564 0.245064 0.383562 0.476506 0.446638 0.53828 0.423348 0.515825 0.123469 0.132876 0.249165 0.365988 0.323655 0.429272 0.306783 0.425568 0.224614 0.289589 0.426701 0.346269 0.46359 0.294792 0.411072 0.145009 0.236997 0.254305 0.344462 0.295962 0.426386 0.151838 0.160349 0.2456 0.247845 0.384766 0.260138 0.285572 0.380698 0.503624 0.119293 0.137036 0.244945 0.227305 0.280244 0.144943
 67.000000 -2.05048 0.176515 -30.2449 0.151862 0.235061 0.247482 0.388981 0.467901 0.491911 0.606398 0.488734 0.626158 0.121839 0.134136 0.250413 0.354416 0.356609 0.466838 0.373879 0.51913 0.224282 0.28086 0.396827 0.380908 0.478433 0.409676 0.549569 0.153522 0.253708 0.254876 0.365403 0.284526 0.432325 0.160329 0.152408 0.235527 0.251766 0.392 0.262104 0.293571 0.376302 0.500257 0.121035 0.136569 0.251896 0.223649 0.280625 0.149648
 68.000000 -1.76702 2.62458 -11.4977 0.143185 0.230334 0.230065 0.364524 0.47011 0.423818 0.42161 0.531598 0.637013 0.119004 0.132913 0.241751 0.354792 0.329196 0.363047 0.425738 0.54899 0.222725 0.274711 0.393349 0.367324 0.428422 0.430323 0.555633 0.148182 0.241997 0.243378 0.271885 0.361012 0.489472 0.152851 0.151859 0.236311 0.241198 0.384153 0.253015 0.318521 0.326094 0.462456 0.118503 0.13754 0.252368 0.228011 0.289958 0.149379
 69.000000 -2.25679 2.3846 -55.0434 0.151366 0.235499 0.246186 0.381157 0.45021 0.487908 0.509967 0.588063 0.709762 0.12146 0.133357 0.245445 0.338636 0.358951 0.406156 0.447086 0.575189 0.222382 0.280525 0.382239 0.392033 0.464736 0.446805 0.575138 0.144508 0.243983 0.247112 0.283493 0.357438 0.484412 0.155397 0.151889 0.237205 0.244113 0.383877 0.255754 0.319178 0.338955 0.472575 0.120958 0.135085 0.249725 0.225313 0.286475 0.145783
 70.000000 -2.70338 2.7317 -34.7057 0.150618 0.233887 0.246211 0.388678 0.450303 0.496659 0.511312 0.612576 0.739223 0.124683 0.136754 0.254229 0.328486 0.37885 0.423348 0.483305 0.618479 0.233128 0.296611 0.358956 0.435577 0.506227 0.516755 0.659804 0.150599 0.245557 0.252657 0.289032 0.369442 0.496579 0.149674 0.151553 0.246326 0.242761 0.379563 0.241343 0.325311 0.308626 0.427186 0.126839 0.131028 0.244518 0.220504 0.273924 0.145036
 71.000000 -2.71528 3.06974 -18.5352 0.146144 0.235944 0.241706 0.385476 0.447714 0.487151 0.475849 0.613934 0.728051 0.122767 0.135417 0.253389 0.317671 0.377403 0.397329 0.494505 0.620039 0.222901 0.280086 0.319937 0.425951 0.474821 0.522464 0.657078 0.152506 0.242767 0.251854 0.266976 0.376883 0.498195 0.153421 0.155993 0.238754 0.250491 0.388008 0.259478 0.343026 0.317844 0.458618 0.121629 0.134043 0.247423 0.224311 0.283912 0.145068
 72.000000 -2.17159 2.94272 -28.3472 0.152937 0.250087 0.240754 0.382421 0.465549 0.457771 0.435046 0.583563 0.686621 0.124344 0.133539 0.252106 0.34065 0.356005 0.373114 0.470908 0.590787 0.219902 0.281203 0.366263 0.399616 0.446399 0.49088 0.617451 0.146539 0.237445 0.243598 0.263592 0.36642 0.488143 0.148885 0.154391 0.240711 0.246529 0.385398 0.256805 0.338841 0.317491 0.456798 0.125034 0.133646 0.246009 0.228121 0.283181 0.146891
 73.000000 -2.08223 2.60491 -26.9068 0.150961 0.230477 0.237861 0.370102 0.46711 0.451752 0.473166 0.559198 0.67838 0.122214 0.130978 0.237971 0.339783 0.343977 0.399684 0.440011 0.572658 0.228982 0.285557 0.385845 0.394847 0.475661 0.460409 0.597737 0.139896 0.240986 0.24114 0.287852 0.356024 0.484553 0.151645 0.152423 0.248295 0.24262 0.381284 0.253696 0.329989 0.322001 0.447939 0.128333 0.134129 0.246157 0.226787 0.276085 0.146873
 74.000000 -2.73064 2.48353 -41.5807 0.153874 0.24072 0.245909 0.389215 0.453211 0.495863 0.512288 0.599135 0.716453 0.119918 0.133706 0.250919 0.325955 0.37646 0.422572 0.46809 0.596195 0.219329 0.277197 0.333654 0.420688 0.493297 0.488701 0.62451 0.150944 0.249576 0.252941 0.290117 0.359952 0.48474 0.156915 0.153058 0.244846 0.237764 0.379395 0.251072 0.325226 0.325972 0.467086 0.123425 0.130698 0.247732 0.221993 0.282277 0.147902
 75.000000 -1.83806 2.41918 -18.7019 0.159275 0.250828 0.246056 0.387311 0.479186 0.474274 0.485778 0.572981 0.685519 0.121833 0.134563 0.249797 0.367291 0.343718 0.386114 0.428752 0.54876 0.222609 0.281667 0.410282 0.3708 0.441355 0.421493 0.537407 0.146339 0.252542 0.246519 0.279829 0.35414 0.481652 0.158248 0.157845 0.239863 0.244806 0.385586 0.26236 0.316914 0.339243 0.474043 0.122261 0.130205 0.247922 0.22528 0.294798 0.144251
 76.000000 -1.38411 0.490657 -21.3869 0.154724 0.236735 0.246101 0.381536 0.468153 0.469362 0.590933 0.442425 0.563136 0.120135 0.132714 0.243838 0.355098 0.326577 0.447275 0.309587 0.440749 0.223207 0.283042 0.414985 0.332285 0.44829 0.290682 0.403871 0.141892 0.231859 0.248646 0.36009 0.278214 0.421008 0.142657 0.147604 0.236171 0.237304 0.375804 0.239515 0.271679 0.356374 0.483157 0.124645 0.133388 0.246349 0.227974 0.28622 0.144653
 77.000000 -2.57181 -2.9335 -11.1766 0.151868 0.237789 0.246452 0.390836 0.480263 0.48795 0.468234 0.618745 0.726459 0.125298 0.13326 0.254446 0.341856 0.377244 0.390809 0.498526 0.620213 0.226702 0.292693 0.354236 0.438446 0.477852 0.541995 0.673621 0.152498 0.253449 0.255391 0.271876 0.379964 0.499752 0.153839 0.157907 0.239766 0.253015 0.389028 0.249655 0.348428 0.288399 0.432926 0.121206 0.135211 0.244597 0.225477 0.277139 0.146921
 78.000000 -1.86845 2.70519 -26.2859 0.149474 0.23429 0.241952 0.374188 0.47794 0.454121 0.454572 0.563533 0.680208 0.126807 0.128715 0.238486 0.348861 0.3393 0.372986 0.437655 0.566804 0.224944 0.280628 0.383963 0.388962 0.451511 0.456308 0.588503 0.140803 0.244698 0.246151 0.276479 0.359363 0.490893 0.151772 0.15622 0.24049 0.242165 0.384911 0.257859 0.333305 0.3138 0.449796 0.122654 0.132464 0.248312 0.228411 0.29141 0.147993
 79.000000 -1.42414 1.34759 -35.9033 0.145146 0.233132 0.23922 0.378604 0.476165 0.453973 0.53879 0.462109 0.559962 0.124904 0.130814 0.245261 0.365783 0.321519 0.420402 0.330949 0.445231 0.222157 0.275334 0.420086 0.322071 0.437601 0.283766 0.390511 0.1489 0.244926 0.249106 0.331238 0.311475 0.437292 0.157229 0.152003 0.245394 0.243316 0.381092 0.260151 0.294847 0.380507 0.508269 0.125748 0.135954 0.249149 0.227288 0.284324 0.143746
 80.000000 -2.00678 2.23964 -30.812 0.147341 0.234968 0.239286 0.380918 0.464947 0.469354 0.490568 0.566498 0.685495 0.124379 0.135182 0.254185 0.359234 0.354228 0.40587 0.440695 0.570788 0.229178 0.297959 0.408561 0.403525 0.482492 0.460729 0.596565 0.145578 0.243299 0.245323 0.287812 0.355064 0.483608 0.149985 0.152179 0.240355 0.250472 0.389016 0.243011 0.295665 0.340985 0.46316 0.126478 0.132815 0.248338 0.222522 0.277187 0.147217
 81.000000 -1.91218 1.77773 -39.4675 0.151795 0.241587 0.24195 0.384186 0.460424 0.472886 0.533849 0.530359 0.646086 0.123982 0.134436 0.25316 0.356312 0.349337 0.433289 0.39645 0.523556 0.226839 0.293178 0.414379 0.381807 0.488354 0.389847 0.517589 0.14704 0.239233 0.246532 0.314417 0.330492 0.458031 0.150697 0.156392 0.244828 0.24605 0.381662 0.252664 0.283238 0.364145 0.484284 0.12607 0.134113 0.240967 0.230175 0.277855 0.14448
 82.000000 -1.71795 1.04926 -34.9187 0.147623 0.232019 0.243722 0.378788 0.468919 0.460461 0.573402 0.452395 0.574866 0.118501 0.137387 0.246265 0.35589 0.336404 0.454936 0.33691 0.474515 0.223018 0.276493 0.402409 0.351747 0.47581 0.325139 0.457507 0.143797 0.238626 0.245233 0.347883 0.294741 0.436564 0.153811 0.152827 0.244332 0.244669 0.386926 0.261351 0.291983 0.382404 0.511526 0.125252 0.134809 0.250354 0.225738 0.281248 0.149477
 83.000000 -2.67991 2.83992 -39.27 0.150882 0.23331 0.246454 0.3837 0.432721 0.491965 0.501052 0.614685 0.738602 0.117569 0.137182 0.249792 0.316928 0.375504 0.415356 0.48681 0.619875 0.223228 0.283805 0.349679 0.422112 0.487317 0.511144 0.650985 0.144788 0.232882 0.248564 0.282336 0.3709 0.497873 0.156904 0.152884 0.245869 0.248829 0.388311 0.252093 0.332209 0.326175 0.455857 0.126407 0.134355 0.250485 0.222364 0.279189 0.145677
 84.000000 -2.58211 2.68225 -10.2453 0.149721 0.235536 0.2407 0.378083 0.469102 0.458155 0.449723 0.563553 0.669937 0.122282 0.135237 0.252709 0.327605 0.363311 0.386924 0.465571 0.590969 0.228556 0.295197 0.335487 0.42927 0.47889 0.513282 0.649901 0.152259 0.246053 0.240983 0.258044 0.357817 0.479451 0.154035 0.145502 0.232641 0.233882 0.373716 0.251001 0.331146 0.319466 0.458443 0.124225 0.132356 0.245861 0.228315 0.285844 0.147381
 85.000000 -2.05079 2.0001 -40.0321 0.153426 0.239843 0.249295 0.3855 0.460836 0.477058 0.518096 0.554319 0.680835 0.121257 0.13416 0.247972 0.346992 0.344869 0.410496 0.412997 0.547463 0.219835 0.277819 0.389403 0.371094 0.463148 0.403228 0.539236 0.144996 0.238893 0.238577 0.29029 0.337596 0.470047 0.145168 0.151931 0.241009 0.247211 0.38645 0.246533 0.295489 0.35133 0.474906 0.12489 0.133886 0.249335 0.223719 0.281361 0.146785
 86.000000 -1.08714 1.47267 -20.518 0.148856 0.239882 0.24119 0.378599 0.473139 0.438305 0.501816 0.455977 0.562512 0.124128 0.136464 0.248409 0.369266 0.303651 0.387603 0.315566 0.435615 0.227913 0.284841 0.428865 0.302462 0.403007 0.261202 0.367998 0.143426 0.237585 0.24176 0.316404 0.3069 0.441579 0.151788 0.153948 0.246856 0.240139 0.3806 0.262611 0.305414 0.373288 0.501817 0.126616 0.131706 0.243772 0.226109 0.277452 0.147696
 87.000000 -1.89254 1.50029 -22.56 0.153343 0.239698 0.245866 0.386615 0.472648 0.45853 0.522841 0.484544 0.606085 0.122838 0.133326 0.251822 0.349744 0.348321 0.434199 0.381441 0.516827 0.224067 0.29039 0.390716 0.397482 0.503501 0.408709 0.543439 0.147824 0.236674 0.247898 0.317537 0.321555 0.458054 0.157897 0.154536 0.244906 0.248518 0.3832 0.266641 0.301289 0.386709 0.506991 0.126159 0.135626 0.246726 0.227088 0.285446 0.1421
 88.000000 -1.54399 2.74586 -13.2097 0.14828 0.230038 0.248165 0.377359 0.469001 0.472827 0.49078 0.586395 0.711731 0.121577 0.134854 0.2405 0.352495 0.336016 0.37603 0.442356 0.572646 0.222914 0.273372 0.405697 0.338198 0.395353 0.417073 0.543279 0.139486 0.231147 0.254028 0.292913 0.373069 0.503645 0.145798 0.155626 0.242534 0.252171 0.390415 0.247231 0.318433 0.316775 0.440608 0.125027 0.134375 0.250357 0.223302 0.281057 0.146345
 89.000000 -1.38471 0.552459 -17.8166 0.154992 0.24001 0.25363 0.395955 0.50221 0.469482 0.585069 0.433543 0.532693 0.123636 0.135228 0.252445 0.375164 0.332438 0.451587 0.315667 0.437796 0.22392 0.279886 0.417682 0.335057 0.457005 0.303287 0.42426 0.151923 0.255408 0.258614 0.362927 0.288876 0.417657 0.157526 0.158173 0.246482 0.248783 0.383215 0.273093 0.303522 0.389761 0.511426 0.122805 0.131572 0.243406 0.219138 0.274249 0.141858
 90.000000 -1.5564 0.907536 -34.5571 0.150122 0.22918 0.24248 0.382361 0.468784 0.469535 0.582345 0.449411 0.566315 0.121231 0.130002 0.24701 0.357623 0.330094 0.447721 0.313037 0.441921 0.223293 0.287233 0.415455 0.345215 0.467526 0.295014 0.411336 0.14843 0.243667 0.248623 0.352452 0.280746 0.41917 0.14776 0.150454 0.241678 0.233363 0.373643 0.254427 0.288542 0.367379 0.496893 0.122409 0.13055 0.243396 0.222727 0.279036 0.14563
 91.000000 -2.61205 2.4704 -40.1166 0.15168 0.243122 0.232905 0.376499 0.443487 0.4787 0.500636 0.587429 0.724439 0.123927 0.131165 0.247257 0.326744 0.37068 0.422662 0.465049 0.608131 0.227168 0.288241 0.356425 0.425599 0.502236 0.492574 0.638446 0.148781 0.249422 0.251072 0.292318 0.362339 0.499199 0.158451 0.154726 0.23941 0.24359 0.38186 0.25921 0.309555 0.336647 0.450031 0.122193 0.135502 0.253134 0.228525 0.29629 0.145915
 92.000000 -2.55016 2.69432 -45.2636 0.149206 0.229871 0.24137 0.384817 0.457912 0.47967 0.467114 0.599034 0.701679 0.120149 0.132858 0.252146 0.332496 0.368828 0.389161 0.478411 0.595192 0.225156 0.292886 0.35802 0.427198 0.473198 0.515867 0.640679 0.149094 0.247726 0.246777 0.264739 0.367642 0.483577 0.151724 0.154916 0.238446 0.250189 0.386672 0.256475 0.339483 0.328652 0.469815 0.121701 0.133167 0.245781 0.220982 0.274573 0.146608
 93.000000 -1.48075 0.447911 -45.9926 0.156037 0.245702 0.248567 0.389616 0.48807 0.47833 0.595033 0.455133 0.573972 0.123057 0.132618 0.249436 0.368782 0.340078 0.457317 0.333346 0.469176 0.219484 0.278346 0.414719 0.342068 0.458664 0.321722 0.455364 0.146848 0.249598 0.25878 0.363302 0.29309 0.431434 0.152721 0.158858 0.241166 0.252994 0.390932 0.260676 0.2807 0.381193 0.501289 0.122335 0.134501 0.247793 0.226208 0.283508 0.147675
 94.000000 -1.34582 0.664914 -28.0265 0.149398 0.236698 0.239828 0.374667 0.478352 0.460887 0.57704 0.442431 0.572898 0.125194 0.131866 0.241333 0.369797 0.324573 0.442105 0.316269 0.452904 0.22661 0.279938 0.426051 0.336348 0.452316 0.304692 0.419091 0.142155 0.247529 0.254559 0.358924 0.296993 0.445144 0.159222 0.1602 0.244344 0.255399 0.39261 0.266966 0.290984 0.390712 0.516357 0.120238 0.135307 0.249571 0.221198 0.278647 0.14834
 95.000000 -1.16492 0.922387 -41.6502 0.154247 0.234985 0.23617 0.379219 0.466298 0.459877 0.564567 0.449131 0.563419 0.120919 0.130881 0.248286 0.365457 0.325269 0.440495 0.313974 0.442129 0.229138 0.299747 0.440018 0.33781 0.458928 0.281461 0.394369 0.146415 0.238646 0.258129 0.359619 0.302168 0.44026 0.150765 0.158667 0.25213 0.24857 0.386905 0.256304 0.290079 0.377647 0.501509 0.123905 0.134392 0.245461 0.221816 0.271985 0.14519
 96.000000 -1.46712 1.00936 -30.4584 0.150869 0.239203 0.243257 0.382858 0.464139 0.464001 0.552847 0.44899 0.543759 0.12108 0.136838 0.250986 0.361414 0.330798 0.431649 0.316679 0.430982 0.225463 0.285653 0.420158 0.338503 0.452268 0.288217 0.40007 0.145871 0.235457 0.249238 0.331981 0.289392 0.412379 0.154994 0.155795 0.237263 0.240356 0.375231 0.269326 0.294751 0.382671 0.50587 0.117168 0.131279 0.239229 0.220885 0.273868 0.144376
 97.000000 -1.63781 1.00902 -24.9879 0.154744 0.238227 0.243478 0.384605 0.467169 0.469418 0.57599 0.469047 0.580561 0.117135 0.132326 0.249301 0.359458 0.331499 0.446045 0.331615 0.457445 0.217063 0.279132 0.402799 0.350293 0.471625 0.326022 0.448393 0.14784 0.243446 0.244335 0.343679 0.291953 0.427745 0.150012 0.150934 0.239684 0.243185 0.387145 0.256946 0.286733 0.376532 0.510591 0.122061 0.131569 0.253961 0.218288 0.287109 0.148007
 98.000000 -1.49082 1.06901 -48.1115 0.150558 0.236151 0.243059 0.382478 0.479834 0.455619 0.552015 0.443999 0.555433 0.120317 0.137996 0.250302 0.371177 0.32506 0.432406 0.315836 0.442026 0.227348 0.286561 0.427539 0.331359 0.450083 0.281539 0.393296 0.146678 0.248866 0.244302 0.331957 0.291614 0.429861 0.157737 0.153359 0.23536 0.243832 0.384917 0.269787 0.291891 0.388031 0.519655 0.120526 0.134361 0.251712 0.227449 0.296426 0.145227
 99.000000 -1.43373 1.13842 -38.05 0.149164 0.233136 0.239441 0.374677 0.474074 0.447063 0.547299 0.437537 0.563245 0.121112 0.131668 0.237809 0.360003 0.309333 0.418834 0.306328 0.445696 0.223539 0.267588 0.41122 0.310454 0.431594 0.267774 0.399378 0.148674 0.241764 0.246398 0.335899 0.299709 0.443245 0.152214 0.157175 0.245314 0.249734 0.392353 0.257953 0.283839 0.380545 0.506727 0.122965 0.134028 0.249166 0.222934 0.276298 0.151641
 100.000000 -1.3819 0.874482 -44.2328 0.146642 0.234416 0.235345 0.373421 0.466239 0.452781 0.560436 0.434183 0.561773 0.123691 0.129586 0.241171 0.358871 0.322059 0.436568 0.312873 0.450934 0.222836 0.275263 0.416283 0.329554 0.452225 0.288985 0.412597 0.146228 0.237161 0.254641 0.351273 0.299203 0.444713 0.15281 0.16063 0.246216 0.254482 0.392548 0.25978 0.281904 0.383875 0.508811 0.122868 0.137073 0.249057 0.228156 0.285047 0.14688
