#! FIELDS time deep21.node-0 deep21.node-1 sigma_deep21.node-0 sigma_deep21.node-1 height logweight
#! SET action OPES_METAD_kernels
#! SET biasfactor       12.02723625380408
#! SET epsilon   2.008904905162975e-06
#! SET kernel_cutoff       5.122093479753262
#! SET compression_threshold                       1
                  11010      17.07843017578125     -16.14881324768066      11.38323744592443      5.781394269560238  5.979173072774215e-06     -12.02723625380408
                  11011      17.98565101623535      28.33372497558594      10.89200818130401      6.015207309422045  6.005939442037168e-06     -12.02723625380408
                  11012      19.30631828308105      28.38343620300293      9.307819238504543      5.851998977013129      1.202536084048603  -0.004723858962246818
                  11013     -4.159361839294434     -14.11141204833984      9.024239859383801      5.699347925100473  1.322243049301703e-05     -11.48012456960402
                  11014      7.044402122497559     -20.60739898681641      8.717452909890696       5.52264107340477  5.944986424446335e-05      -10.0429886420191
                  11015     -11.44053840637207     -7.602150917053223      8.495207120040662      5.353721908970183  7.162706886618097e-05     -9.913538082088557
                  11016     -11.12395858764648      -10.7808313369751      8.325089727558579      5.205816172535909  0.0008734897503509615     -7.460758575928504
                  11017      18.97783851623535     -2.983004570007324      8.100260396148371      5.071789520650185  2.541036554288102e-05     -11.05155817075337
                  11018      20.61334609985352    -0.1441442966461182      7.899182443915969      4.949737853887684  0.0004136069960235937      -8.31129516020861
                  11019      16.25479698181152     -16.35653495788574      7.719057267825795      4.839108934753675  0.0005561882858505499      -8.06077555964116
                  11020      18.64921569824219     -14.48961162567139      7.535908701176578      4.733907982786108   0.006642347068388499     -5.626654130855366
                  11021     -13.81242656707764     -5.497129917144775      7.411482225850195      4.666000240898326   0.007442687716020805     -5.543985290827926
                  11022     -5.904913902282715     -12.29081153869629      7.247933959637298      4.559207683107575    0.03203687047567408     -4.129797247817947
                  11023     -13.41917133331299     -4.313098430633545      7.073769979302784       4.41743457424454     0.1488830901601551     -2.649435945019762
                  11024      22.30981254577637     -1.508948087692261      6.974152433083481      4.380641414609583   0.008411196714012272     -5.545580280474645
                  11025     -1.812417507171631     -9.576204299926758      6.667988018972193      4.188582660585535     0.5012608253749469      -1.54774284881863
                  11026     -5.788415908813477     -14.81780529022217      6.213456626821683      3.901273701217185      1.944246078837861    -0.3338999871906897
                  11027       20.8436164855957      -2.33964729309082      6.112721028036718       3.83914933067644    0.05182836402255136     -3.990989606451923
                  11028      17.79443550109863      7.555686950683594      6.011432124249565      3.784258812988047    0.02803484281761012     -4.636588822787541
                  11029      15.21878337860107     -16.40212440490723      5.895768952556582      3.724121183432388     0.1161370980965674     -3.250712761168767
                  11030      18.43432807922363     -7.721409797668457      5.767527160951865      3.648887121378953     0.2131764096316849     -2.685764321222304
                  11031      18.60011672973633     -12.21670627593994       5.54793168658041      3.510614547066065       1.02644088845954     -1.191481056323156
                  11032      18.95331001281738      11.64400196075439      5.437935162841477      3.452251052446293     0.2104384113847214     -2.812931053383541
                  11033      15.95342254638672     -16.52727127075195      5.195804351000034      3.307646570778699      3.077749179703153    -0.2185078035741941
                  11034      -15.0023775100708      -2.69712495803833      5.076634871550691      3.228424893396881     0.6953624214960151     -1.753473837756038
                  11035     -18.31966400146484      12.80048751831055      5.076346087106018      3.266982492617414  0.0003156961811961013     -9.439066479053984
                  11036     -18.05234527587891      14.95409965515137      5.070251633297522      3.294223385290513   0.001995125390290069     -7.588282207503943
                  11037     -18.23199462890625      9.373770713806152      5.050586796084552      3.298451560769795    0.01333453775393651     -5.691234940565749
                  11038     -16.70094680786133      12.60213279724121       5.01945205980765      3.275133062289451    0.05653195233556337     -4.260064720955036
                  11039     -18.52749633789062      7.084643363952637      4.963979459407601      3.232646570561831     0.1860253348106031     -3.093158225658807
                  11040     -14.21108436584473     -5.306585311889648       4.79937375041971      3.119755762294401      3.397802807399885    -0.2574255748329619
                  11041     -2.513226509094238     -17.42017936706543      4.661532239477219      3.037580918374761      5.136029825313352    0.09989129981368515
                  11042      17.14016151428223      -15.5072078704834      4.653006870835676      3.029262036376315      9.115124949373099     0.6689730805359545
                  11043     -13.72167205810547      10.05434417724609      4.600078785099019      3.001931536512616     0.2641490037314245     -2.892707292063665
                  11044     -16.26592826843262      0.157761812210083      4.502727238648787      2.935415693195875      2.381169133501914    -0.7376707803870935
                  11045      15.05217552185059      5.653098106384277      4.468422619298271      2.913665171903071     0.1488642406548966     -3.525067984866413
                  11046     -14.90897464752197      1.924868106842041      4.359119902004716      2.842855513214023      4.450729994934833    -0.1766474070093063
                  11047       22.3833179473877     -3.696877241134644      4.326281897240639      2.817025512890619     0.3950298165342561     -2.615198720146366
                  11048     -7.874928951263428     -8.502346038818359      4.239035413813101      2.754265354756512      2.953514163439861    -0.6463125246145922
                  11049      18.58822631835938     -14.43500518798828      4.286484283275417      2.778637894873741      15.65483938080154      1.041413096500175
                  11050      -11.2156229019165     -7.473494052886963      4.192265758345687       2.73796230329256      6.078127070258787    0.05835717860784633
                  11051     -5.678825378417969     -11.52575874328613      4.093501661131473      2.683202158226615      6.065778945311004    0.01227991645822232
                  11052     -14.10677337646484     -4.678549766540527      4.006738380937923      2.621953736869388       8.68225403032163     0.3263837332406354
                  11053      5.415765762329102     -16.37066650390625      3.948453990267861      2.583822955100873      2.612533646110661    -0.9038800513432281
                  11054      23.43570709228516      4.981366157531738      3.943808141086338      2.571503749132153     0.1009043777780413     -4.163739053913577
                  11055     0.8060851097106934     -14.59552669525146      3.887282642211732      2.531399804788754      6.352414396680405   -0.05147696579940328
                  11056      16.84015274047852      3.659249305725098      3.868903801385609      2.512451182931314     0.2211993513490325      -3.42125560939764
                  11057      8.721246719360352     -17.26383399963379      3.807580391338437      2.475928480030015      6.188868915442927    -0.1204329917092482
                  11058      21.20663833618164     -1.978379249572754      3.785996941560443      2.459682341387347     0.5306335477616663     -2.589136878762919
                  11059       10.8024959564209     -16.69405555725098      3.735070260150578       2.42160315164963      13.18452806900438     0.5944457134147401
                  11060      8.328971862792969     -17.50046348571777      3.696013491205187      2.403239776580004      18.52156397355899     0.9162134887969042
                  11061     -14.48890590667725     -4.647294998168945       3.64116666163462      2.362710928766607      12.13684248824019     0.4615647377556839
                  11062      15.91377258300781     -16.17483520507812      3.609332875227081      2.337213626040564      20.95370623867665     0.9880032347822044
                  11063      16.10515975952148     -16.39522552490234      3.600853746391995      2.334555357166249       29.0312593489572      1.310570852338041
                  11064       21.5627269744873     -10.40891456604004      3.561440181494388      2.310465969257488       3.21574112379868     -0.911122639968467
                  11065      17.65415191650391     -1.907149314880371      3.538701754399013      2.294451270069561     0.4356622891603482     -2.923428983778861
                  11066       13.4421911239624     -1.994312047958374      3.513805768798806      2.278560589270511      0.305143359078822     -3.293524667850362
                  11067      14.10243797302246     -7.119481086730957      3.490513868527287      2.266075452983929     0.5703645271569234     -2.680175898284519
                  11068     -6.987353324890137   -0.08477020263671875      3.465522236102817      2.253549972782231      1.601074803101012     -1.660749489652287
                  11069       4.87669849395752     -8.465611457824707      3.455079190747576      2.236497601722843      0.697546236506113     -2.502224752071841
                  11070      23.29144096374512    -0.3285033702850342      3.433742350591281      2.222817446107935     0.7487988729219964     -2.443653339805647
                  11071      22.18739891052246      3.175788402557373      3.414296294224132      2.211153723585556      0.529794991428241      -2.80057404372534
                  11072      16.47916793823242    -0.2958309650421143      3.391579154624736      2.208331026776206     0.9633198588270037     -2.210631817661683
                  11073      13.79060935974121      -7.30938196182251      3.367807820220128      2.193204457836967      1.266238587654758     -1.951118227425371
                  11074     -4.716955184936523     -12.75610256195068       3.32370878169154      2.164913732735549      10.54913240973699     0.1427106745783956
                  11075     -15.10541534423828      21.60834121704102      3.338704959776321      2.185386755286816   0.002343737179465025     -8.255427448177652
                  11076     -13.33235168457031     -7.345198631286621      3.317434879631671      2.194614584661659      15.68867059170985     0.5513424118183253
                  11077     -13.67183685302734     -6.423760414123535      3.291232510951047      2.171794698822825      25.92762858797855      1.035330412267187
                  11078     -16.89805603027344      19.82620620727539      3.291268604493709      2.199482851741485   0.007591348107836418     -7.088045459783014
                  11079     -17.07182693481445      17.44003677368164      3.289714408895181      2.209375655148225    0.03597053556230218     -5.528339133030568
                  11080      20.55487823486328      12.52020263671875      3.281494019783269      2.204887664885101      0.222209605245487     -3.711953522905771
                  11081      21.90677642822266     -3.905506134033203      3.275326042519443      2.205136618177278        1.3089722336382     -1.940345563368928
                  11082      1.120840787887573     -18.71981239318848      3.245988091321412       2.18515289728475      8.752885503004272   -0.05830570250604818
                  11083     -18.22105026245117       14.5141019821167      3.241249526859963      2.191916561167329     0.1357959163026443     -4.222661643241877
                  11084     -12.63557434082031      26.83514785766602       3.23915900290159       2.19263178825351   0.004595031845065213     -7.609158034214391
                  11085      11.90071487426758     -16.39101982116699      3.251188851026345      2.210447363296688      42.97573890302231      1.546056673933089
                  11086      15.18215084075928     -5.054491996765137      3.242205501649191      2.200439344129208      1.448578493678561     -1.851301145315931
                  11087     -3.678629875183105     -14.46555423736572      3.210328117768235      2.178456631038127      13.39074158664057     0.3527586271188871
                  11088      -18.4881706237793       5.71344518661499      3.197947920651163      2.167362097305125      1.450351205265004     -1.878968850961997
                  11089     -13.95922660827637      25.96758842468262      3.193273880512451      2.192982695393051   0.006903181007294382     -7.216258416768938
                  11090     -12.71674728393555     -8.774115562438965      3.163521095163336      2.172231500881125      26.67408788744214      1.024338538920937
                  11091     -18.92836952209473      9.403202056884766      3.154183611797774      2.178033942366811     0.6291919603701551     -2.722961297080644
                  11092     -1.194573163986206      -13.1226749420166      3.119175687434221      2.157026029369276      16.64446976303482      0.531582491166382
                  11093       14.5873556137085     -16.43448829650879      3.144643153810644      2.169317743167726      53.63427369326293      1.715506708836318
                  11094      7.887069225311279     -16.34527015686035       3.11473403804801      2.152739881690693      35.17861011182934      1.276528669957096
                  11095      17.76358222961426     -9.201362609863281      3.109291543575244      2.147614716103555      3.004413003892469     -1.187959820877938
                  11096      20.24554252624512      5.406122207641602      3.099234331023223      2.141343094308718     0.4307810930878136     -3.136361607873084
                  11097      21.36432075500488      7.913265228271484      3.095848615114105      2.139678943675702     0.3751781298749413     -3.276431226350538
                  11098      19.84555053710938       2.85651159286499      3.091611048813755      2.132568211481066     0.9411174785552201     -2.361462708875343
                  11099      22.51587867736816      5.802661895751953      3.082017409504895      2.127308697173922     0.9742660531476511     -2.332423536076091
                  11100     -17.86407470703125      13.49044036865234      3.077017053745823      2.121083463041642     0.2666600939788597     -3.632687546225713
                  11101      14.18129539489746     -7.441327095031738      3.068303624791162      2.122698986784052      2.482667475799135     -1.403647915792291
                  11102     -14.52431774139404     -4.076254844665527       3.03988537393787      2.108427377364347      26.46203291200646     0.9466784223267334
                  11103     -15.62134265899658       22.6705207824707      3.043229414850481      2.122768245536561   0.008913980370465042     -7.041288857000097
                  11104      14.48708152770996     -13.66341876983643       3.02385608025436      2.113677738330397       41.2080205490396      1.386800487153507
                  11105      17.88784980773926     -7.989517688751221      3.013524810789924      2.111768189774064      3.370273984691861     -1.121164652153304
                  11106      14.93351745605469     -4.409148216247559      3.003841567161406      2.102851830462426      2.084714450802784     -1.608976400946101
                  11107      16.33412933349609     -16.02961349487305      2.997770082185812      2.100852831749574      56.43011151243985      1.686420264466299
                  11108     -17.86569595336914      8.093951225280762      2.990181233944099      2.098659425144185     0.9355666334996593     -2.416764859907737
                  11109     -4.990570068359375     -16.09148979187012       2.97669959360166       2.10401548632215       11.1864762494339     0.0625736714707546
                  11110     -15.31196975708008     -2.321213483810425      2.954321489373967      2.089326349073048      14.80463927446837     0.3282565765918486
                  11111     -13.06737327575684      23.65480613708496      2.955115102304157      2.094486413742297   0.009994372328412163     -6.969681857620961
                  11112      -2.93779468536377     -10.17105960845947      2.939911779091185      2.094408941396779      8.636993418641481    -0.2130892251722519
                  11113      15.56473541259766     -16.61095428466797      2.940393015819481      2.096281350353764       66.8548230998292      1.834436967171985
                  11114      18.87887001037598     -10.48461437225342      2.935251791994211      2.085289153035662      6.858821787099465    -0.4495582796018919
                  11115      17.03017044067383     -10.83578491210938       2.92329505875963      2.070050696643003      12.78041607833732     0.1614038057451011
                  11116      22.35234260559082    -0.7465918064117432      2.919366916320831      2.062488102383084      1.126981256510806     -2.271972265049825
                  11117      16.32830047607422     -15.83720111846924       2.91950455036956      2.067479110500895      73.80905116629548      1.912430617465794
                  11118     -14.07786178588867     -5.344142913818359      2.895243348856808      2.054054760986761      28.62741437554599     0.9504550183211311
                  11119     -6.803747177124023     -12.72772216796875      2.890028515876607      2.057740939117826      11.28617268182681    0.01965871607026821
                  11120     -10.21584701538086      28.77152824401855      2.885046387886586      2.056835021551513   0.006199625489059027     -7.489351733516942
                  11121     -5.617022514343262     -15.44934272766113      2.869560108772018      2.062850437975556      13.87463005029985     0.2215147535504476
                  11122     -18.70487022399902      10.39566802978516      2.864699580962454      2.067264389351941      0.611664479778391     -2.899676436495036
                  11123      14.77600383758545     -16.56143951416016      2.864846199274334      2.069450135517592      79.21079216656921      1.965115434720333
                  11124      20.23720359802246     -5.665035247802734      2.862933734346441      2.064616293407528      1.855088758602696     -1.792070904267001
                  11125      16.22979736328125      5.189125537872314      2.859255384975619      2.056842160062754     0.4961817250622912     -3.115874650123422
                  11126      21.33878707885742     -7.168486595153809      2.853220094945339      2.049725177532345      3.041027463083943     -1.308445344256424
                  11127      18.17956161499023     -11.32719039916992      2.839589232258481      2.035430458462383       16.5987845873495     0.3769014816420282
                  11128      18.72710800170898     -7.580801010131836      2.830519668964742      2.024642269146228      6.657238522052562    -0.5452366092332243
                  11129       22.3471622467041      1.608988761901855       2.82227321272027      2.020803425390986      1.013861393782986      -2.43199068761181
                  11130      -3.44699239730835     -16.94577598571777      2.806035893327842      2.011244994777445      14.03816291793149     0.1855115250577293
                  11131     -17.23481750488281      18.72099113464355      2.810512635663013      2.010545101951955    0.03227654072858069     -5.888436548852285
                  11132     -1.864846467971802     -5.123836517333984      2.810993760423378      2.014935389887088     0.5077315740400945     -3.130471888698982
                  11133     -17.17026519775391      12.04280567169189      2.806500503998467      2.009850289954125     0.5617925933530168     -3.033418699127634
                  11134     -15.15254974365234    0.05240178108215332      2.802857898089343      2.017014160334123      6.668108712071218    -0.5572006003410073
                  11135     -13.92320442199707     -3.972646236419678      2.791303222241825      2.004503218769884      28.92798311789838     0.8999195283906903
                  11136      5.608366012573242     -17.03685760498047      2.773105972085781      1.994169016162371      18.36910084194626     0.4340706402199899
                  11137      15.75918960571289     -15.21198558807373      2.771249087109001      1.998172469204875      86.61563990133325      1.986216825922948
                  11138      20.76007843017578      6.650545120239258      2.771033350412652      1.993183976174722     0.7257435980728936     -2.798399570384577
                  11139      19.34681510925293      -2.48646068572998      2.767194319719702      1.987934744663167      1.509641940890118     -2.069992016149178
                  11140      14.87715816497803     -1.993528127670288       2.76277679527885      1.981542507580151      1.163290476577683     -2.335430270518186
                  11141       14.4009838104248     -15.69966888427734      2.761132621055526      1.978608113552872      92.32448252234582      2.036549223196296
                  11142      16.05549621582031       3.92301607131958      2.753851532896455      1.973066141112709     0.5966505116635211     -3.010629228399214
                  11143      21.72182273864746     -4.246739864349365      2.746789057091049      1.966081896865201      1.980878484931089     -1.816779005718481
                  11144      21.29671669006348     -2.719991445541382      2.738250115803723      1.959635538191267      2.096483907149161     -1.766455532514098
                  11145      22.89800071716309    -0.4762239456176758      2.730495807105309      1.954516913196752      1.571441838587192     -2.060174889465509
                  11146     -2.876860380172729     -7.418889999389648      2.723369147358782      1.950154938741293      2.083819591725457     -1.782813574639448
                  11147     -13.64335060119629      12.18460273742676      2.723324432405775      1.945167039964766     0.3012612828207095     -3.719370857234761
                  11148     -3.209859848022461     -5.683781147003174      2.725276983433104      1.954396959228946      1.500395515225167     -2.108414219104018
                  11149       21.9821891784668      11.65322685241699      2.719522810541517      1.951716152104957     0.1655041502087734     -4.316388239156209
                  11150      18.73797798156738      26.14496803283691      2.713149155468587      1.953276288711963     0.3137043296607163      -3.67848096359961
                  11151     -1.127190113067627     -11.86443519592285      2.701527867940041      1.948792462523939      10.10180207667717     -0.213053470504046
                  11152     -13.32198905944824      25.18749237060547      2.703915704887747      1.950146896649186   0.009335502696710263     -7.198119690492148
                  11153      2.786964416503906     -13.24602794647217      2.698944258337357      1.949528993858279      7.037397659831535    -0.5751077884775636
                  11154     -4.049494743347168     -8.712347984313965      2.688456338318767      1.945737455054037       5.45584719224141    -0.8354985733071899
                  11155     -5.585523128509521     -15.95085144042969      2.678360532993811      1.935081316598791      15.44601689028403     0.1959106566254553
                  11156      10.97342872619629     -13.59498500823975      2.660416030382986      1.922093725966401      35.91134209737639      1.026156045971047
                  11157      17.74768829345703     -5.365668296813965      2.656017114785191      1.920710547871332      3.774961509690319     -1.228881666071599
                  11158       -12.989013671875     -7.313155651092529      2.640774059322084       1.91131611614339      25.77389685024708     0.6814316564291198
                  11159     -4.339567184448242     -15.20354461669922      2.634782366064712      1.911939193473612       20.5261194295767     0.4518220676458687
                  11160      21.14130210876465      12.14887046813965      2.631991024952955      1.913765045301709     0.1938672615165503     -4.210563162580041
                  11161      19.09781265258789      11.09526252746582      2.628486713963277      1.915377658919357     0.2486633105936231     -3.962127085659705
                  11162     -3.648308753967285      -11.0969409942627      2.618775385844267      1.911119402893373      12.63329479992101   -0.04006300562533587
                  11163     -15.31769561767578     -2.727165699005127      2.611002874881061      1.900341181570318      20.19668243397088     0.4204914624381124
                  11164     -16.29894256591797      2.448279619216919      2.611633121604125      1.908692688058397       2.80612597431468     -1.548595553380891
                  11165     -1.461443424224854     -9.992615699768066      2.603781040487957      1.901758987505523      8.852123195763566     -0.406393507473411
                  11166       6.16987133026123     -19.85324478149414      2.593566697511063      1.900234049536872      8.035859005688701    -0.5078697269426617
                  11167     -9.005884170532227     -11.99070930480957       2.58280382877725      1.895336018395812      9.338841113911897    -0.3643408504043273
                  11168      -16.8748722076416      2.421348333358765      2.580098202154929      1.900563274339824      3.333917611020875     -1.392668886872242
                  11169     -7.439891815185547       -9.7838134765625       2.57177926976394      1.892667863757768      10.86813202389162    -0.2183744990828251
                  11170     -13.86367988586426     -5.665956497192383      2.558214864232714      1.880240127470758      34.98053573628294     0.9387062550123076
                  11171     -12.26328659057617     -7.974864482879639       2.54541865222582      1.868547639160035      29.40345651379798     0.7537741152333511
                  11172      -17.5594654083252      4.823150634765625      2.540234901454584      1.874512286784019      1.901395349497795     -1.983601641996652
                  11173     -12.36432838439941      27.53998565673828      2.535593989611126      1.871631823828597   0.008177351555942097     -7.435943065648313
                  11174      21.27958488464355      17.62078475952148      2.535848932328268      1.873985544443757    0.08693668690701657      -5.07077394900508
                  11175      19.18110656738281      12.85912704467773      2.541436838011791      1.877842457705254     0.2691605461921308     -3.936388879757263
                  11176      16.35239601135254     -4.753365516662598      2.539086795901775      1.874067988775102      3.745205232124213     -1.306402355117364
                  11177      17.01298332214355     -11.16243934631348      2.534462755614213      1.866771872493842      20.75270355670255     0.4000741590669554
                  11178     -7.088984489440918      32.54166030883789       2.53271983861921      1.868685422050387   0.003498216057148144     -8.287767899876373
                  11179      20.73355484008789     -6.918454170227051      2.527039482497429      1.879125229696269      5.327541887460287    -0.9560499574188878
                  11180      2.883353471755981     -14.75884246826172      2.521990734269786      1.874834197088371      11.03919032163294    -0.2317742340244384
                  11181     -16.80054092407227      18.21855545043945      2.518570051264657      1.872447465989974    0.04557146944162042     -5.724330470070979
                  11182     -13.59850025177002     -2.776830673217773      2.510091194181472       1.86787116966338      28.09403648515265     0.6938810617351473
                  11183     -14.59723663330078     -4.097090721130371      2.498090067280175      1.856605732858366      41.58903863772108      1.075318328256642
                  11184     -11.06542015075684     -8.803400039672852      2.486480702800077      1.847741558128963      25.48113565599413     0.5759761298741614
                  11185     -9.161465644836426     -8.745160102844238      2.474756484144896      1.840093895983672       20.8832315397895      0.368110397331215
                  11186     -13.59240055084229     -5.611154556274414      2.461675294277713      1.829167269752035      50.79787436741854       1.24576273945995
                  11187     -13.36820030212402     -5.118218898773193      2.449718030930925      1.819846851506611      57.58472613487005      1.361187917190132
                  11188     -14.39598369598389     -2.209116697311401      2.437197736085285      1.809591249891491      36.51383286993253      0.894846350388135
                  11189     -9.127296447753906     -10.03102874755859      2.426278088873984       1.80260666813243      18.87084934657427     0.2264158449805964
                  11190     -12.57084846496582      -8.82970142364502      2.412836652273807      1.793336239807143       39.1580123872041     0.9456911332484804
                  11191     -6.789681434631348     -10.69500350952148      2.402351138019142      1.786273638553426      17.62047614193653     0.1388465027891573
                  11192     -9.065497398376465     -9.396178245544434       2.39019502920124       1.77784469979729      28.56809914360974     0.6122727107307141
                  11193     -4.607959270477295     -11.37829780578613      2.379446475519209      1.770433647991936      20.63786766926066     0.2784253048256629
                  11194     -13.76186084747314      25.21902084350586      2.374026292978372      1.768671150506465    0.01302736215191927     -7.092682201457515
                  11195      23.00927543640137     -2.917518854141235      2.370157178929437      1.771858421208565      2.258063894568753      -1.93730173589346
                  11196      16.91489791870117      6.062517642974854      2.380095040881068      1.771663399906907     0.6244999908202897     -3.218539387472689
                  11197      15.82342720031738      3.738192081451416      2.382687958419605      1.768041027160537     0.7388432262362615     -3.051362832231336
                  11198      5.559257030487061     -17.54950714111328      2.378124751861841      1.762112889567022      16.71079009085931    0.06208575356830368
                  11199      1.212801933288574      36.85828018188477      2.373538514893556      1.773157924913674    0.01261699669625429     -7.122361171310711
                  11200      19.19890594482422      14.63535499572754      2.372476060504636      1.779279650535114     0.2041601439321284     -4.335502543722852
                  11201     -16.32567977905273      18.34096717834473      2.372954762597856      1.781988201815129    0.05198960169546495     -5.701640648248063
                  11202      10.72908115386963      35.40449523925781      2.370214231063897      1.797708646305263     0.0976521582293189     -5.063645019217518
                  11203     -4.370258808135986     -17.24016952514648      2.365344786542383      1.802363051887297       16.4228800436503    0.06190317350973166
                  11204     -3.826250553131104      34.13015365600586      2.361936698321716      1.818610162377794   0.007106145510030343     -7.676035547447174
                  11205     -4.328116416931152     -10.44909763336182      2.353345417116704      1.817949167342474      21.97771836940673     0.3567813483008502
                  11206     -16.48157691955566      9.492704391479492       2.35031187296143      1.818445966890859     0.7946475232413357     -2.964121049013355
                  11207      14.48569869995117      -15.0069522857666      2.344937635168229      1.817812482327143      93.59339700507019      1.802057765692386
                  11208      21.55039978027344      8.812640190124512      2.348599396566276      1.816260767457258     0.4856773905244833     -3.458406390322241
                  11209      14.68581199645996     0.9911367893218994      2.348549492229953      1.813634267327565     0.6726217996283083     -3.134236176921064
                  11210       21.9848747253418     -6.465842247009277      2.347268748600691      1.811435908992206      4.380776667878257     -1.262196424266816
                  11211      12.75390243530273    -0.1543006896972656       2.34303687168623      1.810790677237803     0.6394990423841492     -3.188653393526909
                  11212      13.87626075744629       -6.6589674949646      2.340954148287662      1.808355476800075      3.503989746804519     -1.489916017833183
                  11213       1.09478235244751     -13.51601505279541      2.336074026785171      1.806610744742705      12.66772172605118    -0.2078132336459192
                  11214     -10.81265926361084      3.024134635925293      2.337027902455773      1.806754019330283      1.616085326036771     -2.266376092433075
                  11215     -19.24686050415039      13.50309181213379      2.340510253825379      1.803556997140695     0.3707842948280177     -3.738799736362138
                  11216     -15.17534828186035      13.93651485443115       2.34139965087216      1.805890414037041     0.3490524481483874     -3.797525143184275
                  11217     -17.17724418640137      6.612826347351074      2.341699507466487      1.802042199546621      1.525960061188391     -2.324373434243889
                  11218     -16.92403221130371      3.976767063140869      2.340309883768549      1.797811202436335      3.180570694778705     -1.592880802270376
                  11219     -17.22976303100586      3.084846019744873      2.336467767063436      1.795967916911512      4.381520106026096     -1.275214608515727
                  11220     -17.69726943969727      3.010406494140625       2.33233119894484      1.797514436665353      5.139752900982693     -1.116516593976459
                  11221     -12.41761207580566     -5.261260509490967      2.322918299134054      1.794916601971809      66.17267342182407      1.433255709234968
                  11222     -16.58027267456055      20.33992576599121      2.319097992170327      1.793908505817097    0.03831525864197648     -6.023126710958667
                  11223      10.26702117919922     -16.83889007568359      2.308875821643389      1.793714360893295      49.78946043928561      1.142057881864436
                  11224      21.21022415161133     0.2242159843444824      2.314425113973147      1.790889399085391      1.841032317198589     -2.154594573115766
                  11225     -9.116000175476074     -10.46680927276611      2.309051625455152      1.785686102862108      29.68366706518771     0.6204418426711633
                  11226      19.78781700134277     -2.977508544921875      2.305544129169876        1.7870067341175      3.765900579044751     -1.444948974481267
                  11227      14.71066665649414      -4.91614294052124      2.307957584773491      1.784755074459069      3.823503710267507     -1.429983355108197
                  11228      19.86828994750977     -7.614099025726318      2.308009871490224       1.78257795454789      8.209958056499559    -0.6670006766701595
                  11229      17.76992034912109     -10.78275012969971      2.304023085777258      1.782053106551328      20.18423465568242     0.2305300073908546
                  11230      20.95662498474121     -5.483661651611328      2.302075663425015      1.781142100181366      6.445171278071267    -0.9123975450580567
                  11231       16.7534294128418     -15.78743076324463      2.299988346633533      1.779082302086732      100.1079360623343      1.828455968873625
                  11232      21.42256355285645     0.7167055606842041      2.296491347631926      1.776778448026999      2.090111280321244     -2.043393092875001
                  11233     -3.643480062484741     -13.64469432830811      2.289463873729766      1.776249598581863      26.59701557079887     0.4968261386056817
                  11234      16.65982437133789      4.378539562225342      2.286674209363611       1.77561365976911      1.048808029442778     -2.737895874731683
                  11235     -12.59106731414795     -5.526556491851807      2.280209470673714      1.769701397653396      70.73552082700495      1.467231282649688
                  11236     -15.08608150482178     -2.534632205963135      2.275024630624314      1.762409654203124      45.38082581774805      1.016967827757597
                  11237     -9.417863845825195     -4.940122127532959      2.271082301185196       1.76439788945909      34.13266204042991     0.7315260299381037
                  11238       5.71656608581543     -9.086629867553711      2.267801293200584      1.762128406460308     0.5360178534656734     -3.425049363319259
                  11239      18.83144378662109       3.00984525680542      2.264753066014693      1.761430395209861      1.490628926410465     -2.404004658574628
                  11240      16.24686431884766      7.093077659606934      2.262855640715054      1.759147857258348     0.6567951140004823     -3.225720789295177
                  11241      16.85941123962402     -16.19784164428711      2.260568386949409      1.758205721529345      103.2864271321511      1.830621345095051
                  11242      19.62498664855957      11.74659156799316       2.25978038284739      1.756631149019525     0.3585952237285303     -3.833690271999767
                  11243      2.007531404495239      -15.2808084487915      2.255298541585421      1.753675275277162      13.49969428720676    -0.2091315846958945
                  11244     -17.21948051452637      1.533337593078613      2.253582011894651      1.750895924352102      7.246076654921658    -0.8336859819647271
                  11245     -4.052186965942383      12.58302593231201      2.252529128411712      1.757580285526221  0.0007303875555596012     -10.03273832195775
                  11246     -18.39274978637695       9.41998291015625      2.254441453202718      1.761579437346154      1.001704599460101     -2.805978510455907
                  11247     -11.82381534576416        21.986572265625      2.254873874930437      1.764689424453207    0.01037179609242978     -7.374391042029973
                  11248     -12.49158382415771      1.132681488990784      2.252041544339513      1.765218372493091      7.179905076496987    -0.8353969958060865
                  11249     -14.66577816009521     -3.539692401885986      2.247426349071775      1.760023900092392      67.28630927624216      1.397275170274404
                  11250      -2.51868200302124     -13.08231449127197      2.239967503958333      1.757235859039092      26.65279938686123     0.4663028635656976
                  11251     -19.57510757446289      7.197155952453613        2.2379865775796      1.757481127612969      1.508420774487442     -2.406273244970701
                  11252     -17.26784896850586      19.87907218933105      2.236760602997036      1.754490496245135    0.05339781802451743     -5.749572958403361
                  11253     -16.93492698669434      16.56510162353516      2.234859518695144      1.756175499608799     0.1486341487563066     -4.725745288544839
                  11254     -15.06306552886963      17.35570907592773      2.232357423285988      1.757439422274514     0.1137277942032915     -4.993826135057497
                  11255     -13.46593570709229     -6.826555728912354      2.224300527038973      1.754089250907487      75.06095941331964      1.492898126148327
                  11256      17.32051467895508     -13.19854927062988      2.216961686849502      1.754845796899763      59.44524739165423      1.256779591370705
                  11257      17.24737548828125     -15.33498382568359      2.220888556592764      1.752842347903384      110.9036917792539      1.881013496121165
                  11258      14.56025505065918      2.303262710571289      2.223902414591828      1.752496174926598      1.003104429194153     -2.823390447835302
                  11259     -12.78455829620361     -6.547154426574707      2.219390042218477      1.747992936736892      83.91181946905321      1.598672395436815
                  11260     -9.784549713134766      29.09342002868652      2.218035581008285      1.750599505734832   0.005371741728062995     -8.056817566814749
                  11261     -16.64296531677246     0.3537769317626953      2.213682061333475        1.7485491233126       12.5130723345755    -0.3065772460866462
                  11262     -14.21529579162598      22.46553039550781      2.212695352551544      1.746522573270859    0.02277329761803533       -6.6171232101019
                  11263     -7.079441547393799     -8.202812194824219      2.206940791452958       1.74402681890971      22.19077028369973     0.2606857293060172
                  11264     -14.63201236724854     -2.980324029922485      2.198414467513715      1.740236376826573      65.81227053422074      1.341768937312672
                  11265     -13.01462364196777     -3.436590194702148       2.19118461514186      1.737912476336142      77.59251206974061      1.501803190442182
                  11266      -18.5180835723877      5.147176742553711       2.18801287368512      1.737588496301091      3.275420912170678     -1.664856340397103
                  11267      -14.1039924621582      23.53067588806152      2.185340843278879      1.736731898847609    0.02207286548767981     -6.666424016599176
                  11268     -14.55061340332031      -4.03123664855957      2.178505493134604      1.733211113811509      94.48494234077951       1.69026067013917
                  11269     -11.65127849578857     -7.586606502532959      2.170172688866062      1.728147561486137      71.30394232977719      1.402013701037971
                  11270     -14.03797912597656     -4.569782257080078      2.164987493064225      1.725010049745404      115.0852979136011      1.876526312760222
                  11271       -15.931471824646           22.462890625      2.161365959327874      1.726068082016914    0.03162784316006446     -6.323925709047582
                  11272     -4.651846885681152     -10.63799095153809      2.154796753362969      1.723539041823019      25.14758789731121      0.350043425151178
                  11273     -13.80276489257812     -5.031077861785889      2.150595619251722      1.722604023645061      126.8551791370713      1.965833340573285
                  11274      23.42505645751953    -0.8606159687042236      2.152426791809678      1.722897401808583       2.17008563762967     -2.101424736011494
                  11275      17.45198059082031     -10.77075004577637      2.159629313721164      1.718201774385279      22.92413774641778     0.2566105397538462
                  11276       20.9408130645752     -2.522905111312866       2.16507892025717      1.716109684772438      3.777349449975573     -1.545255431203763
                  11277      21.41947937011719      -7.28690242767334      2.168482606405806      1.713680302773191      6.843979841467205    -0.9507543671475052
                  11278      16.60514068603516     -13.30117511749268      2.166496588430634      1.708394856575282      73.98116235229369      1.425681412188995
                  11279      18.16414833068848     -8.478323936462402      2.165450314645341       1.70668248754708      12.23658720406676    -0.3751845498708876
                  11280       18.2025089263916     -6.917136192321777      2.163775769192747      1.703216157907342      9.449490565199763    -0.6364608327225801
                  11281      16.40071487426758      -16.1014575958252      2.161976937380891      1.700593249763979      120.2149722906648      1.904487065745015
                  11282      5.533374786376953     -13.79228401184082      2.157358154827212      1.699713350517567      9.057675482359906    -0.6838381885994278
                  11283     -10.19260025024414     -12.06941986083984      2.152842208413984      1.697047706343427      15.56449082463264    -0.1461236075553014
                  11284     -14.22911167144775      -4.62362003326416      2.152830829132658       1.69370988492205      131.5605237806427      1.986377241995588
                  11285     -10.20565223693848     -8.952739715576172      2.149101689770061      1.687666547697409      46.97402322574252     0.9511967989160656
                  11286      7.140823364257812     -18.43494033813477      2.144732441690176      1.684772421094823      16.65928878022325   -0.08918147524597157
                  11287      6.594491958618164     -13.67718124389648      2.140444186788601      1.682882277127214      10.58810357295597    -0.5455423202485298
                  11288      6.987648010253906     -18.38211441040039      2.135100615234539      1.679946358900715      19.29594371367802    0.05037581674996427
                  11289       16.3646240234375     0.1417851448059082      2.135202760198267       1.68068701954398      1.270047889327393     -2.669975852882443
                  11290     -12.71990585327148     -4.670387744903564      2.132643667431839      1.678036438377489      133.5490924887521      1.982661113332169
                  11291     -14.27503299713135     -4.156860828399658      2.134059497359257      1.682784458954478      142.0308725591918      2.047725594366298
                  11292     -14.28026580810547     -4.637495994567871      2.134693217880788       1.68072569412372      154.9961592421425      2.134154220341356
                  11293     -17.85287284851074      10.29557037353516       2.13479425993873       1.68528250270678     0.8187373228662377     -3.106483214481317
                  11294     -18.54159355163574      16.71583557128906      2.132879575874377      1.695374303589772     0.1247807736645302     -4.982615089914631
                  11295     0.4153852462768555     -11.46202564239502      2.129555334248189       1.69276214062692       10.7094628994419    -0.5333921967090326
                  11296      8.414773941040039     -16.82187461853027      2.125002844897814      1.691741633038755      27.05618287524607     0.3906525201776406
                  11297     -12.14616203308105     -9.059366226196289      2.117939274469165       1.68721737763454      53.39731144687045      1.064489900061707
                  11298    -0.4690896272659302     -4.136447906494141      2.115315713590765      1.684836252039111     0.3148610569910878      -4.07154609479491
                  11299      8.381719589233398     -10.17753791809082      2.112571098394395      1.682600201138846      1.444446247344396     -2.550822622930996
                  11300     -7.402849197387695     -11.32381916046143      2.107925483953384      1.679010958782621      26.17391451382992     0.3418777488664562
                  11301     -11.29374980926514     -8.167898178100586      2.102269585357567      1.682152576088854       72.9104978161845      1.365529693607269
                  11302       18.2042121887207     -9.491430282592773      2.100015092273406      1.679978189874562      16.38821337890021     -0.129506999970288
                  11303      16.18727684020996     -14.65031051635742      2.099802468850608      1.675034633628754      109.4437628832666      1.766293233443997
                  11304      16.37422561645508     -16.21803092956543      2.097289115531355      1.672072362363328      121.0097924684435        1.8637861552828
                  11305      21.25110626220703      6.064143180847168      2.098346441437326      1.669897604980052     0.8235703095811848     -3.126989140772897
                  11306      15.41684913635254    -0.8492610454559326      2.097977565803457      1.668139802408453      1.338679126553875      -2.64242838965682
                  11307      17.12895011901855     -14.97374725341797       2.09461560238426      1.664437453234898      121.8065240378321      1.864496448358728
                  11308      6.132811546325684     -14.39317226409912      2.090601000724679      1.662439724691457      13.33644244455564    -0.3505565791546456
                  11309      4.467631816864014     -16.73946952819824      2.085927877231383      1.659140994424005      15.61613263341875    -0.1969764230520232
                  11310      15.89855098724365      2.143671751022339      2.083685370191835      1.657321033613751      1.193491392849394     -2.770571165479276
                  11311      19.80452156066895      -12.0851879119873      2.079653908526489      1.653727029971493      26.80794580768029     0.3371366427412223
                  11312      18.92362213134766      3.727706909179688      2.077621892700665      1.654727273407798      1.344668775044252     -2.655786879226941
                  11313       7.47596263885498     -18.84163284301758      2.073693367370895      1.655296025191612      18.83721113468043   -0.01764938048916248
                  11314     -18.82101058959961      10.19719696044922      2.074800012267736      1.653500374180647     0.8764915699220219     -3.085863666030106
                  11315      1.741311192512512     -12.07598686218262      2.075566186583475      1.657132710976033      8.951130832107133    -0.7596920445399102
                  11316      18.93063545227051      15.20684337615967      2.073572188481361      1.658164756511823     0.1476838176214529     -4.864492143242809
                  11317      20.58275604248047    -0.6167805194854736      2.072213878726065      1.660617551956568      2.600683046064973     -1.995213507238584
                  11318     -5.695952415466309     -16.24174308776855      2.069052091988889      1.659270708142976       15.3378990514148    -0.2229991456877554
                  11319     -5.597578525543213     -11.49485397338867      2.065845789807652      1.656425545859612      28.06380311793696     0.3778875991660199
                  11320     -18.33943367004395      7.038757801055908      2.066776769013015       1.65429800216222       1.81131017807685     -2.363377255648399
                  11321     -16.27919578552246     0.4399776458740234      2.068316538863296      1.654927330594035      12.23946509027445    -0.4516370392597365
                  11322     -16.23356056213379      6.115623474121094      2.069656947121055      1.655749752616759       2.21486995524845     -2.159964235305774
                  11323     -17.30208206176758      4.634678363800049      2.070104651123549      1.654110828851318      4.061083950332354      -1.55448203878408
                  11324     -18.93694496154785      6.147683143615723      2.070097460540799      1.652450304833835       2.70445759753831     -1.962038440768322
                  11325     -14.45586013793945      21.79354858398438      2.069595837829619      1.651702740590602    0.03283155814033169     -6.373999749758716
                  11326     -13.89186477661133     -5.512110710144043      2.067546473796367      1.651790342727696      151.2331900559607      2.060250609772102
                  11327      -6.46428108215332      28.63896751403809      2.065353944163962      1.653575013771455   0.004502016458330669     -8.361783371014115
                  11328      3.791983127593994     -13.63651084899902      2.062100296570347      1.653543403139627       10.1327370295358    -0.6443777231848122
                  11329      7.088358879089355     -18.41913223266602      2.058585148686792      1.653920047369518      22.76747751377228     0.1637055524786701
                  11330     -13.33764839172363     -7.191391944885254      2.053221615409894      1.650965598863406      118.2125144754256      1.806459659667542
                  11331     -4.063347339630127     -11.14843654632568      2.048678712145489      1.647389259862085      27.30819087975138     0.3367787895425363
                  11332     -5.347607135772705     -14.43973159790039      2.045673885589727      1.646425884125887      23.16489635105909     0.1701773931048774
                  11333      15.07195568084717     -16.51958274841309      2.041771803392438      1.644239735667949      120.9833081339976       1.81995393674956
                  11334      5.735420227050781     -17.37240028381348      2.042652067354652      1.641454878130092      23.84143108012458     0.1944621122544898
                  11335      17.01409530639648     -15.56469821929932      2.038114256042887      1.639232357307049       137.857687314744      1.945680232588526
                  11336      1.296578884124756     -17.35985565185547      2.037173243270892      1.637713104534263      8.804195620468267    -0.8067023375987813
                  11337      21.68810081481934     -2.275178670883179      2.035683733468275      1.636135338764368      3.352405566082182      -1.77394784545985
                  11338      14.29089832305908     -5.847084522247314      2.037128393928025      1.635089471995685      3.401635769841297     -1.759299605980467
                  11339      21.62473106384277      9.096534729003906      2.036919095520485       1.63782864337072     0.3914056452435454     -3.919995737914958
                  11340      22.32274055480957      1.291877031326294      2.037007019869926      1.640877591674904      1.831147415105816     -2.375139150453941
                  11341     -13.69876289367676     -5.526206970214844      2.035654421681742      1.639503612883557      165.0367537837188      2.124584347963697
                  11342     -5.203212738037109     -4.182382583618164      2.035749841413845      1.637168141230206      1.946911527206572     -2.316718208224962
                  11343      16.63756942749023     -15.69601440429688      2.032413093102696      1.634369131405788      151.1643275854871      2.032053465065277
                  11344      21.77923965454102     -2.152098417282104      2.032436365661884       1.63567781754761      3.620965056026942     -1.698761602958465
                  11345      17.51218795776367     -13.72560787200928      2.028526566998671      1.631490529471766      99.61688250678144      1.611340663370793
                  11346           3.4638671875     -17.80057334899902      2.025133424350917      1.629966506077866      14.31281309838344    -0.3314445125295004
                  11347       20.5114688873291      3.062424182891846      2.022793245396859      1.628587420379366      1.453515017755248     -2.620617572711331
                  11348       15.9664249420166     -8.221416473388672      2.020757902140443      1.629191885372913      9.465480535955892    -0.7475864133090149
                  11349      9.592354774475098     -18.24418830871582      2.017569471489631      1.626672236452925      24.60612640610208     0.2046306404641699
                  11350      9.775663375854492     -17.01876068115234      2.013070772767012      1.624035156504801      34.17565685340816       0.52929407359192
                  11351      4.694621086120605     -15.43338489532471      2.009353395596352      1.622024910527092      17.25548668855835    -0.1571762707467387
                  11352      22.34828186035156      7.509404182434082      2.007430410324798      1.620921775124448     0.5924580165637772     -3.530419503412456
                  11353      14.81886959075928     -15.43796634674072      2.004804037318953      1.621601530574523      149.5826163030791      2.000014713992251
                  11354     -5.988199234008789     -12.35472297668457      2.002381241892332      1.618511232427989      28.55062159400036     0.3407278130271207
                  11355    -0.5747709274291992      -16.6688175201416      2.001459477015289      1.615784067881651      12.74766463685434    -0.4677496507806871
                  11356     -2.976881980895996     -7.149758815765381      1.998830047726659      1.613978793804259      3.980100757822855     -1.634223123495321
                  11357     -6.491247177124023     -11.77104377746582      1.995168303822856      1.610448038537251      31.86829689175718     0.4420577998422699
                  11358      -14.5708703994751     -4.056467533111572      1.994939373276526       1.61504936852724      153.3199926493871       2.01571165544968
                  11359      18.85526466369629      1.152014017105103      1.993971265244361       1.61339893557593      1.873954879663361     -2.390272261506917
                  11360      22.09274864196777     -5.859172821044922      1.993662187782734        1.6135606014067      5.196599591730767     -1.370373701985784
                  11361      16.79176330566406      28.93867111206055      1.992429691810619      1.613082772900222     0.2115363419306483     -4.572651229830591
                  11362      20.63357925415039     0.9615602493286133      1.991601526623593       1.61305913895834      2.519451371622999     -2.095681989729782
                  11363      16.02261543273926       1.88902735710144      1.990625062532642      1.613961200336848      1.485479815993895     -2.623916672833419
                  11364     -12.84782886505127     -7.905723094940186      1.986207617058998      1.610365431667556      103.6331533134346      1.616750798593459
                  11365      1.525333046913147     -9.473708152770996      1.985473138314499       1.60850907821185      3.037393202343177     -1.914630120143108
                  11366      10.92093944549561      6.291092872619629      1.984349926084779      1.607749498050556     0.0677732695338439     -5.718255397885383
                  11367      15.57260417938232      1.923112630844116      1.981854184633297      1.608572294150012      1.592905253455687     -2.561855295111988
                  11368      17.76261520385742      18.19106864929199      1.980425726098187      1.607788975102602    0.06257776060541313     -5.799968285979348
                  11369      19.65331840515137      -7.35431957244873      1.978316974039153      1.606385849125864      10.73673870304079    -0.6568900270420835
                  11370      15.13944816589355     -16.30816650390625      1.975203816098791      1.604258394120018      165.0245449048046      2.072632678330955
                  11371      6.471978187561035      -19.3351936340332      1.971781252105116      1.602367066885369      20.91445261180782   0.004064985786592986
                  11372      7.641862869262695     -17.86457252502441      1.967384643501672      1.601175651819846      34.32723787558315     0.4965876339761733
                  11373     -14.06888294219971     -5.222893714904785      1.968090237412881      1.600077398312218      190.1119010098058      2.207933780803185
                  11374      19.81920433044434      3.972755193710327        1.9674383759282      1.598769092494754      1.685055670372308     -2.519029724769106
                  11375      14.41743564605713     -2.351991176605225      1.965538708625055      1.599632408450376      1.552154996391714     -2.601610219183732
                  11376      18.31427764892578      11.29924964904785      1.963595098073655      1.599965669889919     0.2555705858329334     -4.406292165123581
                  11377      15.03381729125977       1.77595043182373      1.961138968544788      1.598115886460962      1.621682005282459     -2.560980061875918
                  11378      13.98220443725586     -6.908907890319824      1.958559330382749      1.596691517232073      4.441529101524413     -1.555653159115265
                  11379      20.64469718933105     -9.573629379272461      1.955725525699492      1.594364024947134      12.03099207489137    -0.5620725655287194
                  11380      19.80353927612305     -9.825460433959961      1.952860240690527      1.591926369979282      16.84337004612861    -0.2285976879958729
                  11381      20.55526161193848     -8.741457939147949      1.950074671847287        1.5896848698466       14.0415948340102    -0.4133672716857231
                  11382      19.30655860900879      0.367403507232666      1.947571402503186      1.587621982244197      2.824435624896437     -2.019665706972041
                  11383      22.87812995910645      6.309020042419434      1.945154228035328      1.586680224914174     0.7996040934909959     -3.283448086366024
                  11384      16.25258445739746      2.927004814147949      1.942706938469268      1.586957277416859      1.995182593458697     -2.370158300467095
                  11385     -1.681570291519165     -9.909905433654785      1.941154017902198      1.585467083120653       13.6915191093924    -0.4458564201909556
                  11386     -2.788536548614502     -11.50712490081787      1.938625583802021      1.584069271827571      28.70613382494014     0.2922923841241072
                  11387     -9.102928161621094       -10.151780128479      1.936780688866781       1.58072092768843      38.77509537945257     0.5898916285317921
                  11388      14.13293647766113     -14.60633850097656      1.932769399736438      1.577081673555736      136.1687661007101      1.841630314656774
                  11389    -0.4442815780639648     -16.93924140930176      1.930299261063156      1.575545570857892      12.99013154923846    -0.5103281100914854
                  11390      -13.8483829498291      23.95242500305176      1.932919792366071      1.577518408655777    0.02436965562904432     -6.786326574620857
                  11391     -4.828602313995361      17.75159645080566      1.936549918573217      1.580559345069146  0.0007376583747137673     -10.28013767242328
                  11392     -13.08360767364502     -5.535924911499023      1.939007173371204      1.583713933121592      197.9732222510207      2.223285812852914
                  11393       5.75853443145752     -7.388908386230469      1.937045677979665      1.582901586405403     0.2299292874277882     -4.536354610028432
                  11394      11.22087478637695     -6.128817558288574      1.934583980067161      1.581162958493638      1.523734884930318     -2.647577308555594
                  11395      8.108108520507812     -8.383023262023926      1.932240811140995      1.579500089677728     0.4750949095613275     -3.815246638416893
                  11396       7.12531566619873     -5.357727527618408      1.929891716788801      1.577775672400781     0.1634511932480042     -4.884555619144443
                  11397        4.6357741355896     -17.56277275085449      1.926233987825229      1.575498210231203      25.61363078827967     0.1664682810470483
                  11398      2.778228282928467     -16.95238494873047      1.923050189668085      1.574570553060618      17.18666307195783     -0.234765906061777
                  11399      2.313711166381836     -12.11843395233154      1.920468286438701      1.573706613078004      8.778342800491139    -0.9085042875322614
                  11400     -8.837099075317383     -10.15949249267578       1.91660718977935      1.571017645989587      41.75273498778811     0.6472503610012276
                  11401      -8.73753833770752     -4.589376449584961      1.915359498878701      1.574640437030022      33.64031389923231     0.4328627287254538
                  11402      21.75423240661621     -1.620902061462402      1.914863320276956      1.572986275186024        4.1496161132417     -1.661156749836312
                  11403      21.31620597839355     -4.885705947875977      1.914405248620683      1.573199886322675      6.581258484766315     -1.200050047908851
                  11404      6.793520927429199     -5.769664764404297      1.912370534815517      1.571423154578852     0.2037480926045474     -4.677340344110672
                  11405      8.848478317260742     -6.983206748962402      1.910048372825406      1.569572844002446     0.6010565502153487     -3.597928901674678
                  11406      13.35219669342041     -5.184084892272949      1.908683062739494      1.567753813696797      3.165841617887314     -1.938318377018481
                  11407      15.91474533081055      0.683995246887207      1.907943343049189      1.566350583703718      2.245146927852038     -2.283249434085846
                  11408     -3.006789207458496     -7.125942707061768      1.906767850838983      1.564764005516141      4.972469886938106     -1.489733445450543
                  11409      2.500042200088501     -14.27584648132324       1.90399219292224       1.56308085909645      14.47389085339456    -0.4238367077046918
                  11410     -1.571389198303223     -16.59607315063477      1.900963737288161      1.561764343912845      18.22159642292646    -0.1960100557771748
                  11411     -2.929636478424072     -17.38436698913574      1.899326048928335      1.559785349641615       16.7279286373482    -0.2836676989946071
                  11412      21.60861206054688     -4.682600021362305      1.897422427224005      1.558290049132798      6.880657997934063     -1.173994990400103
                  11413      15.50480842590332     -11.89798641204834      1.894845101170666       1.55753015196914      53.77779425658161     0.8803043382729666
                  11414      20.43015670776367      2.490111827850342      1.894031500879403       1.55872777617116      2.505304149548454     -2.185806991468071
                  11415      20.83454895019531     -7.821040630340576      1.892309938315933      1.558010016536181      13.99773748602521    -0.4666913652875826
                  11416     -13.18485927581787      -5.37624979019165      1.894513351583666      1.557445311243786      220.8751886546378      2.292811919042526
                  11417     -17.91195106506348       3.99078369140625      1.897155434993515      1.559505398747772      4.855400452873796     -1.521978797941374
                  11418     -19.16869354248047      9.063314437866211      1.899495880480083      1.560153934273981      1.271220249121247     -2.860444440253273
                  11419     -14.30168533325195     -5.420138359069824       1.90094053078469      1.564605550795301      222.4731966068753      2.307994434940148
                  11420     -18.47711563110352      11.81952476501465      1.900402916022889      1.570407204746414     0.6893869930164468       -3.4653463382375
                  11421       2.88390064239502     -17.42367172241211      1.898511498031373      1.569118954230535      18.86572841622878    -0.1578633146627149
                  11422      22.47635650634766     -1.361369609832764      1.898725818508541      1.567750957523062      4.127562841490693      -1.67828248027915
                  11423      15.28511524200439     -2.177237987518311      1.899519586076276        1.5660357004592      2.016697235853458     -2.395185181781532
                  11424      20.43613243103027     -2.598932981491089      1.899704062632227      1.564541893637355      5.438026800005761     -1.404087269185449
                  11425       12.8538990020752     -9.788511276245117      1.898580547867198        1.5626893629957      6.439081905759195     -1.236893939382115
                  11426      19.99260711669922      1.182265996932983      1.897428777410308      1.560916571271736      3.462608129898392     -1.858999733709633
                  11427      21.29885292053223      9.763049125671387      1.896193413368667      1.560973703914536     0.4214307403009074     -3.965736349234435
                  11428      21.41062164306641      19.77988243103027      1.895298938870654      1.560034518043818    0.07866514332540248     -5.645265324495666
                  11429      17.53455924987793     -14.83538627624512      1.892129169392621      1.558790520300364      157.1085271613342      1.951755052429955
                  11430      1.219205379486084      -13.4673957824707      1.889900283291494      1.558176769121985      14.99784151600823    -0.3988479632756372
                  11431     0.1895713806152344     -16.70847129821777      1.888912559746939      1.557395656621211      17.85415936049343     -0.225541950579944
                  11432      7.294004440307617     -18.13460731506348      1.885409464411723      1.556571067901199       36.2706113097608     0.4808434734055669
                  11433      8.920539855957031     -18.31162643432617      1.881785292537866      1.555502731139863      34.81339588761063     0.4372272724642014
                  11434      8.260271072387695     -17.27305793762207      1.877923677411625      1.553881960250282      43.36998992588553     0.6538960329544788
                  11435       11.9367094039917     -16.20226669311523       1.87343601800599      1.551164409399961      80.66566165559199      1.270298324362498
                  11436      20.68077278137207      9.068071365356445      1.872076346456966      1.550229772155638     0.5446807056719829      -3.72889891914192
                  11437      18.26435852050781     -13.10790824890137        1.8680933614377      1.550459231626239      84.45928284875184      1.312944319265673
                  11438     -16.67025947570801      18.96247863769531      1.870760430134715      1.552251633481605    0.09121384373301214     -5.515291781790457
                  11439     -16.96870422363281     0.8447403907775879      1.874197753682857       1.55339506932002      9.108100064763189    -0.9090069819723212
                  11440     -16.30740547180176      17.78427886962891      1.875701429527711      1.557937089081459     0.1253367349639517     -5.191200754011242
                  11441     -7.452988147735596      24.41175079345703      1.876425470868682      1.562170037545761   0.002607923446184524     -9.060551185360282
                  11442     -7.391427993774414     -10.57297897338867      1.874812221743418      1.562914805778069      38.42786433461967     0.5370491566408723
                  11443      16.10256958007812     -16.29681205749512       1.87288034607949       1.56324100971016      191.6937093459987      2.143342886075321
                  11444     -2.293068408966064     -13.68846035003662      1.870703866503713      1.563136786454318      26.84195561027727     0.1761807707952495
                  11445     -3.087761402130127     -16.56749153137207      1.868078950005718      1.562445053124293      21.88536394435542   -0.02981408288083507
                  11446      14.02568817138672       8.65022087097168       1.86686738634726      1.562268313293258    0.09718371475984817     -5.447546203961177
                  11447     -7.401541709899902     -12.33757495880127      1.864942003168822      1.562415198843985      32.61978937924605     0.3675872012856753
                  11448     -15.53929901123047       22.8969783782959      1.864931660544081      1.566687082878639     0.0334473741261652     -6.512389058696712
                  11449      19.16565322875977     -12.47011280059814      1.862548628616416      1.565187623421387      54.18778261166977     0.8756122315792247
                  11450       17.8922233581543      -6.22658634185791       1.86260506304001       1.56333259072565      9.470838942332511    -0.8697813317290994
                  11451      22.43065452575684      2.356059074401855      1.862293397960267      1.561639975521659      2.447680509475925     -2.224108604044822
                  11452     -1.818161249160767     -12.15390586853027      1.860414499046109      1.560153086877862      28.15465004725959     0.2165010674120003
                  11453     -1.472883462905884     -13.32174777984619      1.857843434989961      1.558606502958996       29.3683847648448     0.2563325512119343
                  11454      16.69365882873535     -16.08079719543457      1.855796416175548       1.55795340406345      205.0983249757771      2.198381753814633
                  11455      16.30755615234375     -15.83972549438477      1.856303592134186      1.557307650373568      228.2089166838887       2.30501244746299
                  11456      15.03265380859375     -16.88592147827148      1.854116591295793      1.555499237385071      187.3855030233501       2.10557818432915
                  11457      5.588617324829102       -15.344557762146      1.852526067905045      1.553591516335885      24.35907256214139    0.06322915505945376
                  11458      6.558013439178467      -17.9666748046875      1.849555250794401      1.551375809438831      42.41560627469141     0.6148090058480055
                  11459    -0.8428161144256592     -3.479525327682495      1.847992769000384      1.550328415658318     0.2727074313762572      -4.43358361112614
                  11460     -12.95906829833984     -2.780537605285645      1.845042851715632      1.546799249613092      122.0605943854762      1.666413172815731
                  11461     -8.299908638000488     -10.78273391723633      1.844506935924414      1.551733097714875      41.67890728369994     0.5947848899052903
                  11462      16.02198600769043      4.248377323150635      1.843702000343829      1.550507941773233      1.617511983263718     -2.655547478071981
                  11463      14.78826808929443     -14.27545833587646      1.842487171929158      1.549853583417748      177.9521853749257      2.043997016995393
                  11464      -9.55072021484375     -7.198145866394043      1.839581961447714      1.547351637532089      62.98283385370978      1.002150687699704
                  11465     -18.60605621337891      7.153595447540283      1.840748541083957       1.55249601645147      2.375438379383277     -2.271576447743298
                  11466     -17.40960311889648      7.084462642669678      1.842223814718468      1.553603334342275      2.791524390759739     -2.108656497809235
                  11467     -15.22405910491943      21.02172660827637      1.843251287137761      1.555092617363347    0.05146391694044578     -6.100602960381195
                  11468     -7.511834621429443      27.22962951660156      1.843284106270072      1.557921961907005   0.003704546517446894     -8.730087469185573
                  11469     -8.453086853027344     -8.967242240905762      1.840574603960011      1.556423046823517      45.80850533624951     0.6901431347171956
                  11470       6.03080415725708     -6.837059020996094      1.838982193486954      1.555754240364851     0.2760623334140966     -4.422750582748846
                  11471      3.753856658935547      -7.76737642288208      1.837963245441667      1.554454666049359     0.5033463594936949      -3.82348866726456
                  11472     -5.203842639923096     -13.03652667999268      1.835034613296717      1.552612147436115      36.48023487796919     0.4569779941576038
                  11473      12.35902786254883     -17.04830741882324      1.831060906765899      1.550589911660284      92.70565762303536      1.386165755663513
                  11474      16.57699203491211      5.817702293395996      1.832477172104507      1.549501800562876      1.001390042155849     -3.141803487945384
                  11475      14.73664855957031     -1.972293138504028      1.833250452680154      1.550502774045405       1.81269686491283     -2.547309162041062
                  11476      21.30559349060059     -8.919313430786133      1.832897674724961      1.548708801261317      12.79226387092744    -0.5946344238056434
                  11477      18.22598648071289      7.653739929199219       1.83322147738545      1.549039526895274     0.5945601705917456     -3.663018210326679
                  11478      17.01978492736816      6.791317939758301      1.832368360850331       1.54812621476858     0.8145702935223762     -3.349234652311202
                  11479      17.23165512084961     -7.744443893432617      1.831426362356106      1.547267170370509      13.14203752722257    -0.5693933034719895
                  11480      20.00248527526855     -11.12444019317627      1.829895257315105      1.545620084693996      27.28489262937528     0.1592223507812777
                  11481       14.0966272354126      1.536091804504395      1.828896491777336       1.54462050551571      1.683004057170919     -2.627723369043587
                  11482      19.87133979797363     -12.28887557983398      1.826232735901497      1.542391595419534       42.7020199643684     0.6030409290176204
                  11483       19.3942756652832      17.42572212219238      1.824862116765316      1.541546050490274    0.07378216531315458     -5.759142688185186
                  11484      19.10416984558105      12.61470317840576      1.823496109388468      1.541107226424345     0.2729788123741832      -4.45189908582872
                  11485      7.309252262115479       5.66167163848877      1.822019793253058      1.541152108233302   0.003529263308253395     -8.800984925776428
                  11486      21.86440467834473     -2.512284517288208      1.820383661393604       1.54080660776068      5.529636371096789     -1.445319332511278
                  11487      14.90183639526367      1.471626996994019      1.818895302515995      1.541065873615486       2.34712317896727     -2.302900680640251
                  11488      19.62820625305176      14.86090087890625      1.817246555072384      1.540793552887399     0.1806112359700646     -4.868583096391524
                  11489      21.76260948181152      12.38045787811279      1.815709096776679      1.541427121983777     0.2804605562503076     -4.428932137718848
                  11490       15.3267126083374    0.01576709747314453      1.813891980979273      1.540997392314377      2.490962990012607     -2.246220677299367
                  11491     -13.53315162658691     -4.863775253295898      1.813912471879854      1.541593599248415      229.3384780290959      2.276707044835777
                  11492     -3.289923906326294      7.495625972747803      1.817756236491999       1.54325919167417  0.0008957852617525221     -10.17310511780371
                  11493     -16.53143501281738      20.83019065856934       1.82050527613012      1.542495435671032    0.06519085010795976     -5.884715273732398
                  11494     -17.73369598388672      5.599644184112549      1.821775629393704      1.543344342690455      4.343408709893734     -1.684371906836045
                  11495     -18.86952018737793      8.256141662597656      1.824304602291422      1.542507944470467      2.215229791827053     -2.356830079264812
                  11496     -4.712044715881348      8.672582626342773      1.825100404557456      1.541459607515502  0.0005615685312126947     -10.63720669725325
                  11497     -14.90734672546387      23.86683464050293      1.824477334628561      1.540954582732455    0.03588805799978806     -6.480449770350412
                  11498     -8.096213340759277      7.565937042236328      1.824506649057444      1.540278221086134    0.01007153114926382     -7.751564571501246
                  11499     -18.61337471008301      13.62406444549561      1.825050952931561      1.539246668627902     0.3764175457015964     -4.130949953883441
                  11500     -12.91707038879395      25.28479957580566      1.825352762651365      1.538210178621331    0.02069270978025879     -7.032375766083879
