#! FIELDS time deep21.node-0 deep21.node-1 sigma_deep21.node-0 sigma_deep21.node-1 height
#! SET action OPES_METAD_state
#! SET biasfactor       12.02723625380408
#! SET epsilon   2.008904905162975e-06
#! SET kernel_cutoff       5.122093479753262
#! SET compression_threshold                       1
#! SET zed      0.4023251668603982
#! SET sum_weights       649.2090123729737
#! SET sum_weights2       3170.951694982188
#! SET counter  492
#! SET adaptive_counter  250000
#! SET sigma0_deep21.node-0       11.38328282014406
#! SET av_cv_deep21.node-0      -2.325286457814332
#! SET av_M2_deep21.node-0       51175166.83658041
#! SET sigma0_deep21.node-1       5.781417314520391
#! SET av_cv_deep21.node-1       7.915131431921771
#! SET av_M2_deep21.node-1       36341011.73677675
                  11500       15.9329621109279     -15.72140917476714      2.430605822853443      1.862028825636866      3476.456556227783
                  11500       18.8952605260224      28.04498792884455      7.923702719085859      5.067496168344274       1.72778276157941
                  11500      -13.3677644904656     -5.788492372269321      2.261792784789025      1.971363991959181      2595.727573493407
                  11500      10.35918419843041      -16.9447831553571      2.915355465722628      1.888071167726078      505.8440347349983
                  11500      21.35541589768926     -2.471426056536146      2.461116258849962      1.860127486860144      44.33750746969611
                  11500     -3.947561204956233     -15.48906577387751      3.041823010040033      2.356205615261524      238.6752907866596
                  11500      18.99588439420919      3.615187421262725      3.023523986000029      2.049777398858613      14.38485239802672
                  11500      18.47036373332537     -10.41572952561805      2.664030464681685      1.993639749331839      194.6867582669659
                  11500      19.87572019487083      12.00926651190923      3.027094631698313      2.075383637107652       2.47744846332724
                  11500     -18.30430983778847         9.222621268884      2.650575509848663      2.014973382900919      9.477445907724675
                  11500     -17.84230373616719      5.538509350212161      2.285295306390014      2.040127648426694      38.19897248405906
                  11500      -16.5282067558178      1.164691011456028      2.670849285918566       2.15376970221613      70.26803857738712
                  11500     -5.962348979552151     -11.41497885697256      2.737277170533696      1.934425673191464        449.37345670808
                  11500       15.1231255173506     -1.169190999538599      2.368840469926594      1.978467755410773      13.55249183991953
                  11500      13.92934741056786     -6.484146368526809      2.398009304681064      1.939909963583868      18.83226682666836
                  11500     -6.987353324890137   -0.08477020263671875      3.465522236102817      2.253549972782231      1.601074803101012
                  11500      5.591047021086972      -8.18784739083296      2.811687768480602      1.922300280301761      2.717996979868694
                  11500      21.08742554862988     0.4016871049629474      2.642610696616433      1.904011162501413      25.67459306420447
                  11500     -16.77563348332687      17.83595817417557        2.4528193558071      2.081718476214085     0.8711496047028556
                  11500      2.546424443691909     -17.54259877532292      2.320299433105661      1.767215806006684      67.92228571004259
                  11500     -18.22898327169983      12.75270634451816      2.524305582022549      2.026965632415556      2.400837437180582
                  11500     -13.17477740422934      25.73933347302184       2.52143355871305      2.005028254845817    0.06273113903719002
                  11500      16.71876684194895     -5.435359193330879      2.726977667754526       1.92009071942101       24.3478023388959
                  11500      21.91982349524718      6.510826141945765      2.649082654701923      1.984860909522648      4.290820200731444
                  11500       -14.200877292462     -3.837592280384306      2.279001785063333      1.872668250943824      1366.198546300323
                  11500     -14.73712392144313      22.59508948638489      2.275447884182805      1.949494707089906     0.2837547178928617
                  11500      17.12293450312559     -13.39814524370314      2.450737454750564      1.731168627196813      358.7105956485208
                  11500     -10.01562713883523      28.92095911931418      2.605689520962073      1.927450568164556    0.01157136721712202
                  11500      20.45687000574971     -7.495074969017134      2.421433715006243      1.969246249414147      108.9752075260499
                  11500      -2.95581789893577     -6.936199738207998      2.237738030056997      1.818289791137772      13.04451732575168
                  11500       6.46642791253496     -18.03311561526274      2.295846150978318      1.786944330210778      319.6747736545145
                  11500     -13.64335060119629      12.18460273742676      2.723324432405775      1.945167039964766     0.3012612828207095
                  11500     -2.099512762680955     -12.67946318394652      2.084024657676115      1.819232144388414      149.8257257108602
                  11500      2.210013735114195     -14.07814166563696      2.375992921400509      1.858280684705162        83.848473393661
                  11500      10.97342872619629     -13.59498500823975      2.660416030382986      1.922093725966401      35.91134209737639
                  11500     -9.946528175020335     -9.240463326880265      2.524600635342748      1.844621164349069      433.9732829673346
                  11500      20.41408469864981      17.53123618724747      2.426901693931677      1.732053446451248     0.1607188522201712
                  11500     -7.088984489440918      32.54166030883789       2.53271983861921      1.868685422050387   0.003498216057148144
                  11500      1.212801933288574      36.85828018188477      2.373538514893556      1.773157924913674    0.01261699669625429
                  11500      19.27011803731976       14.8703714009751       2.13269095015436      1.683565513660815     0.5324551975236459
                  11500      10.72908115386963      35.40449523925781      2.370214231063897      1.797708646305263     0.0976521582293189
                  11500     -3.826250553131104      34.13015365600586      2.361936698321716      1.818610162377794   0.007106145510030343
                  11500      21.25168743700142      9.165710853958428      2.083778279351558      1.680597408334819      1.843194481740919
                  11500      15.36036465858714       1.74876083938346      2.086833216366076      1.729109737817586      15.83974145385282
                  11500     -10.81265926361084      3.024134635925293      2.337027902455773      1.806754019330283      1.616085326036771
                  11500     -15.17534828186035      13.93651485443115       2.34139965087216      1.805890414037041     0.3490524481483874
                  11500     -9.080172261098136     -4.766023313936897      2.129394825984301      1.682067683605594      67.77297593966222
                  11500      16.63516991315275      6.477184690691341      1.978925320031483       1.70093543364475      2.472755449678707
                  11500     -4.052186965942383      12.58302593231201      2.252529128411712      1.757580285526221  0.0007303875555596012
                  11500     -12.49158382415771      1.132681488990784      2.252041544339513      1.765218372493091      7.179905076496987
                  11500     -7.079441547393799     -8.202812194824219      2.206940791452958       1.74402681890971      22.19077028369973
                  11500       5.61517625290757     -14.76987224284895      2.105344334808979      1.778813180234736      74.59678075057124
                  11500     -10.19260025024414     -12.06941986083984      2.152842208413984      1.697047706343427      15.56449082463264
                  11500      1.418681985591784     -11.85788518352763      2.204826310359258         1.674148906187      28.43893653204017
                  11500    -0.6425468367119256     -3.831551247419414      2.004385705239998      1.656513439259138      0.587568488367345
                  11500      8.381719589233398     -10.17753791809082      2.112571098394395      1.682600201138846      1.444446247344396
                  11500      19.54772153804391     -12.32412598022979       1.92943542824102      1.584064725471282      123.6977483837184
                  11500     -6.937160023948905      28.00277448344547      2.036078698457363      1.757131337949329   0.008206562975777563
                  11500     -5.203212738037109     -4.182382583618164      2.035749841413845      1.637168141230206      1.946911527206572
                  11500      16.70191932244043     -7.944146251698653      2.012238953173122      1.599488173889992      22.60751806317846
                  11500    -0.6203630774022281     -16.71565689648902       2.04156945123722      1.579507933344688      61.81355196951269
                  11500      1.525333046913147     -9.473708152770996      1.985473138314499       1.60850907821185      3.037393202343177
                  11500      10.92093944549561      6.291092872619629      1.984349926084779      1.607749498050556     0.0677732695338439
                  11500      17.76261520385742      18.19106864929199      1.980425726098187      1.607788975102602    0.06257776060541313
                  11500     -1.681570291519165     -9.909905433654785      1.941154017902198      1.585467083120653       13.6915191093924
                  11500     -4.828602313995361      17.75159645080566      1.936549918573217      1.580559345069146  0.0007376583747137673
                  11500      11.22087478637695     -6.128817558288574      1.934583980067161      1.581162958493638      1.523734884930318
                  11500      6.941212516314986     -5.586299394453723      1.927256623810458      1.587509956238804     0.3671992858525516
                  11500      21.46566064559479     -4.781894397753079      1.911341032478422      1.568885457512827      13.46191648270038
                  11500      8.848478317260742     -6.983206748962402      1.910048372825406      1.569572844002446     0.6010565502153487
                  11500      15.50480842590332     -11.89798641204834      1.894845101170666       1.55753015196914      53.77779425658161
                  11500       12.8538990020752     -9.788511276245117      1.898580547867198        1.5626893629957      6.439081905759195
                  11500      21.41062164306641      19.77988243103027      1.895298938870654      1.560034518043818    0.07866514332540248
                  11500     -7.452988147735596      24.41175079345703      1.876425470868682      1.562170037545761   0.002607923446184524
                  11500      14.02568817138672       8.65022087097168       1.86686738634726      1.562268313293258    0.09718371475984817
                  11500      22.43065452575684      2.356059074401855      1.862293397960267      1.561639975521659      2.447680509475925
                  11500      16.02198600769043      4.248377323150635      1.843702000343829      1.550507941773233      1.617511983263718
                  11500      -9.55072021484375     -7.198145866394043      1.839581961447714      1.547351637532089      62.98283385370978
                  11500      18.22598648071289      7.653739929199219       1.83322147738545      1.549039526895274     0.5945601705917456
                  11500      7.309252262115479       5.66167163848877      1.822019793253058      1.541152108233302   0.003529263308253395
                  11500     -3.289923906326294      7.495625972747803      1.817756236491999       1.54325919167417  0.0008957852617525221
                  11500     -16.53143501281738      20.83019065856934       1.82050527613012      1.542495435671032    0.06519085010795976
                  11500     -4.712044715881348      8.672582626342773      1.825100404557456      1.541459607515502  0.0005615685312126947
                  11500     -8.096213340759277      7.565937042236328      1.824506649057444      1.540278221086134    0.01007153114926382
