#! FIELDS time deep25.node-0 deep25.node-1 sigma_deep25.node-0 sigma_deep25.node-1 height
#! SET action OPES_METAD_state
#! SET biasfactor       14.03177562943809
#! SET epsilon   2.744460475666789e-07
#! SET kernel_cutoff        5.49700120853936
#! SET compression_threshold                       1
#! SET zed     0.02721891030833018
#! SET sum_weights       12122.74763938206
#! SET sum_weights2       154517.6496734137
#! SET counter  4992
#! SET adaptive_counter  500000
#! SET sigma0_deep25.node-0        1.08259053785978
#! SET av_cv_deep25.node-0       9.733738010018016
#! SET av_M2_deep25.node-0       10549033.03712913
#! SET sigma0_deep25.node-1      0.9228149608588658
#! SET av_cv_deep25.node-1      -1.561386042397318
#! SET av_M2_deep25.node-1       32705872.71013387
                   1000      12.61808304650332     -4.622440515043404     0.4934826149038852     0.8266352133884385      2433.151753693525
                   1000      10.71240041506605     -3.026349202609009      0.517052921390885     0.8625501944050799       1562.53633068313
                   1000      6.534868840294522       5.28413126962122     0.5133954375081579     0.9069611133708595      414.8632506893496
                   1000      7.260644375746965      3.358485007305493     0.4794082318371466     0.8245736714046344      3491.501201283917
                   1000      8.813584141740106   -0.01812961556195273     0.4779541594227882     0.8246014006527996      1170.468396022352
                   1000      9.215906882362352    -0.8123640038372552     0.4659426815590684     0.7973782654836084      1391.413412824003
                   1000      4.080239078200667      12.84659311781898     0.5119822411633774     0.8879501320970605      18.24491218040902
                   1000      1.018351358716309      29.04086375184831     0.5144792035521373     0.8874397192821167     0.4271685428942128
                   1000     0.4992216510788347      31.66801532215736     0.4667905000724293     0.9136186974533408   0.005107821058360791
                   1000      3.027047741990322      16.13015298441519     0.5009498872587582     0.9351809278768749      11.14614226961206
                   1000      2.783727344815238      17.69842871436624     0.4852869518454433     0.8603069575714229      6.823002829888569
                   1000      1.296356641411216      22.73781153309136     0.5350310786487478     0.9550604262520693      1.812766684348307
                   1000      5.131753571462057      9.728656121694154     0.5393726946574178      0.924715314686917      72.80821089378135
                   1000      13.58777460764219     -4.990031273429219     0.5029363440693289     0.8706498178604771      6344.545304593725
                   1000      14.09777370030458      -1.88523563580391     0.4864680578663897     0.9238924916785372      29.22842045614914
                   1000       11.6835065664412     -3.868281130029217      0.545721208236661     0.8651398325574444      1741.203310002483
                   1000      1.705005735180469      20.82978532771465     0.5279231233318008     0.8820881278481206      2.421549765135897
                   1000      1.847199461755928      28.61964996113806     0.5210284873031283      0.905874856731384    0.08573491199799146
                   1000      7.628771530265494       2.53644389585685     0.4805188703106447     0.8308446032557841      8693.967352620333
                   1000     0.8427163115948184      25.90454645717987      0.506150743794671     0.8778615439507735      0.751964321031992
                   1000      0.867980615510674       24.4029712779416     0.5067432250218415     0.8634486424910583      1.181439590789698
                   1000      5.690887863899214      7.930764209846657      0.503995609257837      0.869271640253456      109.1798800339098
                   1000      12.56167002797541        3.5683236172571     0.4800546763988788     0.8964857202370405      1.070140680639381
                   1000      11.21684962951798      7.105669469033166      0.508921776832815     0.9429610433918231     0.2857962132140295
                   1000      12.06256187024114      5.042474413741239     0.5058581251812311     0.9390856966466538     0.5378744113051405
                   1000      9.841999249599564      10.78389394963315     0.4954561395383017     0.8774001974409541    0.06951801271146728
                   1000      9.291089456701156      12.18789353144054      0.467094605484754      0.889732378083706    0.05573940929114207
                   1000      10.77849541853594      8.584806307697566     0.5050162041564914     0.8738731664635627    0.09598610768929985
                   1000      5.947152088096309      20.63906822634906     0.4572756772909041     0.8457745563327383    0.01094292909591704
                   1000      6.869568516159301      18.40201778875867     0.4729025484664678     0.8449622385051776   0.009026511647021424
                   1000      8.222393543123303       15.2078224098128     0.4712232308501947     0.8551561647044592    0.03278121797549927
                   1000      10.37228155294921      9.680064937624262     0.4662263673167745     0.8453750816698871     0.1022481932633371
                   1000      13.36859762829304      1.287252679302769     0.5001896832582274        0.8986392524315      3.186301608946593
                   1000      4.866125523750314      22.83721596087699     0.4763407136006287     0.8567870878751074   0.005227149040502305
                   1000      3.404695345608924      25.75999107827486     0.4842073298461471     0.8977572148452982     0.0103207637316375
                   1000      6.371320535520095      19.59838790326926     0.4584666391549555     0.8489421130946938    0.01203454598985033
                   1000      12.13241914752065      2.113051528033909     0.4746269894711656     0.8973321864336593     0.3727457138830804
                   1000      11.91025808785685      3.460671199354148     0.4679480505301323     0.8458567049679491      0.210653836228889
                   1000      13.46687307902765     -1.353599252658962     0.4699793231828843     0.8828342515495163       11.3037696389171
                   1000      4.314369096699791      23.99446499186384     0.4640886281434424     0.8804516765916179   0.005596619421157715
                   1000      8.824896337984994      13.48262353325493     0.4821443874390065     0.8472374710372212    0.04106534361860655
                   1000      12.86158034652967      2.217803927647987     0.4869131244599426      0.928859307310965      1.996168579577916
                   1000      7.373306128472496      17.20315319448701     0.4689383278791078     0.8866985433586282    0.02044868851862346
                   1000      7.781545799677984      16.17609752419421     0.4762475520703874      0.848681935527295    0.01700876178031313
                   1000      8.175447544296468      1.450522604327341     0.4850594046445741     0.8634133448445668      1327.645656155171
                   1000      9.962014920815138     -2.106972631082996     0.4977621503420038     0.8321921554266158      676.1294402895305
                   1000      6.052929306510324      6.642092261558618      0.504745619220614     0.8658216403418104       178.113648583478
                   1000      3.572710865500619      14.13152482932478     0.4998468773309468     0.8749702568930431      11.68291119220362
                   1000      7.584161082065717      15.25140990935182     0.4649401165355004     0.8467705387249127    0.00277666327107934
                   1000      10.20137435055195      8.755661010233471     0.4622774784526143      0.794028979760287    0.01955000398411586
                   1000      2.804029260262172      26.95747868016899     0.4646379520363833     0.8370479784803321     0.0161598162883114
                   1000      11.18170858685647      4.581540154539351     0.4652831358472173     0.8588169470959801    0.01389866886977306
                   1000      5.384719850732867      21.79458075568507     0.4644622731345726     0.8323766536230868   0.004971481395107179
                   1000      9.595832987546613      9.951748806879475     0.4933416318162614      0.841339416503102    0.02222015060153241
                   1000       9.50514544815689      5.477485868670685     0.4060853290487415      1.019740639779647   0.001019071192604733
                   1000     -1.981261253356934      1.546080231666565     0.3925583074945517      1.021936348792087  2.005986968316139e-06
                   1000     -27.12283614103357    -0.8460540629546732     0.5164815330126816     0.9680056695198731  0.0004904325353820233
                   1000     -31.53562429091524     -1.030065825915404     0.5081496344214835     0.9083501873020693      3.493433796290025
                   1000     -30.06930811985969     -2.507506932676071     0.4522752533245637     0.7727489242064738   0.005051296507080522
                   1000     -29.57770988682692     -1.316443088361355     0.5424178260693944     0.8736486025331625    0.02799879268214584
                   1000     -30.48892312485276    -0.9822854278682074     0.5181732346005952     0.8771880580958145     0.1319121433754265
                   1000     -28.68083870638156    -0.6568421639993808     0.5446244557369648     0.8865085528405078   0.004360620646140363
                   1000     -27.67766463175025     -1.641846682130326     0.4844642972159164     0.8297704709665567  0.0007122240630433677
                   1000     -28.59579488091058     -2.387155387136037     0.5112113323065371     0.7874844162527627  0.0004167103255443904
                   1000     -31.09600224865387     -1.548397440267468     0.4798454614103638     0.8014687925677648     0.5515074225423113
                   1000      -24.3620305940474    -0.2032539200778738     0.5202120799763383     0.7944886231880542  3.249458188456433e-05
                   1000     -26.35877331420715     -2.370713068363859     0.5097970625866278     0.9476412520571853  7.121493172588061e-05
                   1000     -23.37623551141316    -0.5313098987800763     0.5465875879028275     0.8971273218140172  6.297032315468588e-06
                   1000     -33.66526794433594      3.352988243103027     0.5544267120112685     0.9486765492889832  1.701913562468697e-06
                   1000     -21.54070663452148      2.855103969573975     0.5527811562213643      0.944607545061989  1.541173511931499e-06
                   1000     -24.23058004449055     0.8548827293135238     0.5203720460705492      0.830602408729618  2.470637020638598e-05
                   1000     -26.96115794519245      -2.74929743409433      0.461622858725019     0.8920895821279754  4.959553058538368e-05
                   1000     -31.99817267744985      2.266772889540036     0.4416188594611795     0.7719845365615553  0.0001675204781886552
                   1000      -25.1481153097525     0.3972192612488718     0.4540601621808314     0.8031634258761109  1.937315367617945e-05
                   1000     -12.21154880523682      3.230295896530151     0.5412479462646613     0.9123890256542118  1.629595482968446e-06
                   1000       2.38675736853849      19.82449717665753     0.5095394851591649     0.8534914693905458      2.783933912447333
                   1000        3.1696225848145      17.12099307733311     0.4852847673241695     0.8025714453285365         2.441623052602
                   1000      4.564616737387294      11.34790870140401     0.4750435424064944     0.8482091559703004      27.62457518578424
                   1000     -1.014927268028259     -0.183673232793808     0.6273988580749725     0.9318808075084198  1.382250679126038e-06
                   1000     -8.306015014648438      5.944338798522949     0.6144251001534231     0.9226154854087422  1.419601461993306e-06
                   1000     -13.22523403167725     0.5181565284729004     0.6182057286259883     0.9227582145458662  1.411520239954442e-06
                   1000     -15.94985024759231      2.272299065000062     0.5153133122025786     0.8329808613197633   3.87495789022342e-06
                   1000     -16.11138725280762      5.258681774139404     0.6217359826990909     0.9223280837378197  1.404500277650528e-06
                   1000      13.69859258019926     -4.018495038545218     0.4538627039467034     0.8047108748982134      560.7069729753147
                   1000      8.340067614507797      14.25183103160077     0.4737661013151265     0.7856392041552097   0.005459984369609976
                   1000       8.27101870821892      11.44570396820617     0.4706707976740354     0.8820735873228659  0.0002927548650211203
                   1000      5.900609082003431      18.62912157035681     0.5171669776292849     0.8391554256499087  0.0001866600247256433
                   1000      13.62064030701518   -0.05324092598604075     0.4962673387248937     0.8486605040599173      8.081164385705856
                   1000      13.15935303443353     -4.222160446281241     0.4529125342776131     0.7898602096432252      1785.134250056749
                   1000      14.31295066728775     -8.263283818601382     0.5380756308636082     0.9102106085131523      1.966470001460125
                   1000      11.60128879547119  -0.003960132598876953     0.5399234182242852     0.8693576521204582     0.1036915811068557
                   1000       10.5592142957251       -1.3511343145828     0.5007058798191488     0.8364769527908626        66.367204640116
                   1000      9.688156845174818    0.07128541523798476     0.4608787654134701     0.7807757411240221      52.88724355738109
                   1000      10.50210578649532     0.3165276943930858     0.4765871227898509     0.8428551076908058      1.130912772588367
                   1000      11.74802409770383     -1.050881905521331     0.5065651315152885     0.8496152857325627       1.53770614229101
                   1000     -3.549541240963183      6.011851247843678     0.4740232234114926     0.7570547595244989  1.374011023166374e-05
                   1000     -21.93895437159495      0.131488883367826     0.5056582903773491     0.8029353499008891  4.442989731498693e-06
                   1000     -29.28050665186279      2.755871454593867     0.5106909347430567     0.8267936569723346  5.203122250598346e-06
                   1000     -26.73364389651716     0.4975442551824926     0.4597310950349662     0.7854406440978772  3.300143771452518e-05
                   1000     -26.18977502400788     0.1960579537730585     0.4810120768756032     0.8684381170437807  6.477783713289522e-05
                   1000     -25.49909918222492     -2.664936434760892     0.5001000467024017     0.8006433093666375  5.618221053299076e-06
                   1000     -27.73024658936178    -0.4161109894312068     0.4710159442993844     0.7904482527486569  0.0006470052101233699
                   1000      -27.9473876953125      3.315280914306641     0.5526146126203498     0.8330175954655255   1.77916034431228e-06
                   1000     -30.25878715515137     -4.172582626342773     0.5515348939738153     0.8306670183306319  0.0001221832676652849
                   1000      2.437228806754577      18.48543080259841     0.4862665979523145     0.8255093587045573      3.640568973451785
                   1000       2.56651848371753      23.92445615883318     0.4715552103069872     0.7901090227679952   0.007866305962253616
                   1000     0.8543078937157168      27.45920116220118     0.4692388414615049     0.8310451446422253       0.49197800300864
                   1000      1.730066254087174      26.95187140145972        0.4829321873868     0.7633687641225964    0.01596472898894109
                   1000      3.555904657258028      15.13317504403995      0.472001579271477     0.8051519880245113       5.31574618214853
                   1000      4.011084496688256      11.75131235262982     0.4730443032693427     0.7933920056311955      4.555714618588467
                   1000     -18.56807899475098    -0.3775062561035156     0.5326995283730593     0.8159003992753777  1.851555616543948e-06
                   1000      1.030069092594736      30.56092555482806     0.4759532754211308     0.8119369518911845    0.07520811277491228
                   1000      -11.8928918838501      6.582037448883057     0.5250072172842856      0.812244277033492  1.887296575908794e-06
                   1000     -4.309851169586182      5.661604881286621     0.5254757514766065     0.8128133836725455  1.911842000880745e-06
                   1000      4.888927728177531      6.721327096222853     0.4498532925253152     0.8337902761259267      1.381511837670722
                   1000      4.825551483410927      12.46319928138128     0.4924555228223779     0.8319039051677758      3.141934132416247
                   1000      2.047323316639427      25.54980859062234     0.4633423115734991     0.7584764409272919    0.01083383774641437
                   1000       8.63142710978132     0.8887088248601339     0.4346886640300476     0.7775597721426406       92.9544733726557
                   1000      13.05380253461343     -5.439431769143258     0.4610870846878276     0.7591070051255586      421.7872075369265
                   1000      13.97028772780144     -5.601518096222819     0.4341190127444366     0.7440880338774889      2252.509899278318
                   1000       3.05078922547649      14.98412884862342     0.4503087813572407     0.7949241752673063      3.413653755108319
                   1000      -9.78823184967041       1.38261342048645     0.4962084285544571     0.7958005535226417  2.037923654216339e-06
                   1000      4.152193069458008      5.918434619903564     0.4966202082242769     0.7961008447740022     0.0158622801920564
                   1000     -1.772034645080566      5.797099113464355     0.4849372675481226     0.7855718861291876  2.113660257466225e-06
                   1000     -11.80630809747705      3.953522013258499     0.4864847939281821     0.7821884024328642  7.809342210939203e-06
                   1000      1.814331168859218      19.27655550613989     0.4579096654726555     0.8379613416987415     0.9765335588960576
                   1000      5.720617893403159      9.145640353729727     0.4607503615076571     0.7804457220321779      20.86248607148131
                   1000     0.5735006988944991      29.89630137839675     0.4667969007182854     0.7885398214931421     0.0825584931907659
                   1000      12.92586074801636       0.84272724547856     0.4596891466952913     0.8221243091842694     0.9207234435096725
                   1000      6.874606652785379      4.298632223968105       0.46844885086885     0.7859444976606427      277.6559166521398
                   1000      4.330676568974011       14.9945846565008     0.4234723771271759     0.8310677860312443     0.4518040945261278
                   1000     -1.799719333648682      25.13509941101074      0.467827869369833     0.7883050953636828  2.402946393153826e-06
                   1000      5.201761652126573      11.00532500475742      0.451606802853555     0.7839414761635657      8.373065433535096
                   1000    -0.3447608947753906      26.20905303955078     0.4621163357770338     0.7928087625839274  0.0008681332446513704
                   1000       13.0236059147028    -0.3072451031768838     0.4619929817515701     0.7646563382413434     0.6559881009631767
                   1000      11.61980721503827      6.046924280004697     0.4586210833553971     0.8399372848988079     0.2090486648967713
                   1000      14.21101843110759     -3.126496297977625     0.4500550752802294     0.7847205582338426      35.46095590319479
                   1000      9.970480927614366      6.971865505239016      0.439482687809562     0.8050970936499073   0.001820122070588135
                   1000      10.72168064117432      4.499383449554443     0.4381793963766394     0.7790399005750787  0.0009812237507726411
                   1000      11.14533328095022      2.785913836921583     0.4532366463920418     0.7710068700112839    0.01405906444977867
                   1000      10.57839584350586      2.452439308166504     0.4344190741808091      0.776142152505798   0.009509478007363847
                   1000      10.73207631368131      7.638258053100029     0.4556623355306942     0.7625573215467136    0.03196002441162102
                   1000      11.08130423728058         5.643930968551      0.446949078496073     0.7676788145733108    0.03281381123589601
                   1000       13.0162419465408      -1.80063766123371     0.4395419101074221      0.767513942315961      4.087089311628334
                   1000      14.71255874633789      -4.81117057800293     0.4313619097854103     0.7810785783522084      8.243351689680237
                   1000      12.25429898648247     0.2433996122017737     0.4416114741910089     0.8298984188896972     0.2135727961943248
                   1000      10.76703040363764      3.351312759876217      0.435133795445753     0.7671428275120826    0.00262064422227709
                   1000       15.0256814956665     -3.660282373428345      0.430800370588596     0.7816036982347958      1.375442304785278
                   1000      6.641624450683594      16.53995513916016     0.4236456931563958     0.7801679945757481  0.0002178140235716911
                   1000      2.241570270850004      24.76878400459273       0.41100048952843     0.7468468168873373   0.004202511384212852
                   1000       11.7867739379877      7.122665451441256     0.4363060811744285     0.7508291101149568    0.01411364948257355
                   1000      9.150962393521976      10.53725059290173     0.4561020842934597     0.7446395623211827     0.0022484748134008
                   1000      10.47065565982913      5.773502904880573      0.454187879667325     0.7660967561265423   0.003378035818439284
                   1000      3.429086368638332      26.87427098629257     0.4321305616826123     0.7639834704820639   0.000524822943380846
                   1000     -6.415141105651855       2.61009693145752     0.4141460314260069     0.7816236498337058  2.486023006444324e-06
                   1000      4.687292607376796      5.166268567831366     0.4069732265530052     0.7492350184343326     0.0996572752309029
                   1000     -2.263128967380157      4.659899687751644     0.4269355954716533     0.8214884403528334  5.312059652727629e-06
                   1000     -19.63105201721191      3.191146850585938     0.4167179937493522     0.7819131861087431  2.470019514221397e-06
                   1000     -13.82959365844727      2.447268009185791     0.4180141989316894     0.7818868588351418  2.470124304063364e-06
                   1000     0.4516806602478027      4.749838829040527     0.4182732333802001     0.7818042062752966  2.460924738734887e-06
                   1000      2.499938641200813      16.81115098666057     0.4634243103892061     0.7369101502501111     0.4928596976133707
                   1000      1.157700881196142      21.55655417392023     0.4581480257888035     0.7671510392920732     0.4162413046640748
                   1000     -2.770237922668457      5.207773685455322       0.41524041551293     0.7781795954728621  2.613526872586885e-06
                   1000     -10.06258201599121      9.175352096557617     0.4154232373469968     0.7782273121765105  2.489200154333198e-06
                   1000      4.118214032126346      13.78358464710974     0.4365142573428982     0.7588285160594888      2.376595420436642
                   1000      4.346089166630822      8.649971345433524     0.4441910067945008     0.7590197940402117     0.7019601101439625
                   1000      2.326866178468991      21.08472026625344     0.4427627856307463     0.8168656887977668     0.3426718323185237
                   1000      1.961860535282247       23.0068788918576     0.4301180063542852     0.7654755016646216    0.09116066510514767
                   1000     -11.85567872577212      1.424032394598716     0.4377787887623112      0.778213832583997   5.13812941998392e-06
                   1000     -9.818777647835233      4.772450044683177     0.4233161461051353     0.7836096929354299  5.118051670677815e-06
                   1000     -10.24727821350098      2.999024868011475     0.4106946082109931     0.7762087936097357  2.547829293295659e-06
                   1000     -16.46498107910156      1.189222812652588     0.4115078274413822     0.7762682702417674   2.55784732390458e-06
                   1000      -25.7266845703125      3.484122276306152     0.4132998599989686     0.7763445907110521   2.50927691828918e-06
                   1000     -29.68839633046398   -0.03807529681714798     0.4505851440976373      0.775146128417199   0.003059442394750456
                   1000     -32.11516189575195      4.136947631835938     0.4295206591929178     0.7734943714374339  2.870214634359626e-06
                   1000     -30.91755294799805      2.642549514770508     0.4289081939764097     0.7720838273512566   1.55126905800953e-05
                   1000     -31.20312690734863      1.705594062805176     0.4284127485562901     0.7710551242905571  0.0004755758325895143
                   1000     -27.78701777274136     -3.272846828888408     0.4436614399986856     0.7820874266706499  1.989723895458082e-05
                   1000     -31.30757532642493     -2.309442118363142     0.4332188054654032     0.7993665406620551     0.1032786594994765
                   1000     -32.42773749893466      0.113289515917104     0.4661986823952862     0.8103225887675012    0.01694042451938587
                   1000      -7.07190921035377      1.296291997291077     0.4208146417724949     0.8062144368746309  5.263614846259901e-06
                   1000      4.546832163983633      10.38031377885209     0.4635371290559151     0.7631729862448692      10.91944255035555
                   1000     -28.38084411621094     -3.162260055541992     0.4514404786851451     0.7691119977644645  2.269030331373186e-05
                   1000        -33.57275390625         5.350341796875     0.4519220953969872     0.7690283376567099  2.327765414541221e-06
                   1000     -18.36827659606934      1.927084922790527     0.4523953763732972     0.7687402087683601  2.316482095893584e-06
                   1000     -22.93287130811307     0.7117171640486238     0.4315067479088988     0.7508260171239316  5.498926633513151e-06
                   1000     -22.29406356811523      1.111869812011719     0.4517557589904798     0.7647372730931857  2.516659441476611e-06
                   1000     -30.64149362208392     -2.629187709069509     0.4521002835146263      0.783513370256001    0.01682809918563148
                   1000     -29.17122077941895     -2.208596229553223     0.4511120653546719     0.7632552879140639   0.000495172149291372
                   1000     -32.49124145507812      1.993846893310547     0.4507252696185832     0.7625088809895911  0.0001743775016382759
                   1000     -25.58512283790238   -0.07712305739152166     0.4860638451417056     0.7585331371944664  1.353422802107629e-05
                   1000     -29.14615249633789      7.053738594055176     0.4502363828859068     0.7614214944142793  2.347418681234303e-06
                   1000     -31.01211357116699      5.613298416137695     0.4494856650352174     0.7600192098499022  2.359023280312071e-06
                   1000     -26.32920455932617     -1.026541709899902     0.4493693686948061     0.7597829195520434   1.29236896904186e-05
                   1000     -28.20173219490404     0.3715692230419064     0.4682043237260596     0.7513076699583929  0.0001419640281919252
                   1000     -27.27961921691895     0.1973676681518555     0.4485395304932088      0.757845777469931  3.352315069282153e-05
                   1000     -27.66916084289551      1.104184150695801     0.4485043287942293     0.7576038335715037   1.46466648920767e-05
                   1000     -20.82221984863281     0.4689760208129883     0.4481701995593663     0.7567498456145603  2.400006668380175e-06
                   1000      -29.5281982421875      1.844488143920898     0.4478813940142594     0.7559086909000128  2.247968624048095e-05
                   1000     -18.75321165610813     0.9853170722443939     0.4422409400812057      0.774080404659902  5.341217956783811e-06
                   1000      2.996340315162621      7.883882863367369     0.4430134758076976     0.7496762541743394  0.0009378305276379847
                   1000      3.597157163982259      20.58269446458983     0.4445213901896282     0.7261546936522205   0.004807974074126539
                   1000      5.754171995146806      19.67201814471519     0.4616297114912542     0.7284424014807604   0.000564363867453124
                   1000       12.3707231398214     -1.149280240626163     0.4717744615056832     0.7369168510737554     0.7816195693049421
                   1000      14.87765407562256     -7.485337257385254     0.4515418152558737     0.7365263793300509     0.3558237096419289
                   1000      13.48318391367378     -2.555630160563501      0.463748670810174     0.7413956179685743      19.62429746027765
                   1000     0.7095580101013184      19.89806175231934     0.4447368083462823     0.7311098528427243   0.005698201179623026
                   1000      8.796239852905273      11.30322933197021     0.4432636806795731     0.7305004765276016  0.0009199204057426355
                   1000      14.15331849507508     -4.293369182152124     0.4338491361525649       0.73271747709462       50.8436436719247
                   1000        4.0130042937329      24.69364870931823      0.432729393356976     0.7529838280743903  0.0007405527819025672
                   1000      12.52182897619737     -3.442311321277997     0.4278524939928588     0.7439409129358602      51.33284343077663
                   1000    0.06287622451782227      7.636972904205322     0.4372511934657323     0.7354484547484861  2.502579375187898e-06
                   1000     -22.62447166442871      5.741910934448242     0.4393196897350595     0.7351421187483237  2.491846751393994e-06
                   1000     -19.34033645290335     0.8755282133714912     0.4645991947710366     0.7349831679606067  5.410636823943373e-06
                   1000     -17.55437660217285      12.45765972137451      0.440726801668131      0.734953086076521  2.484431613547317e-06
                   1000      14.71201225119708     -2.936942249132371     0.4340073842878253     0.7240625397989719      3.333233096525996
                   1000      14.01583168728046    -0.8833525762426866     0.4213678299181224     0.7461180933983731      1.216789008679814
                   1000       4.10922057870392      16.78870062397143     0.4385500451292323     0.7369927763999425    0.04535358665428606
                   1000     0.5686399604020885      23.43423895762266     0.4263707174919061     0.7718176203153153    0.03366333487382294
                   1000      5.210028412877916      14.23970336504257     0.4198499046449207     0.7207443925389055    0.03761457608615625
                   1000      5.853832946662584       4.75688995077723     0.4319882501841826     0.7463486009737451      9.118949838182566
                   1000      2.297463881639501      27.68688804147322     0.4414665610708828     0.7570082720613246    0.01153826976706357
                   1000      3.444770424326106      23.36617892392624     0.4259882832590747     0.7551738801853174  0.0004711750834245718
                   1000      8.538597106933594      3.551614761352539     0.4277622924950408     0.7345253641539519      9.128008296696313
                   1000      6.064985752105713      2.126768827438354     0.4262353921425446     0.7318553879616789       1.46968575133384
                   1000      9.804538011837131     -1.115810925945927     0.4517998861957636     0.7561943582824381      57.12753193034226
                   1000      12.98844432830811     -6.536208629608154      0.420285477683129     0.7212365648487781      11.14067093405414
                   1000      3.506412029266357      22.23694610595703     0.4189645248708236     0.7224734866983683  0.0003312492872593848
                   1000      11.37571750722656     -2.974146581326013     0.4463998600994954     0.7468149994229299      251.0427030538452
                   1000      0.969131667582436      31.36944774834085      0.403128195195966     0.7119594722817293   0.002919698755126958
                   1000      6.924739176080589       15.4711197410501     0.4221803537226715     0.7243409177458334  0.0003329066106061341
                   1000       6.33403848857338      4.123481841081142     0.4201187760683815     0.7556423835243699      31.83810767971864
                   1000    -0.1965060234069824      8.712906837463379     0.4132838516636616     0.7260905303704942  2.710222180751537e-06
                   1000      3.565405798013926      12.38158757310248     0.4249339113790613     0.7307295084800719     0.4307678831786636
                   1000     -5.311125755310059      1.457117199897766      0.405787852537441      0.721476485974515  2.749606403711207e-06
                   1000     -15.75592803955078      1.310965538024902     0.4063434927122401     0.7213984172317974  2.831149727251038e-06
                   1000      1.894302790266432      22.09835147239478     0.4404214186347398     0.7230989830721953     0.1425015530842753
                   1000     -17.43101576374345     0.2107961813985839     0.4255521294701839     0.7555333489529215   5.55215701168536e-06
                   1000      -15.2784595489502     0.5160202980041504     0.4073713110000536     0.7209460219658993  2.774940137445255e-06
                   1000     -8.428738594055176       3.19774341583252     0.4080356309681018     0.7207668818463535  2.737188213428537e-06
                   1000     -32.04969565647102     -1.293494857501316     0.4133250853614389      0.718982010553648    0.07515479698884901
                   1000     -20.23706245422363    -0.4922809600830078     0.4130859593754867     0.7201857920132226  2.725424991565437e-06
                   1000     -25.42355537414551      2.307726860046387     0.4134951438590371      0.718700342835357  2.806174759951971e-06
                   1000     -32.60151290893555       3.85197925567627     0.4130437184721399     0.7174440334496608  3.381446308509516e-06
                   1000      4.662063121795654      13.43356990814209     0.4186770802136842     0.7185454132230867     0.1567888156316674
                   1000     -11.95844618862884      5.264748774012697     0.4090503104686073     0.7111738184955637  5.835482112395836e-06
                   1000     -17.29667282104492      1.140671253204346     0.4227499101162319     0.7156884768268359  2.771796109942278e-06
                   1000     0.4858333304405864      26.55872949361182     0.4155046653137193     0.7257172091791422    0.03759333665713915
                   1000      2.921454906463623      12.50055885314941     0.4213197307257119     0.7144128088247358    0.04950664428524984
                   1000     0.6428997583495628      28.26952850269403     0.4267089005732299     0.7349410818669138    0.05264235652497692
                   1000      1.521775245666504      27.77716255187988     0.4184535096114802     0.7148829855529064   0.006909560509349812
                   1000      2.950805691198517      13.87956363174271      0.422892936281524     0.7539367062040591     0.2734117827495444
                   1000      3.529545545578003      19.33096885681152     0.4161540159218152     0.7140683248428104    0.01400332169878834
                   1000       4.96525764465332      18.88460922241211     0.4161082243334833     0.7140038860819012  3.288240295205682e-05
                   1000      7.615695953369141      13.41420364379883     0.4158891497437832     0.7139333350482373  0.0001425576908089974
                   1000     -9.420415878295898      4.439172744750977      0.414685660034834     0.7141518243178201  2.840556487938627e-06
                   1000      5.633415247558212      6.027805134323863     0.4299234215588982      0.705593163691551      3.899183879669287
                   1000       14.4018429733573     -6.344320941329723     0.4104731946037903      0.728121738847142      29.97910063212081
                   1000      11.32994270324707      8.062045097351074     0.4123638227738484     0.7119422643541685   0.005334290899705978
                   1000       9.02784538269043      7.687747955322266     0.4121538062509182     0.7116911817779714  4.074625619012949e-05
                   1000         8.385986328125      10.34617519378662      0.411804630934083     0.7112383058672876  0.0001183509875386649
                   1000      10.02604675292969      4.928940773010254     0.4115422384773533      0.711116332410703  0.0002745580087175829
                   1000      12.10136604309082      1.138894081115723     0.4114816946282869     0.7110878982299709    0.02153700936774348
                   1000      9.191192892549545      1.132439280789115     0.4314395295458208     0.7249950539578321      13.98012415656285
                   1000     -3.978732585906982      0.932336688041687     0.4108872457350721     0.7112901918697424  2.753883131045481e-06
                   1000      4.276540279388428      16.04500579833984     0.4105721686445397     0.7121767747664758    0.04009658057462559
                   1000      9.405533790588379     -2.245370388031006     0.4091091305612918     0.7102575690381584      7.893609908776782
                   1000      4.510740756988525      21.21588134765625      0.404237663571737     0.7020828996692634  6.135580243118443e-05
                   1000       5.39691162109375      18.36241149902344     0.4041259330087216     0.7023624676514308  3.355726270891472e-05
                   1000      14.98089694976807     -6.746838569641113     0.4036978880078497     0.7030808977538267      0.936688467136332
                   1000      11.60935974121094      2.198722362518311     0.3978424872891184     0.6994041204881547   0.008170573969976254
                   1000       1.56913948059082      30.30878829956055     0.3978490645169415     0.7010173463387346   0.003052435817606104
                   1000     -10.58502101898193     0.4530820846557617     0.3979251767913222     0.7015113599711834  2.893790159713341e-06
                   1000     -8.088881492614746      4.263447284698486     0.3986571672279128     0.7015954641207321  2.907997474854471e-06
                   1000     -1.366456985473633      3.954428911209106     0.3988544288988241     0.7015878573249252  2.893923690044377e-06
                   1000     -2.850816965103149      7.758801937103271     0.3990639096834437     0.7014977980705316  2.886341444269863e-06
                   1000     -7.145353317260742       3.13981032371521     0.3994353035964215     0.7014362142045411  2.901567690806312e-06
                   1000     -16.53688621520996   -0.06225919723510742     0.3998324591993797     0.7013557019943021  2.921344649725675e-06
                   1000    -0.0995635986328125      25.48805618286133     0.3966710775521172     0.6946598174312497   0.004103895982192054
                   1000      3.387302875518799      5.867993354797363     0.3966806227805605     0.6952002377687352  0.0002159432221583513
                   1000      7.228506088256836      5.198681354522705     0.3955613552668633       0.69432812542917      6.585905625283432
                   1000      1.185967445373535      26.72292709350586     0.3954935680027409     0.6942904541337984    0.01271033314361183
                   1000      -10.3644323348999      4.461495399475098     0.3954149904087189     0.6949191422503578  3.015890687117893e-06
                   1000      1.344959259033203      19.94733047485352     0.3954810377462824     0.6948082666633031    0.03433857019472034
                   1000     0.2978658676147461      32.51792144775391     0.3950088450071105     0.6946941470981189  0.0001235716473787133
                   1000      5.036800384521484       5.64220666885376     0.3947714854669121     0.6947605007056221     0.3083414074794938
                   1000      11.12512400824536     -3.819530699428489     0.3977906839127271     0.7034976918050956       56.2615461262362
                   1000      10.88040828704834     -2.075582504272461     0.3914184520658489     0.6895552190755087      11.52082418230447
