#! FIELDS time deep21.node-0 deep21.node-1 sigma_deep21.node-0 sigma_deep21.node-1 height
#! SET action OPES_METAD_state
#! SET biasfactor       12.02723625380408
#! SET epsilon   2.008904905162975e-06
#! SET kernel_cutoff       5.122093479753262
#! SET compression_threshold                       1
#! SET zed      0.2699503961299938
#! SET sum_weights       1301.230643954111
#! SET sum_weights2        8300.78663323295
#! SET counter  992
#! SET adaptive_counter  500000
#! SET sigma0_deep21.node-0      0.3057692232001757
#! SET av_cv_deep21.node-0     -0.1053173593178464
#! SET av_M2_deep21.node-0       100924.2401898183
#! SET sigma0_deep21.node-1      0.2718415843292767
#! SET av_cv_deep21.node-1    -0.06443618695164091
#! SET av_M2_deep21.node-1       89964.90847324811
                  23000     0.5985235369435823    -0.1603524027287244    0.07195762401109569    0.06792210088985007      795.8713655893116
                  23000    -0.5525993989012227     0.7900653503458739    0.07171555846235639    0.06961596931914812    0.03305125436690944
                  23000    0.05677224524474824    -0.7985707927977493    0.07403999505770388    0.06421867557812656      4391.853270596725
                  23000     0.8375336534717994     0.1130769257995559    0.07719084324141157    0.07034020425300667      7458.054224669482
                  23000     0.5411861634052937     0.2402520707543465    0.07742756809193194    0.06353001199600174      171.3687605664184
                  23000    -0.6056986559535416   -0.07258020948934585    0.06530679374017784    0.06571604023415549      1.083083460265215
                  23000    -0.4116076169814665    -0.5230836163622842    0.07548232035473451    0.07094864615931001      96.82192987773627
                  23000     0.2352607530349929     -0.483093561808893    0.07795785193883452    0.06762809818855121      266.6654737642813
                  23000     0.6651293156809563    -0.3187635006510949    0.06173847216920571    0.06274921620459746      105.9932267844943
                  23000    -0.1245895318450818    -0.4655512668611907    0.06747339710499738    0.06638512343906873      45.25469990808118
                  23000    -0.6051603411422987     0.1191024774053063    0.06779514548915251    0.06920866426869512      0.436545480494652
                  23000    -0.5139156746484541    -0.3316617611730849     0.0706733478871984    0.06655799045056184      18.26001100712681
                  23000    -0.2724290429818862    -0.6027804816282639    0.07708381251761434    0.06506923172024021       122.861478782205
                  23000    -0.6780132835900166     0.4967229434056044    0.07627307051480331    0.06585846067051231    0.05346792608775955
                  23000     0.3124712459273113    -0.1409063581545716    0.07451765696402682    0.06745142401750354      123.9755300183722
                  23000      0.189328381450271      -0.36783229879315    0.06622189492763129    0.06166338143633029      64.79007269712949
                  23000      0.268997769353944     0.4546919934930099    0.09084697761550138    0.08179001206587279      1.789751738674482
                  23000    -0.6539404872487748    -0.2971643438700133    0.08240658559580885    0.08165400744122515       3.75678495962433
                  23000     0.4171588050967062    -0.2977438646646076    0.07593089831896167    0.07369761157935044      256.2346397793339
                  23000     0.4562049565288823     0.4949977812627263    0.06968140869150791    0.06831832570938595      1.522387206201422
                  23000      0.687254322674186    0.07354089402816982    0.07578398385658086    0.05805886551500188      1384.839223542219
                  23000    -0.6840724253839464     0.6094503241021192    0.06858655922604284    0.06991017785266219       0.10528269974345
                  23000     -0.685830712975715     0.8109386243535367     0.0700817587360076    0.06210801202039309    0.03849523616585707
                  23000    0.08508083517771159    -0.6896649699644181    0.06694306826652366    0.06193186135446429      2575.242619721985
                  23000     0.2162843967150401    -0.6656269745718009    0.06611992624175039    0.06159368389679532      463.5162558644294
                  23000 -0.0009065572961923253    -0.7162862775394651    0.06805258573619546    0.06025160886361786      2357.975644126451
                  23000     0.3077648264023346     -0.319157808405961    0.06479918163455413    0.06208696573184647      175.3471186938855
                  23000    0.02519964546166832    -0.2369984343005318    0.08247552730187013    0.07804581010373297      3.699488127616339
                  23000     0.4189866201022219     -0.392608482870054    0.07804124900603505    0.06423373203387839      332.0962239956611
                  23000    -0.2662687027386785   -0.07691986654743239    0.07380798127157868    0.06981593238929872     0.4960907638685801
                  23000    -0.5386850436880685     0.2561343797696426    0.07368972795500499    0.06709267574742764     0.1230319283310252
                  23000     0.8341447377158897    -0.1062535314441526    0.06800846849369296    0.06310563300988906      228.2963070990475
                  23000    -0.8743960130140274     0.3367376484115976    0.06097250619390521    0.05733220991834877   0.002666302726100189
                  23000     0.5244293728625622     0.3975524303918195     0.0636073972533128     0.0645222522445472      4.002321869016967
                  23000      0.548565643436068    -0.4405401474736548    0.07047078303425355     0.0699075005526552      41.35270596390268
                  23000      0.789775550365448     0.3364774882793427    0.08061512959149147    0.07336816965394981      8.668352558235634
                  23000      0.188650831580162     0.3156123459339142    0.08047117917656937    0.07339892107430626     0.3726424492948971
                  23000     0.6923134599345637    -0.1019302113907814    0.06382098478889395    0.06811055173563303      643.5348090311269
                  23000     0.2126283275942905   -0.09502905518657589    0.06375643637713928    0.06171302259397757      26.49331823929137
                  23000    -0.2138891488886115    -0.2786168000372216    0.06874817210612426    0.06697777252996992      4.695430045218736
                  23000     0.6080730978450185   -0.08750043524957779    0.06588466868840338    0.06142246332965638      202.8433827578817
                  23000    -0.8560826308198465      0.528775740852621    0.06629763784092452    0.06066621140066226    0.00645517369595279
                  23000    -0.7181214600515791     0.2442088215225877    0.06850896862355155    0.06479095309025727     0.2092925121308172
                  23000   -0.06033001937687543    -0.6486511882917028    0.06733356163438083    0.06207141745909842      925.2845353844151
                  23000    -0.4858826881584066     0.6134505785749246    0.06047709995674033    0.05789568975493622   0.003841993888932666
                  23000     0.6634578496573363     0.2517195927713725    0.06572016225444964    0.05644350880536392      208.9332950257933
                  23000    -0.4140820034453286    -0.3387268468457124      0.060492891868967    0.05911793820018939      7.200271271820624
                  23000    -0.2310486384050834    -0.4760735461687533    0.06758637078273964    0.05761665871985025      54.76814084236074
                  23000    -0.1905391121325105     0.7409485682376588     0.0661166083520293    0.06373910551310925   0.003320739512389101
                  23000      0.529862594374693    -0.3493053200371293    0.06686283184601033    0.06178056278974135      224.2144499036014
                  23000     0.1879922683645908    -0.2237813744522401    0.06359982787032734    0.06454670585873028      26.19662100014596
                  23000     0.7655595708423666    -0.2488212549825236    0.06154864834691795     0.0613825091165783       64.4770901960499
                  23000    -0.2718146075381744     0.5997080042301746     0.0685735477458725    0.05929591440935092   0.004777048870658973
                  23000    -0.2900732337404234    0.02595254144084339    0.06471151598838293    0.06010366637888245     0.2866643176997422
                  23000    -0.4368987204645856     0.2332258644719792    0.06986328710769553    0.06404965227233546    0.02710255293101843
                  23000     -0.517166271391964    -0.4263930352445259    0.06512695556920976    0.05817878387380923      30.01734449653545
                  23000    -0.3114056752808639     0.1478583234649727    0.07233125179124872    0.06096220787415721      0.029652572536655
                  23000   -0.03430469983447269    -0.1681081657316997    0.06644098332843505     0.0627471070897563      1.324297945082857
                  23000    -0.0798770934343338     0.6116405129432678    0.07223499378495116    0.06688803843546438   0.007060669959890331
                  23000     0.4547869857269284    -0.2049842901504355    0.06030206312633669    0.06150846989404581      127.7794067022613
                  23000     0.3342541461227658    -0.5290543418894975    0.06519066792392746    0.05904827942214509      171.7008447465462
                  23000     -0.724729962674331     0.3910211822034868    0.06674858457547986    0.05836035077007783    0.02628017514045666
                  23000    -0.4868859096509073     0.4624125238149944    0.06455585412952222    0.06149031585913902   0.004692063305944854
                  23000     0.4782052933027091    0.01810116052192732    0.07023366767254345    0.06328876333273521      40.84121443495733
                  23000   -0.05602438982002069   -0.06365264424911689    0.06843729075002589    0.06158712123559811     0.5608250372663721
                  23000     0.7276662509410621     0.1718970770597525    0.06722390800789553     0.0671696778171601      1398.776990719721
                  23000    -0.2126185753520828    -0.4016355004776718     0.0601327547044998     0.0599822930544112      30.51278582653901
                  23000    -0.6823820521993732    0.07405918257771507    0.06445979286482524    0.06192548544392594     0.2374327475282684
                  23000    -0.2247405107693635    -0.7234829073904346    0.05956265551240238    0.05395997649550863      23.67868683795172
                  23000     -0.629869660112606     0.3870916062733134    0.06167815143766271    0.06234039881430736    0.06047465857850953
                  23000    -0.3140293089002885     0.3823314246171909    0.06144481422542363    0.06324620235310854   0.003330864298156262
                  23000     -0.701149045076665   -0.02125119173323289    0.06188055905456885    0.05821530203822467     0.3015838242624073
                  23000    -0.4283685091717757     0.8247881797990008    0.06326385865932911    0.06012308158078623    0.01154445984603595
                  23000     0.5543194589547791   -0.01504755135234195    0.06374937764779973    0.06392533920601697      333.6372457299968
                  23000    -0.5100154903359747    0.07887039418685067    0.05896356710868695    0.05936991911558248     0.2186304798880331
                  23000    -0.5374270542288118    -0.5559333874011253    0.06529513865914625    0.06449389997100018      14.27380622174546
                  23000     0.4847692986543178    -0.1170500973339137    0.06729555868786841    0.06309044595248972      318.8629026418228
                  23000    0.01890440657734871   -0.01543424651026726    0.06720887401131966     0.0628372808334253     0.1648719117461251
                  23000      0.181597623555014     -0.565710996146507    0.06681818440522132    0.06277533098229181       535.399473334805
                  23000    -0.4090137490652791    -0.6415337839165544      0.065099101882844    0.05924629224610182       30.0193189393739
                  23000     0.1162233603132921    -0.3939351267545097    0.05996300224141186     0.0574238765502525      25.52385451460616
                  23000    -0.4895964809507676     0.9338831343990899    0.06214500031413314    0.05965034009654087   0.002577778100937215
                  23000    -0.2803227997000239      0.230024441473071    0.06058595392620834    0.05604170762027699    0.01915005262100843
                  23000    -0.2200089494806916     0.1060347255132364    0.06586763526868399    0.06345816412614008    0.02628328143458029
                  23000     -0.205870481627405     0.1934174026273428    0.06075963409434399    0.05880860129900501    0.02621245751353715
                  23000    -0.3724697643041077    0.02284170943031308    0.06155387369643028    0.05740448830077061     0.1548022368986021
                  23000    -0.4936127364635468     0.3542448282241821    0.06500113314181938    0.06111005548832363   0.006639474838436848
                  23000     0.3996201809381431   -0.01495032541565899    0.06157382152833742    0.05779612300685781      17.76922774588239
                  23000      0.570679283293729     0.3220148365270701    0.06226172082630398    0.05474932617662337      28.47484660963198
                  23000    -0.4149071574211121     0.6284117102622986     0.0645729738943617    0.05969244209280955  0.0007902046706143393
                  23000    -0.3089199646990491     0.6995680972346482    0.06243243810785284    0.05649035956488125   0.003897706496408243
                  23000    -0.2544302621606667     0.3465550923280289    0.05888268575939654    0.06122844577556933   0.003101310097793704
                  23000    -0.8504575347254618   -0.01558591231986765    0.06124777639065999    0.06261094348861999    0.02923532959233252
                  23000     0.1549488481178837    -0.7786832965002335    0.06363459473003248    0.05652484392917269      775.4351562692706
                  23000     0.6475748200872886    -0.4496821155362165    0.06290703071684912    0.05568291247245226      14.22613987570195
                  23000    -0.2400220310425503     0.8619623831237097    0.06189871608620594    0.06013170381116815  0.0007599689579711369
                  23000      0.448684121909554    -0.6438413516216234    0.06176452815369595    0.05906501029687208      4.971089616386477
                  23000      0.529258131980896    -0.2027765065431595    0.06410664897628421    0.06014057704917149      46.78109518686015
                  23000     0.2073120769880992    0.02079325201894574    0.05898870712440591    0.05728403445087243      5.709140516771525
                  23000   -0.03744280196991635    -0.3660066269257078     0.0630906755315863    0.06265934982940741       6.96060920729952
                  23000     0.1191584467887878     0.3541676700115204    0.06341284322409138    0.05963669132321883     0.1176059940160476
                  23000    -0.3260765447343054    -0.2706558751699264    0.06232129430021124    0.05897829841511386      6.064005563622665
                  23000    -0.3346936901834756    -0.1657028310796681    0.06692309170434114    0.05687369890995662        2.8730428428722
                  23000     0.4596079069942535     0.3852706550529786     0.0586518863326744    0.05691121677863228      9.432909364408872
                  23000    -0.3405507533234994     0.7973325869604406    0.06524183459461895    0.05706216957941099    0.00224520722417319
                  23000    -0.4123553049638108     0.7421521994215512    0.05607738959247014    0.05557978787667246    0.01078740495147969
                  23000     0.6087316100596507     0.1495081119585934    0.06289803674047857    0.05549232333136862      355.5911466476246
                  23000    -0.1479957861020908    0.04327021876577966    0.06639881446556195    0.05632760115219339     0.1071504657428525
                  23000     0.7483121603922978    -0.7214214168535004    0.06421389966173145    0.05679445618332377   0.000951800365065448
                  23000     0.5592975315409151    -0.5881719942172277    0.06126424194049421    0.05771209729871453      2.282659139607215
                  23000    -0.8201385736465454     0.1525369435548782    0.06198900136508757    0.05844994604052193   0.007972946854099121
                  23000    -0.2821919670843021    -0.3374870316787613    0.05632550613161431    0.05589496734136904      5.187040985209623
                  23000    0.06895129973228856    -0.4881136441474204    0.06764102999946457    0.05801714511797972      35.86806482208227
                  23000     0.8443436834110907     -0.237453279929746    0.05977785652322271     0.0565466764372043       11.1915325247865
                  23000    -0.3867441002721365     0.3271826793238632    0.05871902683854354    0.05999215507276883   0.009128222402254436
                  23000    -0.1619990908449681    -0.2053634363455209    0.06293317654869654    0.06110425236269958      1.392662839240818
                  23000    -0.4979920776253494   -0.07329323013127362    0.05729972661759498    0.05939981423016696     0.5010486028005021
                  23000    -0.9221178293228149     0.4489921629428864    0.06109439225322544    0.05726719123610936   0.000506212138026943
                  23000     0.5257141590118408    -0.2658543884754181    0.06097707584042945    0.05749583472470744      36.86909957260882
                  23000     0.9761994481086731     0.1579476445913315    0.06102458001769041    0.05725145769841872      98.23223105838244
                  23000     0.5935917291376507    -0.2749096813353676    0.05785625749118411    0.05888104224975049      191.1206984607086
                  23000      0.274932579561373     0.2775198635605193    0.05835986049707087    0.05773513761596091      1.548159325024405
                  23000     0.1006260448155827     0.1722341161878669     0.0608711495692868    0.05433770403947796    0.03381993657227802
                  23000     0.4223367075476833    0.09764187639268557    0.05937502617675428    0.05795863438571736      16.02273039641229
                  23000     0.4482588325826762    -0.4881829839305288    0.05940157041671328    0.05460076505152248      60.16971545109891
                  23000    0.04862379944117833    0.08841054145499946    0.05734860784579888    0.05378497636901457    0.07548357110946131
                  23000     0.3484665155410767     0.5241663455963135    0.05970436836641207    0.05570366871999406     0.1847366533284723
                  23000     0.3212413209799768   0.002645864909442976    0.05943978665482751    0.05857159910008452      17.80993881095462
                  23000     0.3042493760585785    -0.7147658467292786    0.05947709754900019    0.05554326738696395      20.28404122935045
                  23000     0.6154966354370117    -0.5214237570762634    0.05900709183419798    0.05530682299129517      2.455872442596092
                  23000   0.006661101244390011     0.1679571568965912    0.05869561875211222    0.05493110773935789   0.006811506606396659
                  23000     -0.822545051574707     0.2592496275901794    0.05867629429106892     0.0550099444278059    0.00791540876288589
                  23000    -0.9485438466072083     0.2153012305498123    0.05856514949869743    0.05492162270160526  0.0005850242612234585
                  23000     0.2923707782831165    -0.6241832075751333    0.05879000643160572    0.05634412065829698      56.45758546913996
                  23000     0.2330143749713898     0.1248810887336731    0.05775983692897995    0.05456209104705051     0.1828432026600211
                  23000     -0.389632489601318   -0.05787870346051133    0.05669240099711598    0.05815428655752262     0.1406477045947797
                  23000    -0.6150765069981479    0.03352787847593001    0.05888793796299453    0.05655617102736743       0.28449654342353
                  23000   -0.07244619041205409      0.476996004046661    0.05795283676685914    0.05309426062121728   0.003524958244631768
                  23000    -0.6672931769262084     0.9253942509837418     0.0558633542070043    0.05184128960526845    0.00302904224111349
                  23000    -0.1557068049943933   -0.02604649604477848    0.05631370876542154    0.05266508288110395     0.2504120045232204
                  23000    -0.8061058463136126     0.4279685716247218    0.05955423621698719    0.05394848651754569    0.01421604107256843
                  23000    -0.1276585936619952     0.6857170780308348    0.05886071628645924    0.05344240046501539   0.004024006802073065
                  23000    -0.1521771401166916    -0.6381185054779053    0.05728132309883171    0.05439431576102124      38.26669462191476
                  23000    -0.7924764156341553    -0.2771882116794586       0.05724371399518    0.05442038933956508     0.1637827786574232
                  23000    -0.1935924738645554     0.5900219678878784    0.05709392832128586    0.05441630368276921   0.001035468619197557
                  23000   -0.06804321706295013    -0.5565219521522522    0.05672287145815128    0.05461640378868618      34.07712534285526
                  23000     0.8180227018730475   -0.01845918756412804    0.05575391661806332    0.05675733963565765      345.2320592501433
                  23000      0.461187332868576    -0.8945605754852295    0.05681532261509614    0.05418904404064516   0.003164281323552442
                  23000     0.5967748080588343     0.4542999916714026    0.06221977847376042    0.05344084936830698        1.5774203544717
                  23000    -0.1721914410591125     0.2680781185626984    0.05641999571023742    0.05363931572444298   0.001488752446504386
                  23000   -0.02639968879520893     0.4319391250610352    0.05645497066931111    0.05374197726740294   0.006599073838592028
                  23000    -0.4827382266521454     0.1756423711776733    0.05618992380455684    0.05355173925177013    0.02848366303222305
                  23000    -0.1306950896978378    -0.1065709292888641    0.05621921408665943    0.05352362573478014     0.1923181683546378
                  23000     0.4884804785251617    -0.7283567190170288    0.05618740806043812    0.05350236422431563     0.1143922694778553
                  23000    -0.6065064072608948     0.6213401556015015    0.05616229011348715    0.05375036977827124    0.01097149793754784
                  23000    -0.5863955537864844     0.4419110034821637    0.05586745003984089    0.05658489395267133    0.03435405096196481
                  23000    -0.6418597102165222    -0.1758961826562881    0.05599510998944782    0.05361116066916514     0.2810871389827863
                  23000     0.2584159374237061     0.3696420788764954    0.05597260410445587    0.05359438786074434     0.2641535856600394
                  23000     0.4078755597544784     0.3285585341307051      0.054713940876211    0.05808803248779494      6.226710550325504
                  23000    -0.4275882756178325     0.1025272210878684    0.05460052401412122    0.05649968501793016    0.08939027147934317
                  23000    -0.3202907252397065    -0.5051848772477475    0.05628508872175551     0.0518873990763033      19.90474896653051
                  23000    -0.5655211568451879    -0.1912792224898904    0.05552835579644289    0.05500342255935167      1.364972012108304
                  23000     0.9224798679351807    -0.2296976745128632    0.05562833666645929    0.05275106979149721      2.161081349183701
                  23000     0.1038070032993621    -0.5838961412454379    0.05579580314921272    0.05379171148996814      147.2133109759818
                  23000    0.01040810998529196    -0.6230539679527283    0.05544140301254405    0.05252646465452637      127.1340052324752
                  23000    -0.3188158869743347    -0.4497006833553314    0.05547875583236735    0.05250754668112256      6.876614736427623
                  23000     0.1174681350538895    -0.8410658418062172    0.05427943296424832    0.05454847623837873      395.4471742239181
                  23000     -0.222515195608139    -0.1790677160024643    0.05526004323731502    0.05250820494807423     0.5071466412549981
                  23000      0.761861904095461    -0.3351538214062254    0.05473473042533563     0.0551840035890152      10.62361182988276
                  23000     0.9055495507813328    0.02855682142523229    0.05768968672742755    0.05416417174050617      313.4222998557866
                  23000     0.3923452765547166    -0.5950802661459703    0.05660582582749411    0.05217829768630652      16.53306143778958
                  23000     0.3186879114567352     0.1308288236407993    0.05737768652289137    0.05224133459352988      3.110543840000857
                  23000     0.5007314085960388    -0.5310376882553101    0.05480261647543291    0.05223554357374095      6.018460782748131
                  23000      0.589547336101532    -0.7725974321365356    0.05475426373446809    0.05216625223722592   0.008760266471468646
                  23000     0.6337889337215487  -0.002908610539786083    0.05637842410857918    0.05494180833713412      170.1673931500314
                  23000     0.2869501411914825     0.5445349216461182    0.05446409383174356    0.05200827095755969     0.1533309310103461
                  23000    -0.4284265547230615     -0.405832049378435    0.05461988455622646     0.0567038039642879      14.52648129056982
                  23000    -0.5853159427642822    -0.3535501956939697    0.05428248367645174    0.05164534889562684      2.067623658984838
                  23000     0.7751513719558716     -0.152468129992485    0.05421243933638534    0.05158432547050116      30.40026326812484
                  23000     0.3534055650234222     0.2974367737770081     0.0540882255433443    0.05140417758171838       1.51147356375916
                  23000   -0.06888536363840103    -0.3048361539840698    0.05409572872947426    0.05140565999646719     0.9626842220649194
                  23000     0.6677179932594299    -0.2544142007827759    0.05405390810895633    0.05137102071379914      31.35046913025134
                  23000    -0.3657902777194977     0.2225064337253571    0.05406270802079786    0.05132037379146386   0.008613695507747059
                  23000    -0.1372951057982313    -0.3149490731264062    0.05430801521041725     0.0513139282499232      2.805818251391992
                  23000     0.3579692840576172     -0.776538074016571    0.05414836588932331    0.05123121250418004      2.979062359837772
                  23000    0.05767131224274635     0.6411573886871338    0.05412182837114712    0.05120716715128601   0.003656700040086555
                  23000    -0.4393196702003479    0.03830428421497345    0.05412278982456188    0.05126567133850167    0.03564473048330359
                  23000    -0.6083297599410462     0.7401467016752832    0.05959047679240741    0.05118274622156123    0.01549520120556491
                  23000     0.7270832657814026   -0.02868461050093174    0.05403442282479983    0.05105184222793065      91.73369337793301
                  23000     -0.350213885307312    -0.7191983461380005    0.05395171033074349    0.05099043059022318      2.820816174631497
                  23000    -0.6397248506546021     0.2279769033193588    0.05393404677101096    0.05101645702856163     0.0395246419679345
                  23000     -0.763561487197876     0.5332622528076172    0.05386181744197802    0.05125769881769061   0.009303727907774404
                  23000    -0.9441218376159668     0.2744971513748169    0.05387661463680231    0.05124831843844924  0.0009053310983779117
                  23000    -0.1775340884923935     0.5242395997047424    0.05398619292470722    0.05118423089959123  0.0008400748584503436
                  23000     0.7713464498519897    -0.5757637619972229    0.05393845025615566    0.05129370094644638    0.06122461348893628
                  23000    -0.4927932024002075  -0.008224383927881718     0.0539493177473769    0.05123243902996145    0.08272505342616901
                  23000     0.1802510768175125     0.4872226715087891    0.05383484775087709    0.05115843546825825     0.1592592407676412
                  23000    -0.8301861882209778    -0.0785871222615242    0.05375413332349618    0.05116705451360837    0.01041079572575118
                  23000    -0.4557079970836639     0.6784984469413757    0.05371027786789023    0.05116726516958731   0.002289341685144742
                  23000    0.02188837341964245    -0.8689075708389282    0.05360711700082191    0.05121180586556864      183.2008154075289
                  23000     0.3128532469272614    -0.2483381330966949    0.05361860959412908    0.05123231537678517      17.35887403715625
                  23000     0.6397442221641541     0.3894841372966766    0.05370243350957583    0.05111041232101515      2.357295314079848
                  23000     0.0145598528906703     0.6074339151382446    0.05370742574341205    0.05111095224228872   0.002535999079887535
                  23000     0.3183025419712067     0.3607704341411591    0.05360044712967462    0.05118491500676679     0.4994686751451627
                  23000    -0.5660297274589539     0.5731820464134216    0.05359543410930324    0.05124599247986821   0.007635673516039636
                  23000     0.1825378686189651     0.4136242568492889    0.05363850284593339    0.05123178175426012     0.1903598364296465
                  23000     0.9283295869827271   -0.03527844324707985     0.0536371332403846    0.05106526842553036      52.15586217986867
                  23000     0.4924346506595612     0.1233688294887543    0.05365112764839065      0.050984419779711      13.71529065497877
                  23000    -0.3632387220859528    -0.3857755064964294    0.05364738412090674    0.05089387761368857      3.600380948909591
                  23000  -0.009796041063964367     0.6552833318710327    0.05364512898059486    0.05085312331596085   0.001814392161443147
                  23000    -0.5810632705688477    -0.5005226731300354     0.0535965783814738    0.05076823324703399      2.607235961175258
                  23000   -0.09401796758174896     0.2177090048789978    0.05365217383934195      0.050776811899549   0.001901998529329864
                  23000     0.4179297307352304    -0.1426055210508957    0.05383178412833886    0.05394573045320205       63.8789719389523
                  23000    -0.4340758919715881    -0.2380263209342957    0.05360531773406056    0.05067152791364071     0.8742912805919517
                  23000     0.2109486907720566      0.209915354847908    0.05352938192478382    0.05053306001803141     0.1252470929959183
                  23000     0.3892828226089478    -0.9798488020896912    0.05354664747495936    0.05056780544878772   0.001089542154175947
                  23000      -0.55194091796875     0.6722435355186462    0.05355534317927296    0.05056566705548708   0.006108623116571107
                  23000   -0.03123903460800648      0.708160936832428    0.05357522355192049    0.05061203116086309   0.001212890971441329
                  23000     0.4097432196140289    -0.7978172898292542    0.05333745324397716    0.05043729283877636     0.5759264618524667
                  23000     0.3484607934951782     0.2230257838964462    0.05324477855845899    0.05045517899425017      1.243649473576959
                  23000    -0.8705516457557678     0.2147294282913208    0.05327736364911255    0.05041215235934626   0.004856489094276207
