#! FIELDS time deep23.node-0 deep23.node-1 sigma_deep23.node-0 sigma_deep23.node-1 height
#! SET action OPES_METAD_state
#! SET biasfactor       12.02723625380408
#! SET epsilon   2.008904905162975e-06
#! SET kernel_cutoff       5.122093479753262
#! SET compression_threshold                       1
#! SET zed      0.2751652017656855
#! SET sum_weights        1142.73777757987
#! SET sum_weights2       4663.834081570869
#! SET counter  992
#! SET adaptive_counter  500000
#! SET sigma0_deep23.node-0      0.4011043748639593
#! SET av_cv_deep23.node-0      0.1046143516039809
#! SET av_M2_deep23.node-0       113351.4792936743
#! SET sigma0_deep23.node-1      0.2088382809315259
#! SET av_cv_deep23.node-1      0.1401994787395976
#! SET av_M2_deep23.node-1       93326.13274936215
                  25000     0.1054766456934581     0.4958906333331802    0.07746005687407347    0.06377923566396893      110.1323756762499
                  25000    -0.5745468374561601     0.3989065981304897    0.07747290577922894    0.06099860111622506       3261.86274237185
                  25000     0.2657842350400008     0.7593163837140128    0.07462226816340195     0.0624230024869005      182.8320031826562
                  25000      0.825109023656599    0.01473242708302003    0.08178915267857759    0.06363490570783856      2239.212625377425
                  25000   -0.08092132470007332    -0.6654388662711049    0.07460825906846856    0.06182891090707419      5.926555656414249
                  25000     0.1780281620047846    -0.2260522869213965    0.07982950116782869    0.06144371039409917      4.394892021473611
                  25000     0.7316390547288555    -0.1341556801786407    0.07731348633051598    0.06486244665338207      1100.846786124841
                  25000    0.04728804729534065    -0.6163375189088676    0.07524473383602252    0.06053802570346926      9.122756210770225
                  25000     0.6311031436980987     -0.346685026345103    0.07541480664687804    0.06046797590647521      174.3913975594741
                  25000     0.5915987824138971     0.5667862020155208    0.09296559115009767    0.06897903656416214      292.0432733736819
                  25000    -0.4713258516129003    -0.4606354904637268     0.1295631257532575    0.08931372373167876  0.0005227940356087215
                  25000     0.2818829646356021    -0.3294205604371268     0.0903073392907341    0.06735932956874746      15.89258624882248
                  25000     0.8799042769343471     0.1841390654482084    0.06689985440713052    0.05847822141826836      1357.815568589651
                  25000     0.8441153391689424     0.3366127354516554    0.09054591863716928    0.06763582083804011      899.3297776006391
                  25000     0.6505215067099015    -0.2295768179392232    0.07864175985025677    0.06459074476645903      247.7125575991957
                  25000     0.3820537004648196     0.2055197808167705    0.07372384444733113    0.05939092986588168      5.365708271093541
                  25000    0.03987958480486433    -0.4748327322509531    0.07286935207752536    0.06386374362214307      7.807115783337898
                  25000    0.09227122494516347    -0.7970780713582994    0.07218426025861936     0.0640622581832499     0.6229604753013597
                  25000     0.4245835675810585    -0.4903417365534045    0.07177715095700196    0.06551701028812525      27.90736299392762
                  25000     0.2239903266686773     0.1546020810729754    0.08139893220017209    0.06375009569638046      2.958298476367746
                  25000    0.01320721042565153    -0.0313940136477502    0.08257349487850915    0.06376637914719435      1.251410414684464
                  25000    0.07397472173562723    -0.2948089684705358    0.07835587369021234    0.06641967538024909      2.695513303871594
                  25000     0.4125399238031925   0.003022011038947247    0.07254512635608107    0.06652102456522652      15.54504960166252
                  25000   -0.05952156300442297    -0.4404976604885046    0.07505330254756439    0.06696350470733353      4.210853444236955
                  25000  -0.005277675489722076     0.6280894180061199    0.07546082962200308    0.06629716312346132      222.6557583503205
                  25000    -0.2963523829334378     0.5655807167664972     0.0747735651043403     0.0631321534307278      363.4471848487574
                  25000     0.7330917194082769     0.1614285013205678    0.06994207291090773    0.06041596445714725       542.724775383419
                  25000     0.6016284940022099     0.6924443250874904    0.07487260943309068    0.06452064345247253      41.23546015676483
                  25000     0.1132711395747767      0.811773852374691    0.06564130604994689    0.06163648846460409      16.43495123965765
                  25000    -0.2259627427153242     0.3033202765389916    0.07216912853327703    0.05810179550166472      58.32595132039273
                  25000    0.04880432540961326    0.09349292083565906    0.07632764209182756    0.06422569417970543      2.228973003907446
                  25000     0.5568897817179188     0.4420382303925287    0.07129865608783041    0.07565343101676039      153.7707146000325
                  25000     0.2276574427450074     0.5548999539728268    0.08169375624982757    0.06222691726169032      109.5236695362593
                  25000     0.2893520877808958     0.4086114154282532    0.07899947036608633    0.06671660348631102      23.21084821747309
                  25000     0.1712141497952342     0.6323107535488445    0.07712379873217842    0.06555510077013701      365.7301250009605
                  25000    -0.6776859799704609    -0.1421546964769322    0.06555178015865018    0.05752019437842395   0.002086698115856516
                  25000   -0.05933754617208305      0.316512356303312     0.0780283971938097    0.05839362019366773      15.55795582737532
                  25000   -0.05893364525684377     0.4756033046998381    0.06794459019808596    0.05835720847288201      50.34413628486735
                  25000     -0.310190235198618     0.5058379424929176    0.07427650038662538    0.05700010447326309      275.6542316175515
                  25000    -0.6352582992907393  -0.007746684251929736    0.06070125449944146    0.05120230539449825     0.1541604832140563
                  25000      0.602407114794998     0.8106671014860654    0.07509205232109804     0.0569928456964922      14.90817587006914
                  25000     0.1942822684179422    -0.5301859172049311    0.06890402073495921    0.06070068037338563      9.230342165662957
                  25000     0.2162807028207171    -0.0199424178571533    0.07617338223077051    0.05897329660868274      3.939937608171373
                  25000     0.7371684401435384    -0.2167523533044821    0.06240996451453752    0.05940882823529058       706.833444365245
                  25000     0.4495458361464342     0.5332469756260233    0.06959747659668696    0.06180618975195167      89.58472556467548
                  25000   -0.08867331379247166    -0.1507798228399421    0.07568680492613562     0.0601741154321078     0.1131391330977743
                  25000     0.4212447771850896    -0.6903917265554309    0.06600059156509819    0.05362039518471155     0.3226234970971723
                  25000     0.3216535418613323    -0.5402305327305468    0.06955395276246205    0.06364986149819489      8.078631993895357
                  25000     -0.354477346822916     0.3454833354730794    0.06522830260314488    0.06093824670063808      307.6488638443756
                  25000    -0.4372592536467788    -0.7952778507922884    0.08093546327966498    0.06418025450900811   0.001309961229804835
                  25000    -0.6559097663450723     0.1544103137623806     0.0673493296331388    0.06055088025457568      22.17377290106269
                  25000    -0.2971999171002692     0.4097372722769856    0.06269883505237175    0.05634965338154688       487.613759511233
                  25000   -0.04194382878976776     0.2082084111715736    0.07287604497560531    0.05920485976913271      4.187642094426151
                  25000    -0.5322691196474487       0.46386007269775    0.06789453548157662    0.05955560123424861      1873.286866465756
                  25000    -0.4604203999042511      0.060638677328825    0.08105846585571463    0.06614074836746997    0.07700799636293584
                  25000    -0.2007567448311008     0.6405697680678289    0.07232249629042307    0.05722584917061939      91.07540198271516
                  25000     0.3734707003967698     0.6061503365562078    0.07053081731216931    0.06117688253830297      90.05165647288857
                  25000     0.9031815163286548     0.4840473497723855     0.0697277715845328     0.0562599192512158      87.58624187850498
                  25000    -0.1374012403445745     0.4989460737830251    0.06764894269114691    0.05819906496881883      141.7343590213746
                  25000    -0.1935220907351207     0.3778091524115037    0.07427192288280907    0.05661779799466122      87.00905935246445
                  25000    -0.9555150866508484    -0.1418125927448273    0.07852000704574665    0.06420124319672474  0.0001006928957830825
                  25000     -0.887205191707632    -0.5284324752431118    0.06305989597421827    0.05513494839494521  0.0008325519010754106
                  25000    -0.7610233939699149    -0.7633798303038536     0.0698699030423684    0.06252331986580964   0.000801815258674137
                  25000    -0.6606116042282848    -0.5938104245537595    0.06910368056254414    0.06495818866300054   0.003773011044795758
                  25000    -0.8106944515404851   -0.01925888166030234    0.07072477922884768    0.06487108779004656    0.06344676924646375
                  25000    -0.8137662231689886     -0.199237735720892    0.07032920156160206    0.06009675594197252   0.003485628169108823
                  25000    -0.6074429500599466     0.2347313770108589    0.07679831446799008    0.06305970364265924      100.4019934636615
                  25000    -0.4073316062589358     0.4194207983916903    0.06966058940822012    0.05962602005021184       633.277013413321
                  25000     0.9402710158359302     0.2295417950846351    0.07060364221581292     0.0618438336854515      151.9653714480681
                  25000     0.2822489724640095     0.3165127136258442    0.06948739531520913     0.0589057454201447      8.884378235600213
                  25000    -0.5242262824232901     0.3069188138014733    0.07112149181829275    0.05764224956838464      204.0345117795128
                  25000     0.1942694336175919    -0.6577361226081848    0.07623309097659681    0.06409778289160063     0.3810894414019481
                  25000    -0.5143317252197295    -0.6695022077043914     0.0642607396042362    0.06345829778644235    0.01393925444241118
                  25000     0.6350699981837905    0.02562576481767048    0.06263130100361079    0.05276696909526361      125.4581053736107
                  25000     0.6064289782532171     0.2253626846051754    0.06298763830402815    0.05400893625801469      57.33208901752502
                  25000     0.4211690985703326    -0.2685641845050528    0.06781988745314828    0.05845148526050846      13.30115042677214
                  25000     -0.419602620949834   -0.04715764626859577    0.06697736740728645    0.06356148653863318    0.04158133467532538
                  25000    -0.8142992184007712    -0.6115462356225577    0.06744106051872918    0.06111152750696223   0.002063756431244261
                  25000    -0.6758863560113723     0.2749773173864057    0.06300045781784855    0.05307324827653167      156.1985511571252
                  25000     0.4913892199411704     0.3463901782161762    0.07725665788063998    0.05879821533444263       47.2330663299862
                  25000    -0.8286490768482457    -0.3575329453446165    0.06693719331994374    0.06033438842512109   0.006208708254215378
                  25000      0.477512082575944     0.6423285516827205    0.07319293755893609    0.06253991807896016      128.3528943514146
                  25000     0.3579735306314377     0.7111255385484805    0.06122559551826337    0.05661044942236881      135.0954103618168
                  25000    -0.3455571532781893    0.08104273424964094    0.07019191933527376    0.05919425155563797     0.2661537354916976
                  25000    -0.1389009584300783    -0.7938315483086654    0.06960634613096531    0.06144725877124647     0.1420898416102963
                  25000     0.1051190158236043    -0.6981625940307666    0.06818652912613285    0.05725101438813363       1.91293219825516
                  25000     0.8212198626572185     0.5861063313945506    0.06148716745269241    0.05374299621313887      55.80441264927922
                  25000     0.1063806453103052      0.702772429880545     0.0620190423540033    0.05804817666695535      59.46356106444168
                  25000     0.1772205233573914     0.3919513821601868    0.07235103509942063    0.06167905824149776       3.60430567539903
                  25000     0.7755557151224645     0.4633620269394934    0.06390915595195505    0.05903680062362933      434.5877929407952
                  25000   -0.06180089613936687    -0.5538006441084471    0.07505565383862241    0.05700136804682648      1.683983393863849
                  25000    0.03621850182333405     0.7484528207807813    0.06769160075998294    0.05671080625857171      13.74618143702148
                  25000     0.8226593972695033   -0.09263923116206518    0.06003085884782835    0.05717339691797858      1223.521970599236
                  25000   -0.04089235350629187    -0.7479127306074184    0.05996430652961748     0.0552067228719095      1.631650084812031
                  25000      0.564625934433948     0.1187510719166059     0.0677658572464272     0.0592261743764543       39.9628790678447
                  25000     0.8103386879081035     0.2442668656745217    0.06511303528036837    0.05566502226808714       426.942009802471
                  25000     0.2095136583249085    -0.8341614771552424    0.06798929471515829    0.05455013094602971     0.0991055523855883
                  25000    -0.3279508099543279    -0.2239058436177271    0.06247336860472831    0.05423065038822428   0.005686452290593328
                  25000    0.07686674965800026     0.2998434293016102    0.07041782019083551    0.05525945826844506      8.599956200523764
                  25000     0.7583920235408412     0.6205747696835529    0.06259156805397283    0.05476664290829685      58.36777095772071
                  25000    -0.5584524396654672    -0.7388271170075511    0.06958596202045869    0.05562242556779515    0.02251408214577424
                  25000    -0.9861012697219849     -0.340708464384079    0.06870506538514776    0.05917194350022761  0.0001449971054424961
                  25000    -0.8857963085174561    -0.1101032122969627    0.06883794347915952    0.05926423307523658   0.004972962175212525
                  25000    -0.7093066551114623    -0.6808869999078707      0.068144403444137    0.05912949879582367    0.00414376925787104
                  25000      -0.24987959731038    -0.7758522403982409    0.06805834010402946    0.06117879036118924     0.2593246295958997
                  25000      -0.72438226683966    -0.2971770783693847    0.06649312057044597    0.05837389797332555   0.001029375575176942
                  25000     0.8293853402137756    -0.2000005096197128    0.06884712209152372    0.05935126877642117      28.28596223465648
                  25000     0.7359192351527971     0.2806169887062666    0.06310840083666051    0.06062169125308737      314.8199690147413
                  25000     0.7186928584077761     0.3808265799995172    0.05918643787464347     0.0527372615724826      248.8177183745318
                  25000     0.9273931435887286    0.09459216243792457    0.05887113156071234    0.05271130693553141      198.2573878010523
                  25000     0.6268371939659119    -0.6007440686225891    0.06876811976562192    0.05860028834658475     0.1823619347561483
                  25000     0.4550048981488993    -0.5776529892252269    0.05644589972049824    0.05282713328669642       2.75541006769337
                  25000     0.2971502603713154     0.8667901041079734    0.06445842723123907    0.05614440943893655      17.59508912531834
                  25000    -0.2254492092886707   -0.05301971029497561    0.06525052523628015    0.06222998860793919     0.2014574154590098
                  25000    -0.6692540049552917    -0.3639873862266541    0.06708779121611431     0.0581333326118095  0.0003328392009328252
                  25000      0.202003069544523    -0.7295290681506207     0.0666029491066789    0.05431573144114761     0.7359632629687765
                  25000     0.1191639119886486    -0.1195743454741812    0.06553674655111948    0.05702014502223325     0.5792235749268206
                  25000     0.7298146888310322   -0.04154229685510961    0.06080567183616058    0.05334550606113797      734.4969941121306
                  25000     0.3310162963004393    -0.6415060394590435    0.06637859563322668    0.05571433912303361      2.424286786515581
                  25000     0.3310112655162811   -0.05619731172919273    0.06686406097232644    0.05736490971889737      1.017675454133773
                  25000    -0.1147946902001577     0.7320021780094169    0.05974687574025288    0.05629282670382149      20.50459433209571
                  25000     0.3316589928298493    -0.2362570760449869    0.06070533173656285    0.05588977589179626      8.750521438684705
                  25000     0.6316304787538581    -0.4679441373944054    0.06656662381008407    0.05546681264230059      19.64619919068002
                  25000     0.6715437769889832    -0.2998960018157959    0.06525246066536672    0.05697172622034632      27.23523736733375
                  25000    0.06518657504926953     0.3734344493784921    0.06370438532172652    0.05413796935068855      40.91907861919994
                  25000     0.6370661836775224     0.3061106959532693    0.05908178423473737    0.05252513286210572      56.55278183786224
                  25000     0.2890474200248718    -0.4159566760063171    0.06442271763782643    0.05661289141708225      2.180826028043595
                  25000     0.4232602715460269     0.7560719799681339    0.06079787959029135     0.0539115933421089      77.46358706562205
                  25000     0.3781346678733826     0.9471099376678467    0.06438085170130779    0.05658945083013289     0.8633590959914414
                  25000    -0.2433484412972369    0.08673087460105044    0.06157420394426795    0.05512535164714422     0.4428174670704433
                  25000     0.6607422656234179     0.4722413571677979    0.06520251616783208      0.057473371998539      138.1771835432494
                  25000    -0.3779973089694977    -0.2748852074146271    0.06390526728123051    0.05664154072640314  0.0003871867024703638
                  25000      0.525043818607456   -0.03814179712582366    0.06380591260386823    0.05436254389966276      48.88249685688099
                  25000     0.4728691255006459    -0.3468353291498262    0.05958061602235426    0.05371790549909031      17.63446267888733
                  25000     0.3748606887978609    -0.3811239455283774    0.06262784891708199    0.05846026840542763      10.07904541100094
                  25000   -0.04505785520029597    -0.8691706596979228    0.05973999927839897    0.05446250790053948     0.1126026444443668
                  25000     0.1556920868480258    -0.4328662713234155    0.06337050117021148    0.06071273622948611      5.662275031425457
                  25000    -0.1496961348741336    -0.0840018425672132    0.06035707642560794    0.05359423648764503     0.2452623296016414
                  25000     0.7426760657092621     0.5355835152308329    0.05919061295429892    0.05242431981447224      61.98881200142125
                  25000    0.08614250825198087     0.5999309569603858    0.05992868165281905    0.05565491935117581      54.59864593168117
                  25000    -0.6515059190655232     0.3467952133732319    0.06065509470121016    0.05753467085266698      1435.583454891608
                  25000    -0.4968987667566161     0.5415231085844677    0.06072230305451497    0.05619098370825501      219.6571772090845
                  25000     0.7229945943609517    0.05911835467228434     0.0642118447504991    0.05679624188340601      236.3869799463867
                  25000      0.178503155708313     0.3157163858413696    0.06267705483041054    0.05540407445410273      2.205476847278285
                  25000    -0.7335203012094829   -0.04144735210988545    0.05615914083578882    0.05346094671674807    0.09604894480172452
                  25000    -0.5966811776161194    -0.2151139229536057     0.0628798925235885     0.0554262909450095  0.0004835931268025184
                  25000    -0.6061031818389893    -0.5167211890220642    0.06287347493637052    0.05552113003070567  0.0009404508476928183
                  25000    -0.3573524503273665    -0.5810786119184982    0.05973485392201391    0.05319399742350038   0.007521622233462419
                  25000     0.5011101595517321    -0.5359951271183993    0.06203265853090138    0.05534751058300053      4.832251323084617
                  25000     0.9607366919517517      0.541644275188446     0.0628433743866571    0.05509220863690928      4.049815243320462
                  25000     0.9580130250975589     0.3134036557345977    0.06181804606081945    0.05331383481168592      128.2911673946158
                  25000    -0.2372298091650009    -0.5708919167518616     0.0627278344085526    0.05502495851222616     0.0616637837728829
                  25000     0.3002458032108404     0.6642495869113332    0.06098534616578245    0.05291391499658318      322.3854196707256
                  25000   -0.02806405820066043     0.5503175964679209    0.05745189471545293    0.05478647591268203       63.2636316255207
                  25000  -0.002892589196562767    -0.9126617312431335    0.06174724121366322    0.05419801315846982    0.03145758963742805
                  25000     0.4962173635364461     0.4831930211478099    0.05780753195236854    0.05399272007883484      79.14607594287638
                  25000    -0.1945204625090811     0.5707836743062262    0.06446523917729199    0.05483652630533977      150.8399376786959
                  25000    -0.2578142354659484    -0.1556648132186967    0.05750055262500479     0.0514521597370073    0.02764935026132465
                  25000     0.8323756967020642    0.09824555833923389    0.06341894432169816    0.05880188331849374      1652.641146670698
                  25000      0.495796799659729    -0.6670635342597961    0.06135931140645317    0.05385468908555166     0.2747524000180791
                  25000    -0.1959152668714523    -0.6356608867645264     0.0612241969942398    0.05385426041713501     0.2854342059751911
                  25000    -0.2491685897111893    -0.3165061175823212    0.06113125373150106    0.05384901830427329    0.01444013587573973
                  25000     0.5347936749458313    -0.2496364116668701    0.06096763047875745    0.05371116267962902      16.44607712774677
                  25000   -0.07721165764994904    0.01720517386028967     0.0644040483421134    0.05228135830039729      0.318937769177423
                  25000     0.0458325557410717     0.1759969145059586    0.06064865227515396    0.05336724496240361     0.6157129343351686
                  25000     0.8293679356575012    -0.3205438852310181     0.0605761718246778     0.0533301240534088      9.515894089251674
                  25000    -0.1497332751750946    -0.7201412916183472    0.06017972623845197    0.05287374395075067     0.4368412370822694
                  25000     0.4049022513704509    0.08627853013415299    0.06042416449014446    0.05258184161066378      2.934889847903991
                  25000     0.6221986413002014   -0.03413951024413109    0.06001715422028062    0.05279133186630335      41.33962568929083
                  25000     0.2406945727591925    -0.1628200659697769    0.06244825356909448    0.05433542771650544      1.400620263438339
                  25000     0.4639270393392149     0.1923282225660299    0.05756591845187588    0.05109699470246743      3.906535870852793
                  25000     0.6419340880165081     0.3799212733223128    0.05778011578383498    0.05506708861961353      109.7199695188768
                  25000    -0.1094941009363575    -0.9021545940379228    0.06007229678665398    0.05223973930086669    0.04461954940668815
                  25000     0.9286693334579468    0.02019376121461391    0.05908226641761356    0.05202792728923453       99.6352219038873
                  25000     0.3977194779068043    -0.1739670328408412    0.05670179238361597    0.05423642575638529      7.521738670265951
                  25000     0.5551931262016296    -0.1034122779965401    0.05887589646185964    0.05182062732127198      17.00499651750319
                  25000    -0.4374768435955048     0.3354446291923523    0.05868848131189677    0.05160208778359538      73.66263083852365
                  25000    -0.1866747868702637    -0.2198662937892306    0.06278356044903116    0.05188331961419917    0.04375706219270043
                  25000     0.3333659040612273     0.5308995668100379    0.06008870202919431    0.05101653204206628      32.72833437410623
                  25000     0.3304373021907002    -0.1364789549227326    0.05724585530093342    0.05308271478911148      1.718566498745559
                  25000     -0.114409587951176    -0.3444555140611599    0.05851748846573396    0.05436055829238138      0.815724737413523
                  25000      0.719793438911438     0.6836422085762024    0.05812346731298227    0.05129222352436739      8.724287848641778
                  25000     0.5333943747657789    -0.1770791809512776    0.05784893067466992    0.05165484988865391      29.89047399300046
                  25000     0.2940485042420073     0.4846120587842778    0.05753592758502279     0.0503649018291611       23.0555462396966
                  25000   -0.09403675049543381     0.3857219219207764    0.05735572773406755    0.05098146901147282      9.242718132715265
                  25000     0.3612172515993924     0.1292432939041425    0.05836368099658684    0.05095431775455275       2.22004339994741
                  25000     0.1263496995232783   -0.03890816025122194    0.05892748684374532    0.05259568510155635      1.427468166344362
                  25000    -0.7281658381641988    0.08622817558260673    0.05657679022766761    0.05247605646875188      2.948599281200828
                  25000    0.02133952639997005    -0.1003359705209732     0.0571243310252349    0.05082551650621148     0.2347647048050358
                  25000    -0.4318492412567139     0.5183728337287903    0.05709788186468664    0.05081476696500825      75.00093665765922
                  25000     0.4836184084415436      -0.43859001994133    0.05671434944073853     0.0506547087237381      3.960931794400016
                  25000   -0.05165344104170799     0.1555270999670029    0.05670175788088221    0.05064544563966845     0.5139648779025701
                  25000     0.8401540785461244     0.4533927032552216    0.05617406061985819    0.05059067188775225      112.6236597411254
                  25000    -0.4315974712371826    -0.3523174524307251    0.05651693843162958    0.05047505928587841  0.0003619745244856197
                  25000     0.5089910573057977    -0.3010372314989508    0.05689301759417639    0.05180345545243128      22.38901463352983
                  25000    -0.5124381184577942    -0.1590649485588074    0.05625981771378354    0.05008281677704203   0.001562709520507973
                  25000     0.3916299343109131     0.8396826982498169    0.05625880486064105    0.05012482948267697      5.594655010196689
                  25000     0.5723005636439321    -0.6575540762620502    0.05715251178459022    0.05308156566026821     0.2297625476886421
                  25000     0.3171820289869633    -0.4759217615096835    0.05758410811859691    0.04935121346984147      5.214026358751569
                  25000    0.03460985794663429    -0.3674421906471252    0.05586248181963273    0.05008310892466055     0.6720498679480018
                  25000    -0.1519236862659454     0.6899564266204834    0.05577622281504783    0.04999945971876197      12.02526954207706
                  25000       0.41809221781037    -0.1164933265553123    0.05618314627583641    0.05130115668308317      6.891010453692046
                  25000    -0.3404305875301361    -0.9376814365386963    0.05572060854996998    0.04997836429709263   0.001160104446939069
                  25000    -0.9133931994438171    -0.3139854371547699    0.05574605047673648    0.05008649488717592  0.0007332399432876047
                  25000     0.1011345436874343    -0.5126674487141577    0.05759249187416487    0.05152141842090393       5.45764360817168
                  25000    -0.3130103945732117   0.001341016963124275    0.05539907785274988    0.04995649614864198    0.04981933177860956
                  25000    -0.1457221806049347     0.3031809329986572    0.05523083793779091    0.04986628680162139      8.996681924710179
                  25000     -0.102062039077282     0.6532935500144958     0.0551976150014338    0.04985618270074209      18.80366536036008
                  25000    -0.5406189560890198     0.1907424628734589     0.0549990697863588    0.04981564911951299      13.45146816105676
                  25000    -0.2811148219891964     -0.632554651755543    0.05703802805662886    0.04901017371684924      0.108855123302931
                  25000    -0.2593750059604645    -0.2333873212337494    0.05508820555826827     0.0494496987409604    0.01152308857153771
                  25000      0.386167973279953     0.3867673277854919    0.05493931318788191    0.04938187290569292      5.400237816668343
                  25000     -0.125364288687706     -1.021022081375122    0.05493421343536755    0.04940830481577942   0.001368047022814213
                  25000    -0.2632578313350677     0.1447448581457138    0.05490172715032387    0.04942598172794654     0.3672858231941181
                  25000     0.3431858420372009     0.2706073820590973    0.05480788187375218    0.04940482458047576      1.909003964138695
                  25000    -0.2802149929688843    -0.5171925714064585    0.05439361531809422    0.05060831709195002     0.0473673645700132
                  25000    -0.3489263921124535     0.2247203241464684    0.05489763250652922     0.0503475649061017      13.86444518483225
                  25000     -1.001504302024841    -0.4396149814128876     0.0546328554505102    0.04926134392518881  0.0002391008348137643
                  25000    -0.9069738388061523    -0.6151134967803955    0.05470938763043678    0.04925099092858831  0.0004973387044928881
                  25000    -0.8383435606956482    -0.4767952859401703    0.05476451610892383    0.04924338363569547  0.0006128225709147824
                  25000     0.3806093633174896      0.454797774553299    0.05477370593508906    0.04927456552320746      10.55587660550307
                  25000     0.1427053809165955     0.5638986229896545    0.05471216567861217    0.04927899953669593      37.83943809069097
                  25000     0.5220624208450317    -0.3689494729042053    0.05471474609183193    0.04928042406088294      10.47084058066303
                  25000    0.01802211627364159     0.4794340431690216    0.05448690159331977    0.04921005458244228       16.3052763657415
                  25000     0.5377780199050903     0.9251635670661926    0.05446441297200143    0.04923277765644599     0.2605057156598602
                  25000    -0.6552690267562866     0.4426954090595245    0.05428120724186505    0.04900287790490171      193.0177487565599
                  25000   -0.05215120688080788    0.06919874250888824    0.05429766384539057    0.04898308072580208     0.2857841396615577
                  25000     0.2600117921829224    -0.6129102110862732    0.05428025183735118    0.04900839305730822      1.068009349149231
                  25000      0.504298210144043     0.1540314108133316    0.05426987187821462    0.04899989668713055      4.877687471767836
                  25000   -0.03184320777654648    -0.3484974801540375    0.05420768460389254    0.04889284759559433     0.5750452195828774
                  25000    -0.2282389253377914     0.4364548325538635    0.05418156658103893    0.04886845344844697      48.72504621632628
                  25000     0.9190077781677246     0.4081860780715942    0.05399030091433143    0.04885068169392673      48.63707109506447
                  25000    -0.6977733969688416    -0.2058307379484177     0.0540077570438368    0.04884731442662657   0.001161052953532881
                  25000    -0.2932548522949219      0.629550576210022    0.05362093694962032    0.04865894552578733      32.40468482191942
                  25000    -0.1306351572275162      0.111057385802269    0.05366315690591484     0.0486927448373371     0.1870044760827453
