#! FIELDS time deep20.node-0 deep20.node-1 sigma_deep20.node-0 sigma_deep20.node-1 height
#! SET action OPES_METAD_state
#! SET biasfactor       12.02723625380408
#! SET epsilon   2.008904905162975e-06
#! SET kernel_cutoff       5.122093479753262
#! SET compression_threshold                       1
#! SET zed      0.4242375943255782
#! SET sum_weights       1333.071424632411
#! SET sum_weights2       7534.568458638233
#! SET counter  992
#! SET adaptive_counter  500000
#! SET sigma0_deep20.node-0      0.4720326772518717
#! SET av_cv_deep20.node-0      0.1008439525585425
#! SET av_M2_deep20.node-0        125808.673189951
#! SET sigma0_deep20.node-1      0.2734617395736296
#! SET av_cv_deep20.node-1     -0.2119154860931942
#! SET av_M2_deep20.node-1       91647.80000301704
                  22000     0.8358775936748766   -0.01158059623304484    0.08491747319122375     0.0634278037120115      13510.64917989367
                  22000       -0.3589553850298    -0.4921144128580989    0.08025613400805155    0.07623983728438437      2377.057618458117
                  22000    0.08615460466031362    -0.4456725588021166    0.09101727064100355    0.07204742514053011      362.2103781686232
                  22000    -0.6253672698312026     0.3211369966956634    0.07890345428806245    0.06539731796725545      1.136847039606557
                  22000    -0.5613615218015848    0.04974851443652521    0.09200998955195164    0.07052072559956805      8.079767469751319
                  22000    -0.2677976248159373    -0.7975999379705283    0.08582743631496616    0.07894261502237804      3371.292625410364
                  22000     0.5255751218282673    -0.2348178233665713    0.09962402403496894    0.07180604521179662      1091.549141856313
                  22000    -0.7050731739944035     0.6959638654495757    0.07967588083964793    0.06498581798342093     0.1337483008879171
                  22000     0.4004016628035482    -0.1558513083667949    0.07726686213489668    0.07243752058994953      669.6526979935933
                  22000    0.02964526398426004     0.6059003455544554    0.08394067476352254    0.06969104550326675    0.01119602441955518
                  22000    -0.4410994277870032     0.8791477242879666    0.08088908721635467    0.06729657246990678      0.130942308672564
                  22000     -0.588932178283377    -0.1709221637357567    0.07802999490496704    0.07151599253517184      76.89793709712767
                  22000    -0.1578380430158179    -0.4926973829803012    0.07513745134809915    0.06064294552078833       300.560265213177
                  22000     0.1128122287486021    -0.5467489719994124     0.0995689607099652    0.07650717184419338      207.0590015685477
                  22000     0.4639227456786824     0.1782394252551489    0.07635759162793122    0.06465976478728619      31.66327429228959
                  22000      0.297796681640164    -0.3705286737140485    0.08529486704345371    0.06847379792237994      895.2559133098346
                  22000    -0.4521930200035577   -0.08652032958655123    0.07330129534016504    0.06454743506561271      20.53897613616101
                  22000    -0.3339909118531275    -0.6130458854168019    0.07584000970196204     0.0688901700846211      2365.717334445552
                  22000     0.3038994607977078    -0.1723544290435603    0.07823347720000273    0.06930537348058631      259.7838585455731
                  22000      0.648819075628742    0.09045354031341593    0.07989585147524636    0.06336795771001009      562.5380373825601
                  22000     0.4775924444935025    0.01174039961861799    0.08248768489927742    0.07134063775825041      255.8530455000015
                  22000    -0.1346799974497035    -0.2252123714181128    0.07908518933223195    0.06787235275524493      18.56597410590935
                  22000    -0.5867490631664396    -0.2991443662504402    0.07643417088592364    0.06083281538729547      37.28975768448621
                  22000    -0.5372345498086112    -0.6229955493070077    0.08803272830126418    0.07318276884515482      34.53057738559286
                  22000    -0.8449201121017786     0.2803452823582525    0.08686211350341909    0.07435699944070866      0.445723788870332
                  22000     -0.556385908872096    -0.4129981541020277    0.08138489012825875    0.07337799079815729      77.79023329945427
                  22000     0.4155002182481718    -0.4264251620482848    0.07153062794375172    0.06491443230741034      201.8812181658998
                  22000     0.8051031840051126     0.1067941974345692    0.08197983530404539    0.06730065999147987       386.232211078044
                  22000    -0.4371611629390831     0.3643053425082512     0.0768417021849965    0.06667492547582456      0.108224977016487
                  22000     -0.777955307512299   -0.01058592940586453    0.06656532825624341     0.0604447993726461      6.966732386709257
                  22000    -0.2402434609081524     0.7653685790492553    0.07875456523326194    0.07450797764457724   0.007192177959166075
                  22000   -0.05933484443452112    -0.6200943075424956    0.07967838035946363    0.06371276601970691      470.6858333596871
                  22000     0.3903279159259834      0.439217782779375    0.09171952076285651    0.07232387634327525     0.2665597634476918
                  22000    -0.7740417821999913      0.594548366594265    0.07681102015741346     0.0613974348416812     0.1525995247483166
                  22000    -0.6131518029129995     0.2006074895745244    0.08070690394779191    0.06103271004515594      2.445224275179133
                  22000    -0.4572911447127051     0.2354226800320425    0.06930495487783747    0.06685606505798204     0.5995782073594362
                  22000    -0.6270600499862602     0.6056390539881354     0.0691385510166556    0.06145360346987667    0.09422385477190805
                  22000      0.205559446768777     0.3104549966777147    0.09468453055250897    0.07095273446875382     0.1792630581026742
                  22000     0.7375402794365412   -0.08806042318443133    0.07204043063290475    0.05764640420906082      2639.723923148217
                  22000     0.5794475953284327     0.3987443592155999    0.08309974979519941    0.07455948441344454     0.6668584555798214
                  22000    -0.6237327218391511     0.5061083477317273    0.07087363807682776    0.05907657979081523     0.3196912678422813
                  22000      0.617313739469694    -0.3394348159221491    0.07948866648595251    0.06893148012441361      302.5369220163136
                  22000     0.6820308184349699    -0.5130913510232142    0.08009964803960962    0.05654290885134699      6.001713664242209
                  22000     0.2663167536473021   -0.04845943701544137     0.0763295798810605    0.05847953713216709      93.24633228847759
                  22000    -0.1193949233272455   -0.07488105011089304    0.06999318100865759    0.05973594553792054      2.423013803356917
                  22000      0.573201304484661    -0.1081656029684068    0.07288663908742699    0.05875325470704857      460.0770274068039
                  22000    0.07967477398772335   -0.08835692375837781    0.07558540696901866    0.06471241651773194      11.14163285277211
                  22000    -0.2425040060478496    -0.1339324793393516    0.07970940993219493    0.06840813640089222      12.72032739435801
                  22000    -0.7143671797798234    0.04890315419887713    0.06697290284466051    0.05785091464916797      6.443526970332487
                  22000    -0.6395886356098591     0.8354881323998652    0.07367760862560467    0.06145964715599316     0.1308814014978356
                  22000    -0.4746025471957415    -0.2437333489383844    0.07620845725581718    0.05993038081166863      51.68149300697689
                  22000     0.0940673590296781    -0.6627579303545478    0.08025035044467806    0.06134507833851629      130.7848762113668
                  22000    -0.4074360143893409    -0.3166931936556186    0.07678502867901514    0.06188695831027161      94.62193374581092
                  22000    -0.4065253219608592     0.5806102138442103    0.07802348723143626    0.06269131593825192    0.02018488819402908
                  22000     0.2322154747151405     0.5595854991696827    0.08878558340865557    0.07065266022268857    0.01659961893185282
                  22000    -0.8944595456123352     0.5003326535224915    0.09014956785467471    0.07247564716992508   0.004664352772253524
                  22000     -0.704791155956682   -0.08958707909232974    0.06803061174120446    0.06052383153178936      22.47135973706849
                  22000     0.5618093686364907     -0.626293920863374    0.08184688703173942    0.06225516697867448       3.61126667056186
                  22000     0.6317807801092827    -0.4223675547191741    0.06938387439380025    0.05767790762144365      25.32388547301227
                  22000   -0.01863521981140678    -0.2964217203754548    0.07634392220743684    0.06442817526145081      50.30960116662286
                  22000    0.03206625502304034     -0.784264583234461    0.07074136565755039    0.05767291995713798      37.57476060802713
                  22000    -0.3391442596912384      1.001470685005188    0.08764359144975671    0.07099742492940801   0.002143233114450629
                  22000      0.261412184356234    -0.4839835429569848    0.08522392133147265     0.0688373927616584      267.3093779770552
                  22000    -0.7882747260384199     0.4275101550651605    0.07816375108830205    0.06558194664396209     0.2540634294541348
                  22000     0.9825004935264587   -0.07421012222766876    0.08637179495829603    0.07049272858789098      83.23418187763775
                  22000    -0.1119974802222594    -0.8062383557264685    0.07119601688094905    0.05660495068535826      321.1819910878921
                  22000    -0.2344315047570013    0.02619874856268135    0.07635141883556112    0.06427262251973477     0.6715346602483659
                  22000     0.8015012161178493    -0.3638460327390322    0.07245570150715974    0.06625986495013986      27.64388370022404
                  22000     0.1734249313569636     0.6442853543185094    0.07957246453826579    0.06505025830404848   0.004956022515161827
                  22000   -0.03846723111630386     0.7785485247610544    0.07426259129384456    0.06071589036845748  0.0008439130439403585
                  22000    -0.1908026868755998     0.5014525473939461    0.08058935009763736    0.06558900743602897   0.001566414411832322
                  22000     -0.207350757486691    -0.6211123276145827    0.07118915951642339    0.06047981308237876      1268.742822279368
                  22000     0.7439704615665331    -0.4340100391147929     0.0771890102232079     0.0618229076473826      29.56693944919865
                  22000    -0.3691630094255447    -0.7459603044513831    0.07700229412525046    0.05813181453800106      388.0560050577486
                  22000      0.332902088045317    -0.2734126965587799    0.07273954825790886    0.06009743788014164      213.7290523731837
                  22000   -0.08570423838407064    -0.7059454050511362    0.06877819739677749    0.05712948827889248      581.3409642738696
                  22000     0.3345035023884548     0.3686054806606063    0.07080644926599228    0.05586645412451782     0.4427599639384501
                  22000     0.4380028992842127    -0.3304633144924297    0.07153860789210989    0.06235006105862281       249.050603991493
                  22000     0.7413475903290561     0.2187289905111755    0.07225994218672886    0.06033417163860854      28.97610805243765
                  22000     -0.251275199386415    -0.3050757051874946    0.06997400529557639     0.0638952475999893      31.80877842851845
                  22000    -0.5009378428799764    -0.3158996418916989    0.07010027082674276    0.06179010728919721      42.17609597274159
                  22000    -0.3894482850595047     0.1620094398031892    0.07257824756696629    0.05835310519502815     0.6605870257322961
                  22000   -0.07198428105680968     -0.548472661190772    0.08088111419307611    0.05907106879569333      210.9091121706193
                  22000    -0.2140422316033164    -0.9024381604267733    0.06844278796160948    0.05678132060457435      1234.382385631983
                  22000    -0.7213927853167962     0.7699369442401162    0.06549059921409306    0.05854068111053951    0.04114045685426815
                  22000     -0.016296893994928    0.01866304961255186    0.07381757969259403    0.05712883806778692      1.507803664432033
                  22000   -0.04278950036742637    -0.4020824595186218    0.06868772347102789    0.05908671521616366      58.56282240567597
                  22000     0.6141147485956134    -0.6783010387038499    0.06444429813131279    0.05466565065004075     0.4754101980563858
                  22000     0.4887919954965911     0.5502426048753603    0.07111216731549327    0.05885480162632704    0.07767202113332622
                  22000    -0.6699678301811218    -0.4019197523593903    0.06943387482757567    0.05826437367187923       3.01416882450025
                  22000     0.6171396745768235     -0.183269705624808    0.06461527507458469     0.0551107025858017       349.620867121002
                  22000    -0.4550922959180993    -0.4705600364352858    0.06715368286629515    0.05755496751242846      428.8556928275336
                  22000    -0.3872607223139651    -0.1639189198856664     0.0666303155895944    0.06158015728449515      10.50560253731695
                  22000    -0.8829028659734256     0.3742037999269924    0.06579923993628066    0.06091226971616247      0.136634032005605
                  22000    -0.7574553370140272     0.1829571757612116    0.06744023406812846    0.06078226008070173      2.351653402776641
                  22000     0.2243593966701523     0.1263680765345518     0.0648172455287966     0.0566907448723212     0.9310328544205235
                  22000     0.3507193385663288     0.7554293608641549    0.06432654088074324    0.05617593013242226    0.00108737869107573
                  22000     0.6519000939815517   -0.01016550256426215    0.06967540786749585     0.0544426144212698      737.4395245581795
                  22000    -0.6106379628181458    -0.5486489534378052    0.06871165797803711    0.05681584755968024       8.51781139410612
                  22000     0.3970704862791956    -0.6153040313880895     0.0678127974549846    0.05806162127679303      7.543749242512719
                  22000    -0.6760168671607971     0.2717873454093933    0.06837570380093209     0.0567031156983972     0.1442051188594901
                  22000     0.1094163565380984    -0.2318246608714364    0.06561216389307281    0.05981775951244096       40.0910122640444
                  22000    -0.1551171287839267   -0.01841467442279427    0.06410243507583074    0.05339835954209127      1.122352914492624
                  22000     -0.700474147102447    -0.1799558355928204    0.06383675047109338    0.05454864738616403      10.10615301608322
                  22000     -1.003997921943665     0.2899457216262817    0.06806249176872613    0.05635417216963508    0.01440397034271446
                  22000   -0.08063553718022731    -0.9362637390589124    0.06461284207163787    0.05627409117119916      41.98676847897413
                  22000     0.4902734934210271    -0.5465048818842975    0.06909043426837939    0.06037414791174927      15.25768461580643
                  22000     0.1258054501887556   -0.02196931537553056    0.07113794987462545    0.05495869304499282      4.259643934016424
                  22000    -0.2084655015480485      0.639097736915799    0.06629961406390894    0.05592569017736267   0.001458187571908401
                  22000     0.1885246582618104    -0.3238307656789805    0.06240177444852535    0.06042847351563084      192.7046764014061
                  22000     0.6702097654342651     0.3075315952301025      0.067035896151765    0.05599180874228619      1.147304671512312
                  22000     0.3487084958828177      0.173082073579008    0.06330253495356832    0.06071074949023327      9.048532036660312
                  22000    -0.2854208738023458    -0.6835614532097788    0.06650473656422064    0.05429124741040184      1393.624601843287
                  22000    0.04713314026594162     0.2875814437866211     0.0669645918272939    0.05583959266704935    0.01046830278517175
                  22000    -0.4506752632560598     0.6723266111824021    0.06572404212268788    0.05872352536820762    0.00923078180891943
                  22000      0.584815554216255     0.5509306470994407    0.06729324025579136    0.05497950889740151    0.04637814675187413
                  22000    -0.3623187274266955     0.7624570145095517    0.07276649310295612    0.05489237683062367   0.008373708691430322
                  22000    -0.1809160355561669    -0.7213542900355062    0.06695201580847071    0.05502101588930799      319.5240404123371
                  22000    0.03443163260817528    -0.8859670758247375    0.06550953221938691    0.05544266222008563      6.043496407932772
                  22000    -0.1433020312150908     0.7732957563714039    0.06545216674628478    0.05637628259903072   0.004256140474575285
                  22000    -0.3009194099961427     0.8388797832285946    0.06669754636380879    0.05372372913917484     0.0092178625420428
                  22000      0.381522536277771    0.07977943122386932    0.06502471406924232    0.05575118277099179      10.38839616799021
                  22000     -0.802846770315975    -0.3211982884633978    0.06718266420042614    0.05644495198161616     0.6509297693398322
                  22000     0.3294647544418607     0.5319558318363722    0.06302996608612754    0.05941150531761762     0.0400166034039932
                  22000     0.4081229044216421   -0.07115072181417045    0.06367199225939274    0.05522130242001252      136.4579131395231
                  22000     0.0616399854070935     0.1632077878866474    0.06067992689395937     0.0527554246214892    0.06913223091729812
                  22000     0.8799464680820983    -0.2450815493988709    0.06583875295202757    0.05506405314042645      18.26604175483164
                  22000     0.3390418887138367    -0.0083876708522439    0.06434144525085733    0.05512978688621102      16.15269816994948
                  22000    -0.4278101421045508    -0.5965572114589062    0.06486642081458638    0.05480673040773104      636.5582856999408
                  22000     0.7392889857292175    -0.6825008392333984    0.06433185446198038    0.05474852495728821    0.02863212404403357
                  22000    -0.2100227773189545     0.3236522972583771    0.06425591568918701    0.05441590300212129   0.001118505683855931
                  22000    -0.8604640995470748     0.1434336241439785    0.06234872452027888     0.0528464643851015     0.4462186955876877
                  22000     0.2400592267513275      -0.63057941198349     0.0639977308532943    0.05415126471106253      9.450819717686118
                  22000    -0.5057752132415771     0.3151749968528748    0.06397458677711633     0.0541238337115308    0.09648688804663094
                  22000     0.3732398583568383    -0.5161827555669397    0.06373439730984735    0.05436722150111445        57.892624681792
                  22000    -0.4968588650226593     0.1270589083433151    0.06378226932513371    0.05391376868549804       0.41588636274369
                  22000    -0.3607236612282259    0.03059084696643877    0.06292991867927787     0.0552878945771387      1.662017070034731
                  22000    -0.2070371061563492     0.3848406374454498    0.06340091531911715    0.05374480508603786   0.001027995389894123
                  22000     0.8406177035180484    -0.6301584577293994    0.06018723012594768    0.05141010940115051    0.05907653073285839
                  22000      0.700141937486663    -0.3297192317898059    0.06272348038762821    0.05361752530119979      44.42872468204927
                  22000      0.138280228097197     0.1313303993891365    0.06290224283332899    0.05170562268506616     0.4226134658767222
                  22000     0.5514664397322775     0.2542733256238404    0.06303796677484926    0.05381914640221075      9.538077656613112
                  22000    -0.9280831217765808     0.1792840212583542    0.06277106035591025    0.05302104529228178    0.04559657895253801
                  22000    0.04304130747914314     0.8013797998428345    0.06276867361724203    0.05308814734056194  0.0004270335566935664
                  22000     0.6789871454238892     -0.136639416217804    0.06269199076604985    0.05305715209664568      144.0676909082288
                  22000     0.6609359979629517   -0.07531970739364624    0.06264309089645048    0.05300183181132631      195.3017613580697
                  22000    -0.5454140901565552     0.9365271925926208    0.06264955692281451    0.05301076841294333   0.009789740338491211
                  22000   -0.03095537982881069     0.1178984940052032    0.06250215024335457    0.05304200304522663    0.05624103762820359
                  22000    -0.7251884341239929    -0.2604711353778839    0.06248934250007443    0.05299191697337186      2.002643272979904
                  22000    -0.2698650360107422    0.09626659005880356    0.06246977255724295    0.05308120253426345    0.09737395728868253
                  22000   -0.01931678936731868    -0.1568330743062951    0.06118417722346149    0.05218841602475711      2.937639021670996
                  22000     0.7518526315689087    0.03145654127001762     0.0621545143000236    0.05277942097759164      360.4516415716265
                  22000    -0.1214678436517715      0.354419618844986    0.06216077351981047    0.05273234768804368  0.0005908287210858632
                  22000    -0.5485325215824096     0.5569668770731402    0.06148486189438625    0.05818348084884028    0.04176595040748914
                  22000    -0.7182318680190372     0.5323503645520558    0.06171829133370825    0.05309989575456042     0.1369749786457241
                  22000     0.7719795956349484    -0.2279466327628973    0.06169493425020029    0.05924409134718275      106.9535069296364
                  22000    -0.8566393256187439    0.06928932666778564    0.06196787555300795    0.05247833982873813     0.2117877120469903
                  22000    -0.2487955391407013     0.2771584689617157    0.06194757943798501    0.05252534928838547   0.004892360454101695
                  22000     0.8638648986816406    -0.5476945042610168    0.06196725090548734    0.05245146727829936     0.2607347274752104
                  22000    -0.6365257455593494     0.1360731983010349    0.06032322856337344    0.05211839512636841      1.288841346947169
                  22000     0.1107700914144516    -0.3394283652305603    0.06145815694211729    0.05202742266115763      24.39084847306656
                  22000     0.7636559009552002     0.3790963292121887    0.06104583270514742     0.0517862541058173     0.1717501743921189
                  22000    -0.3159188587791136    -0.3908543314116498    0.06126195501417694    0.05326551813237059      139.1765115741027
                  22000    -0.1393267661333084    -0.3174519240856171     0.0606190085032837    0.05147030189407814      4.775474787204876
                  22000     -0.377035964362881     -0.679564840116993    0.06127825734031324    0.05171512546822983      367.8270156492994
                  22000    -0.4431358575820923     -0.769148588180542    0.06032651800388677    0.05128130220734916      60.36893959381938
                  22000     0.5925473570823669     0.1536573767662048    0.05993735663133105    0.05117926143091166      28.67046572106705
                  22000    0.08494732528924942    -0.7322812080383301    0.05986217867856513    0.05112299301160033       11.5136630051702
                  22000    -0.7929610013961792    0.08652050048112869    0.05956262505824093    0.05082445020429904     0.5014185140193602
                  22000     0.5715441703796387    -0.5607818961143494    0.05951164845676867     0.0508014040043351      2.193555029851616
                  22000     0.1788334399461746    -0.6900911331176758    0.05945329482210825     0.0507429746000137      9.636883660649712
                  22000     0.1257475521890787    -0.8361962480035573    0.05935346522342869    0.05274234953676195      3.268552336465902
                  22000     0.2234244346618652     0.7561420202255249    0.05929783208540604    0.05068634880374694  0.0004762799356936095
                  22000     0.1641681492328644    0.03234967961907387    0.05932965717316856    0.05053645087210384      1.887441084210165
                  22000     0.5215668678283691    -0.3394080102443695    0.05930811664573548    0.05043932528003696      55.59461471659341
                  22000    -0.3038403391838074     0.5745245814323425     0.0592856942748677    0.05045453077393051   0.001906690200282416
                  22000    -0.7241309881210327     0.3325611650943756      0.059281227078665    0.05046851268415317     0.1361938065350864
                  22000      0.698186993598938    -0.2057388722896576    0.05884263031299319     0.0504731772850532      71.36077927724536
                  22000    -0.2714361250400543      0.682727575302124    0.05886268811832854    0.05049345682505422   0.001804134759849609
                  22000    -0.5499513149261475     0.7718133330345154    0.05884947496962207    0.05052357976983259    0.01060623975444205
                  22000      0.799182653427124    -0.2849739193916321    0.05885186526684814     0.0504971698505087      14.43742508157881
                  22000      0.262181282043457    -0.7363497614860535    0.05887113685858313    0.05048527635350503      1.590228015960063
                  22000     0.2042786329984665    -0.4163912534713745    0.05866682006194558    0.05023414474442916      63.37948089871369
                  22000    -0.1425783336162567     0.1860104650259018    0.05868423756106268    0.05017882196576252    0.00582283549592257
                  22000     0.8228002190589905    -0.1589484512805939    0.05884439347810748    0.05016400095776029      111.5070406997343
                  22000     0.9581859111785889    -0.1995011121034622    0.05884011538752301    0.05013772829114313      9.182295872306872
                  22000    -0.4750423729419708     0.9606982469558716    0.05887643729902554    0.05013156812887404      0.011119275985177
                  22000    -0.2583425641059875     0.4415051639080048    0.05886351837332139    0.05015581995951625   0.001390207057595494
                  22000     0.1013166010379791     0.0796552300453186    0.05884548909436355    0.05014333477434881      0.443172739475016
                  22000    -0.1501731831743874    -0.9499456376157895    0.05853121791464668    0.05026750868646385      120.7238514410275
                  22000    -0.6461725831031799  -0.004413384012877941    0.05883466817337293    0.05007641346692743      1.762564155407883
                  22000     0.6619615207333904    -0.6088850949704657    0.05850260636298781    0.05201703421323878        1.1269046267331
                  22000     0.4456379413604736    -0.7265706658363342    0.05884788383570583    0.04996964154069496      0.210395946619832
                  22000     0.4752956926822662    -0.6410254240036011    0.05883326454709883    0.04997149084756043      1.481150575412603
                  22000     0.1272213616498833     0.2419344320065632    0.05890266029805084    0.04998776847618369    0.06405381895373541
                  22000   -0.01780921474332744    -0.4993217202470154      0.061660227091335    0.05032082505188517      80.16947287927815
                  22000    -0.3761952817440033    -0.3778038918972015    0.05865555154311997    0.04990911029555458      74.60948547425798
                  22000    0.02128603123128414    -0.5972848534584045    0.05872608029756291    0.04982092676377246      45.60171404243958
                  22000     0.2690255343914032    -0.6795610785484314    0.05856418751838498     0.0498651871509327      3.982653605344057
                  22000     0.1912298798561096    -0.2486350983381271    0.05853175892485544    0.04985404876674281      24.33140138753927
                  22000   -0.00766217615455389    -0.6777355670928955    0.05835930234529277     0.0497627078764072      53.16724595293265
                  22000     0.5751253366470337   -0.04774964228272438    0.05827510900715267    0.04970807631423918      83.92107818165664
                  22000     0.6813613176345825     0.4426504075527191    0.05829906068501665    0.04972290834487417    0.05580701638975631
