#! FIELDS time deep21.node-0 deep21.node-1 sigma_deep21.node-0 sigma_deep21.node-1 height
#! SET action OPES_METAD_state
#! SET biasfactor       12.02723625380408
#! SET epsilon   2.008904905162975e-06
#! SET kernel_cutoff       5.122093479753262
#! SET compression_threshold                       1
#! SET zed     0.02428296104014467
#! SET sum_weights       2245.823742207539
#! SET sum_weights2       46572.40571133073
#! SET counter  992
#! SET adaptive_counter  500000
#! SET sigma0_deep21.node-0      0.5162009612194024
#! SET av_cv_deep21.node-0       8.757357016408342
#! SET av_M2_deep21.node-0       20092109.71926732
#! SET sigma0_deep21.node-1        4.09000517521971
#! SET av_cv_deep21.node-1     -0.7457428448863744
#! SET av_M2_deep21.node-1        55515538.3491847
                  23000      12.19147076529819      13.58604275910565     0.8840715823952928      1.719324850044869      18.72646881051631
                  23000      9.257217336173614     -18.53438010230364     0.8391808252308253      1.852790864154977      109.9855718423578
                  23000       9.14218272966761     -21.08480936612552     0.7903995391416364      1.926848021825866      163.5999166168849
                  23000      6.985778344585697     -8.374994626215646     0.9312983185725529      1.769850255025089     0.6307164043976281
                  23000      6.790103331634215     -5.413277472698125     0.9946627348320222       1.66654368966212     0.3593173868349108
                  23000      8.310034264473378     -16.91209935687312     0.8972131183520055      1.499245905000774      3.177735640570512
                  23000      11.03007774323407    -0.3627410530536045     0.8595284051509677      2.184207276145605      43.09928839720051
                  23000      7.544805706944361      23.08469445367762      1.055134231151642      1.485130629257295   0.001023489756833323
                  23000      10.35699352844326      1.192281091884254     0.9100714676277875       1.41804916311957      2.297670325442783
                  23000      12.19935317565275      11.21788923208064     0.8276926031302698      1.946193604519662      89.78750015040073
                  23000      10.34084396106134     -7.090957613689839     0.9114896752814637      1.956656934849596      12.96375433191077
                  23000      11.15372904785043      17.53875892331303      0.902631702855049      1.672110173902304      1.666619806692264
                  23000      10.03043842315674      10.65108966827393     0.4922871289478902      3.395144074134906   0.002888695564820745
                  23000      5.061783342901193     0.1420270190110587     0.7596326271730379      2.728574235275042  0.0006372080315207172
                  23000       5.55099461486774      13.45354972124109     0.8660646153370775      1.823283165869243  0.0007788166747091862
                  23000      6.189691103909531      18.69162505079775     0.8662814537638605      1.793676670780151   0.002635900600730148
                  23000      9.844693622652381      -12.8594302722789     0.8426196947418093      2.189575060885789      15.48956120746206
                  23000      10.85143051176466      20.34317429432676     0.9074495941559545      1.516797613970138     0.3977425668189844
                  23000      11.59758553683355      6.064816779636764     0.9174898966838798      1.831364528040518      38.07302877678709
                  23000      6.262221599353556      6.908094712261934     0.8884852891563015      1.855147740896391  0.0003585599295584298
                  23000      7.540085792541504      2.146592617034912     0.4402084640152378      2.736481068006461   3.84236175047458e-05
                  23000      8.056336462730529     -11.20935996374262     0.8328838270644966      1.992276919760058      1.358059920068476
                  23000      6.781424991564187      1.506929823821855     0.8817139325588752      1.677714726332248   0.005649753126066987
                  23000      4.184638932126964       4.46189060846253     0.8739217921741215      1.696972696058493  0.0002823368830242309
                  23000      8.192757606506348      8.811188697814941      0.446227281640162      2.684701545598146  3.812779710333892e-05
                  23000      9.286289933646723     -10.74653460010221     0.4486154040829242      2.614489797139217      5.860780014377332
                  23000      5.935429595274624      3.923512236030785      0.863411710688566      1.853385060753125  0.0009772174549490949
                  23000      6.758702404950459     -1.481992108232943     0.9121773180722345      1.703436119982884     0.0363782618828228
                  23000      4.239300985681493     -14.93219061507002     0.8122938892219486      1.525237930619365  0.0001228465953839852
                  23000      4.974926070817737     -10.50285637274022     0.9138397646358739      1.447576138149489  0.0007456657586802442
                  23000      3.954152584075928     -12.92492485046387     0.4069661778935965      2.292700734999315  2.460321767480675e-05
                  23000     -26.70231100733644     -3.603587400290741      0.986980277893067      1.556508552644182      2488.400910715067
                  23000     -26.21531784431307      1.203678618793658      1.116721555024819      1.629081551666993      10.07864113032092
                  23000      -25.7217040488304      6.116840126829467     0.9688281774264473      1.601821157140421      4.498598612230448
                  23000      -25.3059207989965      10.12268354571391       1.03444230916959      1.582004963226214     0.9430754626494827
                  23000     -25.02494955309863      12.55087896945656     0.9644826906372852      1.569970821086472     0.8185556813505739
                  23000      -17.3520336151123     -9.511953353881836      1.168473030372989      1.821409299244308  5.931357301537488e-06
                  23000     -11.34485721588135     -12.69848728179932      1.125943274935791      1.776174398680669  6.312163093198768e-06
                  23000      3.743025890211913     -9.182638543708267     0.9860264379434251      1.496098099756953  0.0002991586995735976
                  23000      5.120347788601962     -12.30708415829206       1.18078555296486        1.5819688380891   0.004102947425320081
                  23000     -3.989259481430054     -9.154096603393555      1.424578559294409       1.75806073864226  5.040342516119396e-06
                  23000      1.297945642043264     -9.248115737935818      1.234740665185111      1.508606168658243   2.37475157670678e-05
                  23000     -26.00790208712321      3.507266084569896     0.9688837825167996      1.514459935945756      18.71591808486005
                  23000     -26.55457986801046     -1.922767628972565     0.8886407442455201      1.439459200438771       486.677640616273
                  23000     -25.57665260752028      8.062331403520062     0.8678789027493018      1.451472993211955      0.891545641012692
                  23000      -22.7660083770752     -6.763562202453613     0.9457311254912648      1.210667069847797    0.02605428662524848
                  23000      9.297765574796095     -15.50084805987694     0.9364081098590359      1.517630711909003      27.06828340702742
                  23000      8.013338912099625     -6.479176120480626      1.012262972896869       1.38108138684135     0.1222158178320613
                  23000      12.12907693430245      8.970336063306394     0.9475086090176144      1.506206894964868      32.10387013984224
                  23000      9.361017227172852      11.06117248535156      1.043118006319539      1.288828921624278   0.005639423870339271
                  23000      10.78740037999163     -3.981119305074785      0.889538269763227      1.565178828351126      21.83150970760084
                  23000     -2.279266834259033      -8.12969970703125      1.037345117881117      1.292383149327841  9.727611033285557e-06
                  23000      11.31049271182881      2.781072979326719     0.9570502790290258      1.589474963174572       13.1525597875492
                  23000      10.03939465334378     -10.17142640557435     0.8986892125678541      1.554611623060542      3.723995645412179
                  23000      8.581774155960231     -13.54985396066738      0.985461164844935       1.61034189374816      6.205015735802974
                  23000      5.670000152019503      10.56703197970201     0.9456084387858239      1.513592558659506  0.0005433949703642369
                  23000      12.06693458557129     0.9848227500915527      1.001277382304993      1.315773975105281     0.2909563184963587
                  23000      9.590945243835449     -4.894069671630859     0.9810978696038688      1.315983533194459     0.1306602917279946
                  23000      6.948605047976491     -11.99576152400152     0.9501412817895671      1.442939902112857    0.05444165515148425
                  23000      9.623021125793457      15.27287673950195     0.9482872593277184      1.350116560529267    0.01135603316646285
                  23000      9.965156555175781      17.77468299865723     0.9444757765306863      1.357379698875062    0.01934365311402462
                  23000      4.326136319914578      10.48689727233728     0.8434764433091363      1.523642223452747  0.0001251329117743002
                  23000      4.982463061569194      6.343425876555204     0.8558628284063267      1.472356191071245  0.0002179619184589857
                  23000      6.480483673224898      13.68867383773675     0.9379256107174246      1.380890504838257  0.0001260641364641183
                  23000      6.932238434894655      11.35532551619364     0.9560388094848439      1.540816325873868   0.001168546811646988
                  23000      6.162361426790821      22.31387961521621     0.8636344915919653      1.608736410073365  0.0009211909276212594
                  23000     -20.36032104492188     -9.785792350769043     0.9116782890615488       1.37389974018521  1.665391646946551e-05
                  23000     -2.028171217978338     -12.17910988841617      1.009291943063269      1.411432376322471  2.099414371790504e-05
                  23000     -19.24885940551758     -10.15128421783447     0.9319063390092507      1.371530810597621  1.129456591434431e-05
                  23000      2.521594047546387     -13.36746406555176     0.9334665433465628      1.370819639559004  3.944108571554967e-05
                  23000       4.12261962890625      14.38300800323486     0.9261644788624775      1.377516839537472  1.246006243416475e-05
                  23000      11.84751447522962      15.61199934711594     0.8579632514944137      1.520940083568028      3.413174644488953
                  23000      3.190813779830933     -4.715137958526611     0.9206675192741504      1.388307084977921  4.726691178972641e-05
                  23000      2.036077976226807      -11.9665355682373     0.9069934607650997       1.41032772703507   3.68221315763641e-05
                  23000      5.473179340362549      16.05101203918457     0.8964578217810625      1.412516196486283  5.892171866143338e-05
                  23000     -9.410592079162598     -8.083536148071289     0.8987979433787415      1.414054479360417  9.940618540867347e-06
                  23000     -10.85445308685303     -15.43372344970703      0.907808695466901      1.414652090030021  1.010660887363744e-05
                  23000      -21.8794994354248     -7.656154155731201     0.9146825285337954      1.415165052303823   0.001668221042701215
                  23000     -16.31620788574219     -7.324638366699219     0.9181019652482627      1.415784812622629  1.002388174845051e-05
                  23000      2.417231564116153     -10.60472490198708     0.8436204151352409      1.476088730027939  0.0001042082027177941
                  23000      6.277137756347656     -19.18249893188477     0.9147352057197062      1.429590363437609    0.01004010813263401
                  23000     0.5585947036743164     -6.785621166229248     0.9042097821930606      1.436918617329132  1.087802299453052e-05
                  23000     -1.032522678375244     -2.352565288543701     0.9062810032679992      1.437384883469036  9.693866919913272e-06
                  23000      5.422046661376953      -8.53013801574707     0.9041911497515394      1.438281393498646   0.005037957172888656
                  23000    -0.2751133441925049     -9.081921577453613     0.9025437803632556      1.437877492111354  1.235116070324193e-05
                  23000      6.420657634735107     -3.396267414093018      0.890228119816491      1.439636430478736    0.01141306158660303
                  23000      4.017225742340088      12.35793209075928     0.8458970022334958      1.442504810197246  2.992178742965093e-05
                  23000      6.422359466552734      16.34162330627441     0.8454686137661547      1.443472370622233  0.0001201230814552159
                  23000      6.914646908262728      9.411463521197026     0.8145168020154689      1.475915475317777  0.0002385042814547344
                  23000      8.757817268371582     -7.803952693939209     0.8303537762390656      1.440244223976454     0.3570049953602683
                  23000      5.373701572418213      19.50497817993164     0.8230116522960561      1.446334884288525  0.0001151675633421394
                  23000      4.029942989349365     0.3061575293540955     0.8161109114507962      1.450114369393856  9.531840736742197e-05
                  23000      8.364505820112093        21.711507625934     0.8455457576534136      1.480118628405053    0.00162591571594799
                  23000      10.03646067427935      21.78015320738256     0.8886615040933651      1.421825242208409    0.02630937199946413
                  23000      3.998781681060791     -2.572357177734375     0.8018377436071693      1.456803424514715  0.0003462357891469379
                  23000      6.919099991970096      4.707460341050386     0.8284710796242135      1.508302729325045  0.0003418449825601932
                  23000      5.015564328870478      7.915621782451427     0.8737795338321326      1.464637657178628  0.0001906274131342777
                  23000     -9.648479461669922     -4.173787117004395     0.7902026341021366      1.460264277528507  1.097648424986473e-05
                  23000     -21.83868026733398      13.63828086853027       0.82355945378125      1.398691489201896  0.0002875070791139198
                  23000     -23.82805061340332     -10.13165092468262     0.8126893436081503      1.382574207859993  0.0001203952293283522
                  23000      12.26360988616943      4.526891708374023     0.8586015404935626      1.373526511179596      0.706927909886979
                  23000      7.994429155217392     -8.633292334238901      0.871949418322701      1.414699961796932      0.260834297801872
                  23000      4.190808296203613     -18.77486419677734     0.8690062586812841      1.378182568102276  6.893950812485446e-05
                  23000      7.175029277801514      20.90507698059082     0.8676326182359484      1.380216541459123  0.0001315140271480434
                  23000      10.51029300689697      7.746057033538818     0.8631738605975884      1.382209705917747     0.6773534436095117
                  23000       6.59276294708252      23.74906349182129     0.8591502376954329      1.384011702044704  0.0001067023557864889
                  23000      4.759848117828369     -5.963164806365967      0.856304527242324      1.386030488113986   0.003446382962409555
                  23000      6.026130763830922      20.56460204215355     0.8561645468839091      1.392619938060213  0.0003589443060497133
                  23000      7.681848271527175     -15.26883184197908     0.8416626395829635      1.388446674687728      1.076423204623348
