#! FIELDS time deep26.node-0 deep26.node-1 sigma_deep26.node-0 sigma_deep26.node-1 height
#! SET action OPES_METAD_state
#! SET biasfactor       12.02723625380408
#! SET epsilon   2.008904905162975e-06
#! SET kernel_cutoff       5.122093479753262
#! SET compression_threshold                       1
#! SET zed      0.0862025295481985
#! SET sum_weights       1752.625888185588
#! SET sum_weights2       19302.56822874767
#! SET counter  992
#! SET adaptive_counter  500000
#! SET sigma0_deep26.node-0       1.556739148341308
#! SET av_cv_deep26.node-0      -16.73958279195222
#! SET av_M2_deep26.node-0       11445441.76739943
#! SET sigma0_deep26.node-1       2.582730324903559
#! SET av_cv_deep26.node-1      -1.117245878360905
#! SET av_M2_deep26.node-1       26932261.87482479
                   1000     -19.05938837920375     -10.89985165774637     0.6131404659607714       1.08073593039528      2131.449470711541
                   1000     -16.66626781927016     -8.274172800130454     0.6364331368024126      1.318328524892627      416.8195513059433
                   1000     -16.13970631286907      9.060790973968565     0.5542569255687962      1.325299974851314      5.430934508928999
                   1000      -13.6541605323964     -2.453709980564124     0.5753099009401769      1.127032446303221      4042.006807499404
                   1000     -14.88856439334735   -0.07581179071575217     0.5472730388545117       1.22428293099736      314.8633826684293
                   1000     -22.27513794152873      15.29931401039585     0.6917620200242528       1.19181499920781    0.06136514603179813
                   1000     -18.96474553134763      13.23756793065028     0.6087098269427035      1.229121293271422      2.027865553888722
                   1000     -15.84508203403965     -9.271197926892404      0.619045188983245      1.291014392150311      44.46813824590801
                   1000     -15.85468681820247      4.996816898636236     0.6206774248709021      1.174688871148597      80.51252599221631
                   1000     -14.56445195770784     -3.458989557866658     0.6645233390900759      1.070675431284246      691.7196602828421
                   1000      -17.9815925307606      11.62367562314746     0.6305163990690692      1.111943229232177      2.522697603157749
                   1000     -21.40128700608071     -4.769264188192924      0.575226790626894      1.288193026076828      1.577782542510812
                   1000     -21.81206393202537      2.862574415648786     0.4898395106953752      1.313779675534159    0.01069247138537109
                   1000     -15.37216580743599      -6.40955607016202     0.5998512182692209      1.334634751108839      288.3386821439932
                   1000     -21.27104645031922     -8.191337719362968     0.6255040777897067      1.178796558210677       13.3851054281384
                   1000     -22.33117935222936      4.961550962391684     0.6267574608052852      1.149901146326175   0.004967692402072808
                   1000      -17.0852772509539      10.25336500267999     0.5437304980462431      1.217613640398993      5.788409645783249
                   1000     -22.56456700874225      16.92162827114385      0.720222942650448      1.149708381387728    0.09325688752705427
                   1000     -20.84862305207593      14.83182438950356     0.6916326077553301      1.191129914694992    0.05102046823606499
                   1000       3.40223503112793      1.034354090690613     0.6831746971295278      1.773673767528395  1.983933246958682e-05
                   1000     -19.79694556370677      14.18323767121189        0.7089228624838      1.059901738949618     0.2920524038602305
                   1000     -15.06599472258698      3.643603014403929      0.693254057961459      1.068224678167141      33.18962577111466
                   1000     -15.54404272187476      8.582787011187891     0.6374523381311878      1.103975422487162      3.168769568921733
                   1000     -15.41472483548632      1.742339730350547     0.6874236046283161      1.167123652347734      192.1621159982017
                   1000     -22.65212131094712     -6.902210420302565     0.4582349883966612      1.239236204581803    0.09446732572045854
                   1000      -18.3350568928934     -8.392242707652743     0.6670983216124252      1.129712578181663      94.87172480733928
                   1000     -22.03281998987535     -4.314839628913247     0.6333525809999009      1.281219652940451     0.6364216995153043
                   1000     -20.47672631318838     -9.597954587310078     0.6591013108753548      1.124093972563388      61.95306256136404
                   1000     -22.53177151328949      2.122118982250561     0.4324489246168152      1.266717676657368   0.003097143874397503
                   1000     -23.02314792453571       4.03210027586943     0.6303436660729285      1.059829902771241  0.0008666680333779663
                   1000     -24.24183654785156      5.055095672607422     0.5729989117536574      1.492031857277587  5.089605990783411e-05
                   1000      -18.1929920907201     -10.38792164154215     0.6246115829586246      1.209260435309001       857.055695248196
                   1000     -16.41517066955566      2.100551843643188     0.5595851867842679      1.470813126437861     0.7706771791167712
                   1000     -22.09206155455588      7.855042142746522     0.5942924452287829      1.273918847140066   0.001599336741100423
                   1000     -24.76525688171387     -2.217460632324219      0.529124097696865      1.410841013378486  3.269399426583815e-05
                   1000     -21.09303906623358      6.648482955941446     0.5887177730634493      1.156349090422024  0.0005267150684970627
                   1000     -21.51134300231934       16.6641902923584     0.5297208980710637      1.409650341562638   0.004450684794835404
                   1000     -24.18253707885742     -5.063347816467285     0.5229263572032682       1.39132475742721  0.0001097259244592524
                   1000     -16.95139885400384     -1.597793269636324     0.6596292326657163      1.051105607726322     0.9736984495411564
                   1000     -16.27760578040475      6.758417734207596     0.6184565373148662      1.159666710086792       40.8932810244231
                   1000     -24.00583169224414      11.89577858539706     0.4768023246070149      1.327744907520124  0.0002996104445467686
                   1000      -22.6638613100321      9.980910070636689     0.6467574799700078      1.076116070477668   0.003191453522734609
                   1000     -20.92744255065918      10.97262763977051     0.5075681034049694      1.339285429365283   0.001077823192359323
                   1000     -14.83725914849838     -5.260864469563478     0.6352826396708267      1.129235831978105      212.9363873697745
                   1000     -17.37078887270782      7.706929431321267     0.6104993441482046      1.080122429994924      2.360779767283123
                   1000      -17.1315547430877      11.80088855596481     0.5313399804668701      1.124864953795633      3.152859993978503
                   1000     -13.16721725463867     -5.822793006896973     0.4704450276300733      1.268913941274486      4.144721404918323
                   1000     -14.33359568232542     -6.946012621234845      0.671844695480441      1.170173027579258       29.3015253980485
                   1000     -24.42518615722656      13.04939842224121     0.4685118197964762      1.266703387356021  0.0001293430649661309
                   1000     -20.25394058227539      3.148733139038086     0.4653206582726927      1.271294437180674  8.379771694363013e-05
                   1000     -17.99688054211985     -5.714046723350712     0.5760742601889806      1.113145926428884      14.92797574219662
                   1000     -13.61566372984485     -8.487282562547721     0.5591053633216861      1.122430208243291      1.107207801291344
                   1000     -21.06266509033507      1.605163819418726      0.609393810698428      1.105082821878028   0.005023223022597461
                   1000     -21.85183529768016     -6.467299713864181     0.5216789878736706      1.084405110550111      1.862040147282563
                   1000     -17.30068538035125     -5.412063864531134     0.6032271102216873       1.09178451553149      8.722342991991393
                   1000     -22.03254196714285      11.08454021430113     0.5978157292756774      1.076714474561316    0.00162673135362346
                   1000     -22.78169527006944      7.495867355047717     0.6476125512333256      1.076613414512535   0.001781056714379855
                   1000     -15.54597092748215      -4.75755573050208     0.6586767597889459      1.098016299647906      125.5881327526909
                   1000     -21.30934524536133      8.499107360839844     0.4480091089955601      1.208874408181478  0.0002353139207984935
                   1000     -17.85322189331055      2.620653867721558     0.4477155453726655      1.207015413147233    0.01582050615741712
                   1000     -17.21402502692946     -7.062906719641516      0.703720622551538      1.091708135267384      90.10502056018753
                   1000     -15.06070543782428      5.403633517872844     0.5608682123081056      1.177982687654394      7.715111431654162
                   1000     -20.53089141845703      8.803030014038086     0.4422940168493937      1.190480164324776  0.0003163154041597906
                   1000     -21.21907916995924     -9.692140455940763     0.4334835545145648      1.187318483126751      10.57687780134651
                   1000     -20.34728039701483     -7.971683836387236     0.5582712140902977      1.037375862122168      10.91508096103044
                   1000     -21.74937634202806      6.191994839073558     0.5342376270419126      1.116075722664723   0.001352651157623035
                   1000     -16.12195529821642     -6.196345573294043     0.6469167784256759      1.039582566178374       189.962398828601
                   1000     -16.19291693716757      12.19288369217409     0.6715658508427246       1.03548331232563     0.9024329248553362
                   1000     -16.71956016734379     -4.361016242285936     0.5631280279744799      1.076556907685318       9.04913230603527
                   1000     -18.58505004388906     -4.210341210985324     0.5891388634922439       1.01399693358423      0.612760822314752
                   1000     -17.33891032457454     0.2452837517691462     0.4256129064570082      1.170117880149988    0.09391765471937735
                   1000     -21.58654693087433       4.03492146949026     0.4460416792538421      1.153561353031512   0.002530943432144578
                   1000     -14.05244628016987     -1.450776001665556     0.6165686824049835      1.027999081396467      1430.940170127935
                   1000     -16.42758512463269      10.99675168056881     0.5119480746367019      1.106521955983121       2.10183473074651
                   1000     -17.85196685791016      8.223790168762207     0.4227676601336953      1.124965900410025     0.1881518759656193
                   1000     -23.90011018770799     -2.972927697358322     0.4480779959772774      1.100635966472121  0.0005522244204722441
                   1000     -21.92831612386503      -9.01201628540707     0.4488679358051817      1.131235727931666      1.102140086369539
                   1000     -20.27140426635742     -2.769386291503906     0.4232267878299845      1.125332252253825    0.01137790603280574
                   1000      -21.6249587587478    -0.8586382200140218     0.5651220808348139      1.056663070907295    0.03965683711453157
                   1000     -23.68124389648438      6.279351234436035     0.4235587184316644      1.122425197292446  0.0001185611365282745
                   1000     -23.11226741119713      11.56627570768406     0.4214451886582833       1.10499154980982  0.0007866631616893266
                   1000     -18.78908119320165      10.53670395492908     0.5572153423116887      1.094697360630948     0.1789255801485292
                   1000      -16.3231029510498     -12.80073547363281     0.4243968864130157      1.115734924121984     0.4048584873595474
                   1000     -19.90006767250366     -10.45524204598179     0.5791270941472764      1.091681002415321      137.8506392236692
                   1000     -24.06987762451172      14.31107521057129     0.4212274955569815      1.111823448241473  0.0002970018121474758
                   1000     -23.52235221862793     -8.731338500976562     0.4211599742947951      1.111651029006897   0.002574341160039124
                   1000     -17.46988022016171     -9.272051993744887     0.5996570572997993      1.087255694294595      302.6474312060013
                   1000     -14.49164485931396      7.513762474060059     0.4170627983439553      1.110250211668973      0.108417395473973
                   1000       -20.170290105598       1.29196882451846     0.6142491028939674      1.054236757514302  0.0006604989721932511
                   1000     -21.11231639463552      3.429179903345647     0.5988368067658972      1.027524152717342   0.002385925768905876
                   1000     -20.52874976873326     -5.283368153012312     0.6302523654441625      1.003263801160925     0.4230816044275348
                   1000      -23.1217041015625     0.9486794471740723     0.4100598487187664      1.081981191130446  0.0002147879237596575
                   1000     -20.05564988582553     -6.933773050796626     0.6730616334207559     0.9913610199702783      2.407061940080571
                   1000     -18.90255662528583     -6.728142933910004     0.6883874276944318      1.012089449914454      8.320238598448915
                   1000     -7.445155620574951     -2.660037755966187     0.4130465200576189      1.077202197011875  5.403017487685801e-05
                   1000     -22.42886119805656    0.05354476049957845     0.5473869107711572      1.056250718963952   0.004967354968753394
                   1000     -21.95703485632855      1.024650454779987     0.4276138168343815      1.140335537619409   0.006011956511095531
                   1000     -20.42250442504883     -4.122848033905029     0.4133790121819547      1.080163536555831    0.05267018723327849
                   1000     -21.19307670232134     -6.158424593037244     0.6084656516911457      1.013001964193846      1.137078650801001
                   1000     -20.97381700009059      4.880920378380083     0.5730437238141759      1.026543659795456   0.001556793622157218
                   1000     -11.06799411773682       3.04632306098938       0.40964879618995      1.074247217410088  5.462816982947266e-05
                   1000      21.67571811329982      1.953625256889687     0.6114428094925841     0.9786070306914542     0.2138676224644456
                   1000      22.08589879827445      3.678912976299474     0.6237905957963475      1.147466831865507      1.085742864791569
                   1000      22.88113850828485     -1.897062113856877     0.6809482339882907      1.019035728404464   0.006635031308532874
                   1000      21.51666726378222     -2.147676362404996     0.6586079861588586      1.015531014601871   0.001481399197141274
                   1000      22.65910227365627      -5.09051839740687     0.6733470451984168     0.9974674826575822   0.002536736922496876
                   1000      22.92781524501527     -0.312373659602627     0.6902334330768679     0.9944097317017913   0.008031603382846956
                   1000      19.76760379145067     -1.843115316602341     0.6445887134728691     0.9713836452347338  0.0008776450765047735
                   1000      22.42240157979347     -3.595973663122117     0.6865183537587042      1.086951875785845   0.009484295139248458
                   1000      21.63179877796281     -8.448059175163817     0.7197000487637136      1.064299311258335   0.000750996874374169
                   1000      24.41497561829843     -2.262707300600133     0.6542788445274874     0.9762371565451946  0.0001908864784259645
                   1000      20.30207757627996      1.454621270786413     0.6106456763081869     0.9910355418277166    0.01756872255859834
                   1000      22.47514309184346     -11.34121449260333     0.6213106631267159      1.003951680944419  0.0005759000604198557
                   1000      21.54886567952424     -1.013911240922383     0.6714414298745288     0.9761036767376179   0.004113213226712491
                   1000      20.61252184279832  -0.003589792988874169     0.6226812347748316     0.9807487901149068   0.005620642759269516
                   1000      23.28623008728027      1.638998508453369     0.6608384452605768      1.009291232208644  0.0007650607160133806
                   1000      22.06641984827546     -12.29696274830148     0.6213663821118832     0.9904928120453803  0.0002313468964334759
                   1000      19.58162307739258     0.1699752807617188     0.6564902359478982      1.005207274328684   0.000156016118409111
                   1000      22.37407684326172       1.27505350112915     0.6510329220561059      0.999630635020422   0.003218179236481541
                   1000      20.57335662841797     -7.609878063201904     0.6482791019746491     0.9953739901411514  3.889892992825425e-05
                   1000      21.28874566023412     0.7333238233379905     0.6378617460312253      1.040418428487002       0.12046036076818
                   1000      19.66960716247559     -6.861403465270996     0.6471411052225383     0.9937144491700501  4.039423732726076e-05
                   1000      17.53076934814453     -2.797855138778687     0.6454693425282775     0.9914215714546173   3.75726138404098e-05
                   1000      19.75055057710801     -13.76533782282953     0.6500630486065465      0.984492962432871  0.0001649177751857889
                   1000      20.89190534942766      -3.54034640424891      0.686235890579165     0.9836896815060643   0.001433226551284635
                   1000       19.1597825207655      -3.01637267159457     0.6514074243774062      1.055266908067753  0.0001140702679923688
                   1000      22.57445590104277     -7.637090641908307     0.6206758526537446      1.005774133860361   0.001205487018333967
                   1000       8.23078727722168     -1.871775269508362     0.6275709234447651     0.9718328202353116  3.941651247806964e-05
                   1000      18.87559127807617      3.927103519439697     0.6245655064848631     0.9687354959399959  5.732711090588908e-05
                   1000      22.51572531970028     -9.795675071411541     0.6219232116764657     0.9897906363728068  0.0004378009742829092
                   1000      21.31902318017109     -13.42683575418651     0.6688197873898921      1.011251842596586  0.0001888166605989558
                   1000      21.92518145542649     -6.175608953055768     0.6015975933833823     0.9633185034953415  0.0007433314836975598
                   1000      20.18281555175781     -4.243093967437744     0.6194438735296863     0.9670322583870128  0.0001025742987630573
                   1000      23.56764515644974     -1.557553018081729     0.6139656084853725      1.008570522950915    0.00426021260171263
                   1000      19.51423290363493      -15.1269455175668     0.6168606706053912      1.011464002375182  0.0001216952301123834
                   1000      18.16851806640625     -15.51461887359619     0.6104772539987705     0.9587657982800303  4.232717991260583e-05
                   1000      23.21504307048283     -3.025648354365986     0.6079644339642645     0.9746899176614028   0.003192413097834011
                   1000      18.78848003622595    0.07064626529624424     0.6035012132393121      1.023895423775721  0.0003639237852348838
                   1000      21.24123106639814     -6.480650593981446     0.6145595462278258     0.9946738442066553   0.000634760723724849
                   1000      18.84397506713867     -13.09475231170654     0.5986485720291389     0.9513701519448466  6.246543331069771e-05
                   1000      22.81143951416016      -6.53638744354248     0.5961140129213082     0.9515173067140444  0.0004118308623706623
                   1000      18.57345962524414     -14.50549507141113     0.5956958464750206      0.951395024422339  7.445738705760554e-05
                   1000         20.45068359375     -14.29163551330566      0.594135091401549     0.9513893290090482  9.880631968552605e-05
                   1000      22.09394454956055      4.944534778594971     0.5933217676989451     0.9510015764421884     0.1120012254976307
                   1000       21.1207918814653      -11.0861081812852     0.6413212948167183     0.9740221916708758  0.0001939616732665579
                   1000      16.10039520263672    -0.6228427886962891     0.5932277563431388     0.9507048596090033  4.273028602477141e-05
                   1000      8.378811836242676     -3.292552709579468     0.5929593560178014      0.950749892739111  4.738378803161814e-05
                   1000      20.95807075500488     -4.636841773986816     0.5921738973518503     0.9498060215954901  0.0005150721338734746
                   1000      21.48286056518555     -4.095853805541992     0.5906381815678621     0.9480736272120827   0.001124516656545688
                   1000     -25.23846626281738     -4.626836776733398     0.7206189457927693     0.9428951155069005  4.124193402168168e-05
                   1000      -19.7315616607666      4.461798667907715     0.7189414798783117     0.9499464162496379  4.742394822962276e-05
                   1000      -19.9611438332726    -0.2788774818771813     0.7267613412118625     0.9563966280117322  0.0007821134344493752
                   1000     -24.38299179077148     -0.327728271484375     0.7155974131300545     0.9488073889510289  4.435124728745693e-05
                   1000     -24.00226020812988     -8.337142944335938     0.7152475004575161     0.9491690194250038  0.0005365546343844117
                   1000     -16.84707641601562      4.274033069610596     0.7111299170986868     0.9490516553436333      1.128341903045159
                   1000     -14.34370526205327     0.8988040575102134      0.697526124599386     0.9605918591844725      46.74055259836516
                   1000      -21.2536852069976     0.2028378111140473     0.6822810154509846     0.9717959213174141   0.007670613292248709
                   1000     -14.45065402984619      9.640752792358398     0.7019195265560358     0.9498433000603121    0.01502227344710145
                   1000     -14.23752593994141      3.432747840881348     0.7002026918854535     0.9476889448192154      1.993447832213595
                   1000     -15.16272068023682     -2.533921718597412     0.6976896191198964     0.9489217989569678      14.97966854637053
                   1000     -24.41297149658203     -6.688790798187256     0.6943459563380667     0.9448133120926469   9.61091909235372e-05
                   1000     -15.70481300354004     -3.198806762695312     0.6884122666450582     0.9470062951846248      9.050133255025353
                   1000     -17.97899836169693      12.96722555298349     0.6531529195780932     0.9710170876001438     0.5461921701641625
                   1000     -15.65460395812988      -1.26471996307373     0.6831416125442432     0.9451517849040283      6.465060937861426
                   1000     -4.672968864440918     -2.236933708190918     0.6828117810663282     0.9448552517679077  3.726201052794741e-05
                   1000     -17.28617286682129      13.90282821655273     0.6802599303749877     0.9425700962412561    0.08045035745087301
                   1000     -16.63169959316299      8.162188159214407     0.6656504639072559     0.9412796486108898      3.779640512280167
                   1000     -21.75456101173324     -2.834068475375993     0.6927801418020764     0.9346520337262069     0.1304677293144158
                   1000     -15.51452732086182      6.642096042633057     0.6627965946392909     0.9296999372673775      2.414526563892197
                   1000     -15.34993432882526      9.917191509933598     0.6515186645828254     0.9294127041368839     0.5561108123688105
                   1000     -13.91959772537821     -3.960633017616275     0.6980795384729211     0.9339445716578433      203.7642507725936
                   1000     -14.33478927612305    -0.3804855346679688     0.6492576200145824     0.9284554636558081      54.09375562077225
                   1000     -15.85614681243896      2.996311187744141     0.6436080732799249     0.9264365734184987      6.708978095845363
                   1000      -5.30956506729126      2.612478256225586     0.6428446990379408     0.9260787237367643  4.038114207453174e-05
                   1000     -23.94286918640137     0.8504600524902344     0.6403243247307752     0.9268938458391093  6.248857424523612e-05
                   1000     -17.79570198059082     -2.947379112243652     0.6400779932779803     0.9271609526038794     0.1733021209261043
                   1000     -23.76744651794434      16.76840209960938     0.6383276463076376     0.9281502365350977   0.002903624125860808
                   1000     -15.32787340116847     -8.039025647509769     0.6525251744584986     0.9448746977875722      21.44486825437827
                   1000      -22.3588981628418     -1.639511585235596     0.6348390709354472     0.9278183543637842    0.01330832485763139
                   1000     -18.55397796630859      8.512152671813965     0.6330677118878439     0.9267574651750585    0.03155674149749973
                   1000      -23.0677375793457       15.6722412109375     0.6317234805450853     0.9283374716532269   0.007055578141744214
                   1000     -17.74889373779297      9.992992401123047     0.6308892721570021     0.9284449271671414     0.3278809165747509
                   1000     -24.30157279968262     -3.700355529785156     0.6255542541367928     0.9276330987712389  0.0002351089408747759
                   1000      -18.6180534362793       12.0305004119873     0.6227418184249757     0.9303267319913372     0.2062493661088123
                   1000     -19.78019142150879      15.55828094482422     0.6156106363048116     0.9257751059296238      0.021558979665652
                   1000     -25.36266326904297      12.49538803100586     0.6129731217752458     0.9237660688290793   4.56330777484358e-05
                   1000     -18.06401824951172     0.1002545356750488      0.610421524537227     0.9210904666973045     0.0133621146219235
                   1000     -16.76620674133301      -3.24396276473999     0.6065023226692176     0.9149234200652794      1.619458615596728
                   1000     -15.14921092987061      16.22319602966309     0.5991710058450873     0.9128919037705033  6.597872377712615e-05
