#! FIELDS time deep24.node-0 deep24.node-1 sigma_deep24.node-0 sigma_deep24.node-1 height logweight
#! SET action OPES_METAD_kernels
#! SET biasfactor       12.02723625380408
#! SET epsilon   2.008904905162975e-06
#! SET kernel_cutoff       5.122093479753262
#! SET compression_threshold                       1
                  12510    -0.4952554702758789      15.72510147094727      8.471326441367678      7.107452315908995  5.979173072774215e-06     -12.02723625380408
                  12511    -0.1611921489238739      15.31567001342773      7.245394996349503         6.076722293982      1.364482260684986   -0.00223231982987069
                  12512     -18.16101264953613     -11.51789855957031      6.949849464670491      5.849314255827115   1.14730143085418e-05     -11.76830735795441
                  12513      -19.3679313659668     -5.148719787597656      6.711542927893637      5.723662250064252  0.0006726497078444354     -7.753687062933144
                  12514     -18.01715660095215      -1.87621021270752      6.487268636073628      5.561855633270985    0.01022789572815098       -5.0947019606389
                  12515     -18.91795539855957       -5.4969801902771      6.259182247742465       5.37379714513879    0.04926030201335135     -3.592891376740563
                  12516     -16.90567779541016     -1.399352550506592      5.961463796090323      5.120824081308792     0.2437711130033147     -2.090733050317428
                  12517      8.595251083374023      12.45624923706055       5.47823217329348      4.709298805765142      2.371142003203155    0.01585424453303818
                  12518     -15.16953754425049    -0.8287558555603027      5.237093648496868      4.498634575108241     0.6271041283652364     -1.404940986669986
                  12519      3.303637742996216      15.71867656707764       4.97403798502082      4.269471360059615       4.40473129071353     0.4405623262484504
                  12520      17.45179176330566     -17.01208877563477      4.957018975346846      4.291164823545936  1.692430017080265e-05     -12.02723625380408
                  12521      15.68199634552002     -11.41345977783203      4.967852753044847      4.268895269515473  3.666030739506332e-05     -11.25731207945151
                  12522       18.9293384552002     -10.05264186859131      4.951705984523237      4.225828202869226  0.0001232719630872852     -10.05800906362124
                  12523      15.59004592895508     -10.37849044799805      4.916065262029792      4.156748241664445   0.000467321024162167     -8.749091484257475
                  12524      16.53246879577637     -3.715460777282715      4.863834285749771      4.089493186452289   0.006267750429986148     -6.179928578870673
                  12525     -16.38702392578125     -16.56375694274902      4.795626374914121      4.079429067759745    0.01683928133475368     -5.208218500943526
                  12526     -15.93428134918213     -5.251073360443115      4.643553227607775      3.937156386638383      1.299013912694665    -0.9302948922948403
                  12527     -11.46096706390381      8.424209594726562      4.565516579017399      3.852027737611875     0.3485854076318154       -2.2845795721963
                  12528     -17.51863670349121     -0.472722053527832      4.394502559503374      3.689266354365437      3.519722976317004   -0.05367468229587696
                  12529     -18.72764015197754      -7.78015661239624      4.232838687433802      3.551674414549034      3.622594613949739    -0.1003564045610128
                  12530      2.370950222015381      15.77577686309814      4.184911705381704        3.5413150349158      9.205070679246402     0.8178993071201176
                  12531     -17.83886909484863      2.958870887756348      4.048012070224101      3.443969325462334      3.633772455770576    -0.1727169824130867
                  12532      2.775370836257935      15.61026000976562      4.022106995870134      3.426357692520129      14.01983532598032      1.165937900592974
                  12533     -13.23711967468262      7.207528591156006      3.942560806209876       3.37920537602041      1.420547960730992     -1.157325194666725
                  12534     -14.40000534057617      4.917829036712646      3.837899569156678      3.290702884134385       3.81060619389218    -0.2240242318918421
                  12535     -17.97437477111816      1.467799663543701      3.742061183776448      3.194798182895001      6.372134709687593     0.2352561015842281
                  12536     -18.34540367126465     -4.743054389953613      3.656295622931991      3.107824286717657      5.857701507996147     0.1002917689191044
                  12537     -18.45739555358887     -2.590128898620605      3.570924018632628      3.024553114970458        10.014315429538     0.5857644246135156
                  12538     -4.684370517730713      13.32153224945068      3.499460785290398       2.96674668354009      3.536662552665137    -0.4945805730030495
                  12539      0.660345196723938      17.12946319580078       3.43077444553558      2.928344980378592      12.77578660937975     0.7569362115179905
                  12540      5.062888622283936      18.63945198059082      3.364071655873508      2.888262301865355      12.03616415386481      0.663883952893627
                  12541      5.392804145812988      16.83088684082031      3.306335965948044      2.852108414461795      15.58478144518702     0.8923550936731623
                  12542      4.925817489624023       17.8820972442627      3.270916959557334      2.831045536188175      22.53554805097906      1.242971499361779
                  12543      3.519611358642578       15.2205924987793      3.235428579907776      2.808484283769793      25.89320771987683      1.362948093827504
                  12544      4.336448192596436      16.53902626037598       3.20760515576821      2.790337979668455      31.53283707748125      1.544877850552743
                  12545      2.839958429336548      17.27206039428711      3.169503697275099      2.760939904570463      33.44960726656967      1.581347297060123
                  12546      8.728593826293945      11.29648303985596      3.127571298587782      2.724049833607392      4.661355636012658    -0.4161561710322412
                  12547      4.408340454101562      17.31962394714355      3.094203917692862       2.69230544122901      38.67298954401418      1.677231008430666
                  12548     -7.582437038421631     -24.95276260375977      3.070580575480292      2.727761159050834  0.0002498205924061049     -10.26725861604755
                  12549     -3.227495908737183      14.94982528686523       3.03252831162823      2.708911139165258      7.753990183487478    0.05631210291602827
                  12550     -17.15725326538086    -0.8288893699645996      3.008449792248081      2.675677363048718      7.058207300989086   -0.05802033776544626
                  12551     -4.690589904785156       16.9824104309082      2.978208233326114      2.643856624936289      5.346036665781869    -0.3579229028009286
                  12552     -15.14615535736084      1.225637674331665      2.948666390688689      2.612329388557203      6.468911659361026    -0.1892357411853284
                  12553      11.03689384460449     -3.815239667892456      2.927951265848387      2.594040975180378   0.001988045162313085     -8.290922548539166
                  12554     -10.03038692474365      10.03900051116943      2.914642898182474      2.580080949076381     0.8000672795857054     -2.303330302614126
                  12555     -9.816946983337402      7.942703247070312      2.888087066149941      2.554384226714534      1.338737842826887     -1.807706111347348
                  12556     -17.45101356506348      0.940269947052002      2.849518229758404      2.516373792026987      11.44465170812532     0.3096524240566049
                  12557     -9.823296546936035     -23.69876861572266      2.831350416328087      2.564483004341991   0.001053902487940855     -8.970583600710809
                  12558     -18.23660469055176     -5.499404430389404      2.808457666356578      2.550091450289573      7.049837759595571    -0.1760696440857458
                  12559      -6.77796459197998      11.08475685119629       2.79013639185636      2.529537758791169      2.016323193824175     -1.442436214307277
                  12560     -8.088759422302246      11.05033588409424      2.763884957495806      2.509435357906658      2.292485602218596     -1.331507229818745
                  12561     -16.94021034240723      2.425377368927002      2.727547647245303      2.475237805985846      12.74776966911713     0.3572567821106404
                  12562     -9.621146202087402      7.650607585906982      2.708015345307447       2.45330294962573      2.317467852291571     -1.363712501018198
                  12563     -14.95725250244141      3.444766521453857      2.672234518044947       2.42151039135393      11.96714370498364     0.2516324359654391
                  12564      7.757072925567627      7.042376518249512      2.671166814234238      2.429581591201141       1.27169407188206     -1.987254558356378
                  12565      13.65218639373779        -19.69580078125      2.676861574186707       2.42901748130059  0.0001026930454946033     -11.40947318790877
                  12566      14.61350154876709     -3.264422655105591      2.683003338991691      2.451218771363575   0.004336947129201922     -7.654901359019082
                  12567      17.70535469055176     -15.73385524749756      2.688985289942916      2.439310974198511  0.0002937437150369995     -10.34976229842008
                  12568      13.67802715301514     -9.029877662658691      2.687599843402336      2.446571368814697   0.002384693746379401     -8.253187352877061
                  12569      12.80949687957764     -15.79746913909912      2.692252917128082        2.4418937258754  0.0003475990316529708     -10.17914766487187
                  12570       14.8913049697876      -6.57106876373291      2.684433264773018      2.428688339637422   0.006355670142563414     -7.281425892553526
                  12571      16.23372650146484     -18.61356735229492      2.677583657318202      2.415518400092618  0.0003311635305373065      -10.2439084934056
                  12572      9.437885284423828     -1.578614950180054      2.666465021432721      2.400676390822041   0.008614893998627197     -6.995597481696165
                  12573     -2.321118831634521     -22.84092712402344      2.653907409339047      2.404783670530629   0.000193958627642205     -10.79221161218691
                  12574      14.21836566925049     -21.40219116210938      2.642283274346911      2.401892875703241  0.0003197000940850265      -10.2980655915725
                  12575      8.668487548828125     -19.82430458068848      2.626276007486151      2.407155601919954  0.0001488528890655882     -11.06637831181272
                  12576      5.488380432128906     -23.51825714111328      2.609882620745798      2.410405497960772   8.74502730963551e-05     -11.60317892511022
                  12577      7.412113189697266     -22.46734809875488      2.594322902899163      2.410899696928744   0.000230959279027593     -10.63778251803493
                  12578      8.510272026062012      0.636817455291748      2.581132022361353      2.402908731233245    0.07365439769971027     -4.881302309833766
                  12579      11.76891136169434     -1.518448829650879      2.568940833372859      2.394014344114636    0.03443545350226038     -5.650042263272472
                  12580       12.6374397277832     -22.58403778076172      2.556050707814774      2.384167070395995  0.0005081526911547304     -9.875254309425872
                  12581      18.37112426757812     -16.10798263549805      2.543565318359806      2.375436458778105  0.0007948355968855304     -9.436466231576526
                  12582      14.76990795135498     -8.585397720336914      2.529862295822455      2.373666574606927    0.01084667781742548     -6.829134656231417
                  12583      11.14012145996094     0.3158471584320068      2.516505458154159      2.362744457520189    0.09526564015254117     -4.666229940769102
                  12584      13.47055721282959     -22.08772468566895      2.504231416089988      2.355033764690743   0.001193966931056474     -9.053775956664809
                  12585      17.11654853820801     -18.41394805908203      2.492368328591548      2.346286444251167   0.001464438926119849     -8.858054787948642
                  12586      18.27104377746582     -16.27751922607422       2.47994007827312      2.337861805324376    0.00251195608296926     -8.327061290980206
                  12587      10.85469055175781     -2.283702850341797      2.467375679382938      2.328295389937472     0.1030669159940848     -4.621924245176488
                  12588      15.24076175689697      1.611244201660156      2.454746368317342      2.318840085620425     0.0641121091190251     -5.105870410592798
                  12589      13.92914867401123     -20.84305572509766      2.441642934267963      2.311870647054219   0.002947259992873525     -8.193990137733932
                  12590      7.141324520111084      13.68426990509033      2.414744465761736      2.297684409909935      43.44884629287246      1.387240677871885
                  12591     -11.70148372650146      9.026035308837891      2.418734526695242      2.307693560913646      4.099599643797847    -0.9674565597898312
                  12592     -14.84985160827637       1.86236572265625      2.411821106615242      2.297680135964195      24.39840360752444     0.8089608609790551
                  12593      5.839871883392334     -22.87447166442871      2.428807085075019      2.292788162731103  0.0004463119626423199     -10.09516247073238
                  12594       1.38750433921814      11.68539905548096      2.403624920971812      2.278556171724056      20.77733911451743     0.6365439644432289
                  12595      8.908761978149414      14.30375957489014      2.387386178300894      2.269552920311556      35.91254663486223      1.173029773106444
                  12596      14.38180255889893      2.276966571807861      2.379597942305873      2.262460100180977    0.07277710765242143     -5.034808454473612
                  12597      10.17896270751953      2.607538938522339      2.368671042608324      2.253201108899437       0.17953045703998     -4.140568360489231
                  12598      16.06305503845215     -13.63580894470215      2.358905408561141      2.245704206980406   0.003653331717372923     -8.042737805677501
                  12599      16.83338737487793     -18.80074119567871      2.349801489063216      2.237168677974793   0.004614996015597825     -7.816741267902806
                  12600      12.57009696960449      0.644505500793457      2.340315462409781      2.228772520235822     0.2171603479160447     -3.973221468665036
                  12601      10.45071697235107      8.265796661376953      2.326415377849309      2.218898848649574      3.307951569950488     -1.260170114721041
                  12602      5.581865787506104       17.9418773651123      2.323664535746729      2.237416365157129      74.50037170498749      1.861432458569776
                  12603      6.268444061279297      1.702589988708496      2.313724567966522      2.234588533553028     0.1375714842638715      -4.43853483714964
                  12604      7.806169033050537      2.727220773696899      2.303869553358375      2.227816954231918     0.3861802947662523     -3.413677576898152
                  12605     -10.61033630371094     -18.48348236083984      2.294702665617798      2.229893228228447   0.006380421395203262     -7.519803080824579
                  12606     -2.422548532485962      16.81344413757324        2.2936651704837      2.215525875614614      23.38069788737889     0.6797127168606568
                  12607     -6.452953338623047     -21.51356315612793       2.30218708485703      2.214512791938443   0.001848341121499287     -8.762413663546539
                  12608      -15.5540714263916      -6.65162467956543      2.294245222309486      2.216231397652332      7.920164122493321    -0.4022149055273089
                  12609     -12.19742679595947      7.452188491821289      2.291424947926292      2.208337209997778      7.921525089139364    -0.4068414689097236
                  12610      12.13835716247559      5.006360054016113      2.289726557132344      2.206975442343595     0.7315882076780132     -2.790321006700464
                  12611      7.182052135467529     -22.56166076660156      2.284082762768274      2.206301274295862  0.0009920622427512032     -9.396281627694789
                  12612      -5.25392484664917       6.70168924331665       2.28453888013496      2.207801624181568      1.072885662334521      -2.40932554834723
                  12613      14.65261173248291     -20.13693237304688      2.278365763668018      2.206358390844572   0.007106216714256815     -7.429822428040613
                  12614      14.69897174835205     -20.97183990478516      2.272804182291063      2.204808283929682    0.01222678877877742     -6.890309910876917
                  12615      -2.18984580039978      15.69295787811279      2.260762241478208      2.193065180086696      34.55478593297475       1.04570935616019
                  12616      8.096397399902344     -21.96016120910645      2.255156437245082      2.198168166800146   0.002017779279334239     -8.702752961554115
                  12617     -19.61020088195801     -10.63860893249512      2.257803977220817      2.194378945194542      2.927053715450692     -1.423550854238055
                  12618      -18.5842399597168     -9.856385231018066      2.261731098365987      2.182433593547842      5.972866488811073    -0.7140408933435243
                  12619     -16.30827713012695     -17.46583557128906      2.260889927529813      2.181154309509988    0.03542553971035333     -5.842548441450491
                  12620     -18.87175750732422     -8.011069297790527      2.256486759842161      2.167758456167309       11.1678445494248   -0.09729756517916002
                  12621     -14.71593379974365      3.836309909820557      2.244452888306676      2.148514397550743      30.25464785766023     0.8850493067782923
                  12622     -16.00911712646484     -18.60435104370117      2.241207783417785      2.144916125686379    0.03862917231715969     -5.781471098172576
                  12623     -18.82846069335938     -5.525872707366943      2.230417817872907      2.129454804439162      16.71777574572777     0.2766885573583968
                  12624     -8.191119194030762      8.191783905029297      2.220022864720127      2.125987494615239      5.438987922263219    -0.8524920357884933
                  12625     -8.829350471496582      11.39657878875732       2.20872501965544      2.124204975646273      4.939744858836933    -0.9547122086947699
                  12626     -12.36419773101807      8.822957992553711      2.194173192674216       2.12026566594999      11.30419668621231    -0.1353181908242309
                  12627     -18.60017204284668     -1.370855331420898      2.179481989328802      2.102945272221472      27.66155191379501     0.7446306044701866
                  12628     -19.01961135864258     0.1214046478271484      2.164202283457433      2.084758596265213      36.35122948367628      1.002093998847107
                  12629     -11.65483474731445     -20.29787635803223      2.158462370019254      2.082523166555849    0.01576466929075179     -6.744846570462792
                  12630     -8.156916618347168     -22.67773818969727      2.153218773380001      2.088517699311412   0.005003654111587545     -7.892007333769796
                  12631     -18.21242141723633     -4.173705577850342       2.13795978668115      2.074054087611631      27.51213021752291     0.7061452694827992
                  12632      -18.0148754119873     -2.394906520843506      2.122550878951479      2.057133164880735      44.75901571997725      1.177385920499723
                  12633     -1.928804516792297      16.39492416381836      2.106849506897688      2.049866935927527      42.61597733269861      1.117358897746791
                  12634      15.76999473571777     -19.55486106872559      2.112508640264066      2.053695677495087    0.01593772639897418     -6.769388069495037
                  12635      16.13953018188477     -11.74709987640381      2.125549361623422      2.050816654522637   0.007490913231481127     -7.519635116839025
                  12636      15.16286087036133     -12.53439903259277      2.131692187186272       2.04696524152132    0.01083927683416305     -7.149143481878014
                  12637       13.0767650604248     -3.290794372558594      2.134491232563246       2.04400507181451     0.1215279028933064     -4.732310844435267
                  12638       12.1185302734375     -8.475723266601562      2.140592728094781      2.040069998125784    0.01576763968980898     -6.773567602297368
                  12639      9.844511032104492      1.800727367401123      2.143646594086741       2.03438925059586     0.5073294813666415     -3.303729504452047
                  12640      4.711330890655518      6.446440696716309      2.138381775001283      2.029026445395782     0.9878482460391645     -2.642459661295089
                  12641      3.578329086303711      17.61065673828125      2.138766036743446      2.029637300571698      85.63910199438133      1.820389200964466
                  12642     -6.516154289245605     -17.95159149169922      2.134029373861424      2.031774288566472   0.002089298180468911      -8.80184463433573
                  12643     -7.977656364440918     -11.55433559417725       2.12837872201173      2.027431742895779   0.004768312874132877     -7.981471293175826
                  12644     -7.861796379089355     -12.93087673187256      2.123010669530109      2.024010398590548   0.003910876465121846     -8.183916601462409
                  12645     -14.75874710083008     -16.96804428100586      2.118973959619029      2.020997497426587    0.05634159701191184     -5.519637909299589
                  12646     -6.973983287811279      -15.3796911239624      2.113736684242363      2.016198210055175   0.003491931939449019     -8.305468074823535
                  12647      -9.12578296661377     -22.83860397338867      2.108524695494681      2.012926417684937   0.009212381963253339      -7.33946766398777
                  12648      13.78586006164551      -5.80280590057373      2.105311259783845      2.012235337545299    0.07590938046406663     -5.232344405672875
                  12649      17.28364562988281     -13.86436080932617      2.104204365567458      2.012237867754933    0.01217364036175212     -7.063136327671653
                  12650      12.71396064758301   -0.01650428771972656      2.104256219959187      2.008783879747961     0.4378385971110523     -3.482252295928977
                  12651      9.272182464599609      3.250550985336304      2.102516602235607      2.004240930617328     0.9848629058146312     -2.674691347980582
                  12652      4.024319648742676      6.425534248352051       2.09969641604322      1.999988961863059      1.328670239966521     -2.378725874211698
                  12653      11.52002906799316      3.612371683120728      2.096089028555606      1.995686248360573      1.192959246875586     -2.490340730011076
                  12654     -15.36068725585938      0.707211971282959      2.085978798125441      1.987886549017475       51.5947749723764      1.267891709794653
                  12655     -5.875251770019531      13.17405128479004      2.085999864081221      1.981795978820657       9.61860245492559    -0.4148881645087169
                  12656     -14.22690677642822      5.119169235229492      2.076356036282509      1.972871075105439      31.38812109132347     0.7586949154636011
                  12657     -10.40297698974609      9.115474700927734      2.069398573365743       1.96811203429653      11.47478599879908    -0.2533540764547834
                  12658      4.443592548370361      18.21656227111816      2.069764376468131      1.974286390967142      102.7821661667606      1.942414713455629
                  12659     -3.503211259841919       16.6850471496582      2.055836126748126      1.969786941808873      36.29464247284044     0.8924392364760936
                  12660      -2.01456356048584      18.05087089538574      2.041603894428445      1.963286606252759      47.53053880161264      1.151889128454123
                  12661     -8.526212692260742      9.110587120056152      2.035280695751844      1.955679452482736      10.36095378390712    -0.3784232095101544
                  12662     -16.14704132080078     -17.42594337463379      2.033184266536792      1.952592446076787    0.08359145189035351     -5.200891825481595
                  12663      9.453741073608398      10.12777805328369      2.029088002868569      1.961398836188754      9.924762421943845    -0.4215616966793669
                  12664     -14.81876277923584      4.282466888427734      2.017527529763379      1.951438417265314      43.09163553069665      1.035929495455186
                  12665     -19.43534088134766     -9.234762191772461      2.014198498610716      1.952231258328044      11.27678079771414    -0.3058988113128078
                  12666       4.23996639251709      18.63375473022461      2.015236713407199      1.952149094777054      108.6814427747959      1.960249660955505
                  12667      9.715751647949219       10.2747802734375       2.01016871289935      1.948778178553868      11.89462188643853    -0.2563313166307671
                  12668      18.34657287597656      -16.8364086151123      2.009850103613235      1.947112603640354   0.009079513903858033     -7.435165848180355
                  12669      13.94231224060059     -6.037179470062256       2.01085762133502      1.946645851949676    0.08594223224878507     -5.187249731179824
                  12670       9.56044864654541     -11.87157249450684       2.01054692194461      1.945412012566889   0.003107155134492919     -8.508006076044659
                  12671      14.80124568939209     -6.157381057739258      2.009160202940801      1.944210522853161     0.1070189539556817     -4.970015430013798
                  12672           -8.240234375      12.00794410705566      2.002789682828698      1.941673679042224      7.605805473384519    -0.7108357225341386
                  12673     -9.875252723693848     -13.70805358886719      2.003663571726167      1.941206388505723   0.009427133437917743     -7.403715220186052
                  12674      14.06167507171631     -4.612496852874756       2.00190433756332      1.948771761490683     0.1929295548784751      -4.38197088147947
                  12675     -13.75763320922852        4.7766432762146      1.994917225498559       1.93847582410943      42.96673589009565      1.015091868799015
                  12676      11.90307331085205     -9.021054267883301      1.993013059162489       1.93606822647671    0.05155331964307509     -5.712670779802902
                  12677      3.467733144760132     -23.78776741027832      1.989092178669745       1.94556004772346  0.0006466247201823827     -10.08835517013751
                  12678     -12.47229099273682      2.797406673431396      1.982518329732334      1.940812403146963      39.53072139420779     0.9267137679190569
                  12679      2.914185285568237      6.332714557647705      1.981305899466326      1.941068641343301      1.179715229093201     -2.585571010653496
                  12680     -2.132707118988037      15.46297454833984       1.96930054930263      1.938720544417495      51.82960609464864      1.189829274441987
                  12681      9.593643188476562      12.51037979125977      1.960751700150632       1.93653576342033      23.02717529602269     0.3730647324673239
                  12682     -17.00911903381348     -3.956912994384766      1.953203616890775      1.929797040224248      35.04172040930446     0.7855861764793977
                  12683     -17.36640739440918     -1.551787376403809      1.950543036416276      1.918438327259314        55.681632735053      1.241430708333246
                  12684     -8.272361755371094    -0.1522557735443115      1.949154796278544      1.912868574779124      2.565323677745459     -1.839754440071166
                  12685      -18.1292724609375       -2.3219313621521      1.941721017379265        1.9058798002257       64.0240679662832      1.369938587483241
                  12686     -17.27189064025879      1.424355506896973      1.934588513802537      1.894690555846893      59.01540320542588      1.278909732060979
                  12687      13.71103572845459    -0.9671821594238281      1.935524642794972      1.897675687023401     0.3682503075371596     -3.795823079550573
                  12688     -6.183337211608887     -11.57567119598389       1.93295159432698      1.896776620539745   0.003993144680774092     -8.321811058506896
                  12689     -16.83565902709961      -16.2213020324707       1.92853161424093      1.896015329273905      0.110096754608597     -5.007721260565227
                  12690     -17.25028610229492     -15.53993606567383      1.927704264083842      1.892175084947107     0.2033662419620264     -4.396528906162566
                  12691     -12.41614151000977      7.058485984802246      1.920827720206818      1.889168235686131      21.79898854281758     0.2729174855971971
                  12692     -11.44730854034424     -22.13553047180176      1.917076102758674       1.88914831722051    0.01087771721784518     -7.331950538930945
                  12693      4.741008281707764      4.622648239135742      1.920362126327003      1.891365595656404     0.9979296853886226     -2.810098508090909
                  12694      9.246273040771484      -2.60471248626709      1.926653811195324      1.887950613892195     0.1754898023383648     -4.546736641694161
                  12695      18.63503456115723     -12.58029747009277      1.929428958726211      1.884944474488835    0.01124373643889742     -7.294660548261579
                  12696      16.31245994567871     -16.11440849304199      1.933439298810968      1.881327906608181    0.01575582126213896     -6.957106008816333
                  12697      11.37240028381348        5.9325852394104      1.933678803169751      1.877953984585378      1.837652644279233     -2.199742725962715
                  12698      14.67927551269531     -10.62201499938965      1.934547887089506      1.874250599763105    0.03706493698376109     -6.104840231213374
                  12699      13.00983047485352      1.561997413635254      1.932357781821926       1.87156012504571     0.8475426026462384     -2.977739820635658
                  12700      13.62794589996338     -12.77841567993164      1.931216731911611      1.867939945996834    0.02462651099170837     -6.518784236634898
                  12701        11.925368309021     0.6216113567352295      1.929301824118174      1.864123050388358      1.157572923824076     -2.671564505997357
                  12702      14.65942764282227     -8.584092140197754      1.927642719550492      1.860586471176461     0.1052053500634591     -5.072490439849777
                  12703     -2.340475082397461     -21.70712471008301      1.924385443069684      1.861422303218807  0.0006532781843588358     -10.15539889727904
                  12704      7.675868988037109     -23.10746574401855      1.920878995845776      1.864964413894324   0.002393390351294079     -8.856858426393288
                  12705      5.750394344329834     -24.23032569885254      1.917288941989555      1.867095584113004   0.002339144748771821      -8.88051259836725
                  12706      3.547347545623779      15.75903987884521      1.915041732741602      1.871331116689336      109.4393157494366      1.873920692574396
                  12707      16.70402526855469     -12.59044647216797      1.912340134027951      1.869846155427426     0.0358477673178297     -6.152129070172019
                  12708     -2.366949558258057      15.32180976867676      1.903166882665567      1.867387969495773      61.82000306455103      1.294447983242298
                  12709     -18.53090286254883      -2.08046817779541      1.900783538851254      1.864088923604786      80.34952678376506      1.553585884999507
                  12710     -16.56416320800781      -11.6696949005127      1.904884597784944      1.862551489804786      2.996497087475493     -1.734026215169149
                  12711      -15.6951150894165     -19.97386932373047      1.908781561966958      1.860677161040962      0.067263503303923     -5.529570817346671
                  12712     -15.60001564025879     0.6352486610412598      1.905329474810574      1.853585148682715      75.33507224878254      1.485883492838173
                  12713     0.4058828949928284     -23.76955413818359      1.904226375673028      1.853545103693516  0.0004488028850831588     -10.54558980228517
                  12714      1.287438869476318     -24.44632530212402      1.899983662060849      1.855691881032141  0.0007629315273664115      -10.0160783052923
                  12715      3.756816387176514      15.55628776550293      1.900518291654855       1.86015926047708      123.6783384045724      1.982633963457882
                  12716      6.035484313964844      10.74765300750732      1.893867901764869       1.86693706006181       18.8779037262408     0.1030735933016684
                  12717      7.078666210174561     -21.41764068603516      1.893373593999329      1.865525164312958   0.003301673872138483     -8.549261822636677
                  12718     -3.712083339691162      10.91353034973145      1.890973175450425      1.864860642736731      7.135118726352826    -0.8725321057923324
                  12719     -7.130570411682129      11.80950546264648      1.886186629821041      1.866718855623544      9.053040005912703     -0.635998913389325
                  12720     -7.047092437744141       15.0073184967041      1.881251412768586      1.867504024603093      11.13972743469979     -0.430781168161079
                  12721     -7.283028125762939      13.20501899719238      1.876128417018632      1.866646960966184      12.34420036167489    -0.3312985290505254
                  12722     -2.810528039932251      17.76983070373535      1.868089108333561      1.860334930550459      60.20493750693366      1.245588021560189
                  12723     -3.435678005218506      15.34841918945312      1.859487858787263       1.85861019580435      69.40533448524353      1.382254908598802
                  12724     0.9122214317321777      15.91643524169922      1.853202058987713      1.853675149162015      99.98292894028708      1.741245753327657
                  12725     -12.20340156555176      8.691591262817383      1.847873059072117      1.852187485298061      15.80914960538229    -0.1068474223665056
                  12726     -18.20600700378418     -2.608468532562256      1.842896680941424      1.843519140413971      80.40485982925759      1.512250629455073
                  12727      12.34383201599121      5.858517646789551      1.841073725332684      1.839801050141346      1.544525284538049     -2.443115936095228
                  12728     -13.32317733764648     -21.40512466430664       1.84065553183008      1.846287588564092    0.02327110883418444      -6.63508289114515
                  12729     -9.801948547363281      7.809813499450684      1.837785746058688        1.8422077741912      14.97054921242326    -0.1722278656942952
                  12730     -12.44696235656738      8.173933029174805       1.83148153524392      1.837479454512313      22.00659478134488     0.2070232347857459
                  12731     -19.06503868103027     -8.893218994140625      1.829191501084157      1.832619096296444      12.13319575992293    -0.3922735708742083
                  12732     -12.87360191345215      7.059338569641113      1.824010124677687      1.825699749285328      30.27843689039139     0.5155976569614121
                  12733      4.485990047454834      12.20741271972656      1.817753089340387      1.821622980379557      36.96428940173771      0.709442389863655
                  12734      18.26333236694336     -9.867496490478516      1.818931446407744      1.818740373656376    0.02377061406304795     -6.640750722698577
                  12735     -12.86553192138672      4.965927600860596      1.814181198236401      1.812969625049832      43.43648594815468     0.8640612624289556
                  12736      1.915684938430786      -21.5698184967041      1.812914834740191      1.817410007057596  0.0007275911650212431      -10.1312618122986
                  12737     -14.72451686859131      4.023813724517822      1.806600808120434      1.816186287718082       63.9039950363375      1.247728880184711
                  12738      2.779689073562622      14.54277229309082      1.800206236182924       1.81155190159079      95.43446839292697      1.642686004530683
                  12739      10.21096801757812     -3.305756568908691      1.800425986671758      1.808658318934666     0.1988421817736593     -4.532474147675426
                  12740      17.92354011535645      -16.1895694732666      1.803353886526007      1.806204084216999    0.01712415500730987     -6.984228513862396
                  12741      14.05511474609375     -8.842300415039062       1.80762405571462      1.806298302068093     0.1048610434877102     -5.169665208612348
                  12742      17.95434379577637     -10.85766887664795      1.809508124956781      1.803638008657818    0.03418328195258111     -6.290996719616754
                  12743      13.27435302734375    -0.5197653770446777      1.809693059762487      1.802112754012014     0.7965687170180208     -3.143163828839918
                  12744      14.19647884368896     -13.14679145812988      1.808610324643297      1.799815225755245    0.03404766250378786     -6.297590045140895
                  12745      10.40871334075928       8.61301326751709      1.806656147044286      1.798765148477951      6.657661588480667     -1.023492513676916
                  12746      3.085402488708496      15.01250457763672      1.801044487268297       1.79606861091602      113.7253285014821      1.809914151861376
                  12747      -19.2456169128418     -3.836538791656494      1.798679194438486      1.789954090852544      57.04593697356758      1.115260513035328
                  12748     -10.66804122924805     -21.47113037109375      1.800137997541208      1.793253692381537    0.01601381991068521     -7.060247111490793
                  12749       4.57088041305542      18.14205169677734      1.797859058563565      1.793301115054601      127.3468892808503      1.919730510750651
                  12750     -1.484382390975952      16.32265472412109      1.790310707331135       1.79189972300106      82.40855518693053       1.47951586706981
                  12751     -12.19239902496338      7.274263381958008      1.786571561113236      1.786794553410632      32.84549812496164     0.5546974800065585
                  12752     -6.424967288970947      10.86940002441406      1.783519749481308      1.784046944265849      9.260566513186753    -0.7146005563099339
                  12753      9.907341003417969     -14.45977592468262      1.781536076042297      1.783744965916708   0.002892952114404034     -8.787125710190743
                  12754     -14.09485340118408     -13.13100051879883      1.779389647303373      1.790740583433586     0.3549732610821829     -3.974652063144409
                  12755     -17.86285972595215     -2.771492481231689      1.777802920173019      1.783745605150673      86.64667455596742      1.518093422233006
                  12756     -18.56503295898438     -7.742458820343018       1.77643989247571      1.782977291846864      19.36744599966296    0.01865059062281117
                  12757     -18.78099060058594     -2.206420421600342      1.773276295934525       1.77603345841313      95.40359818438465      1.607488699686359
                  12758     -10.50505352020264       9.98444938659668      1.769541753557618      1.771954480838567      16.68300476402269    -0.1406446256398743
                  12759     -15.53131008148193      1.786917686462402       1.76275362212995      1.766381935923772      65.47913348476631      1.219703085438366
                  12760     -4.501103401184082     -24.57802200317383      1.760765196858138         1.770743360515   0.001167648538797974     -9.713454355487631
                  12761     -17.43211364746094     -1.458550930023193      1.755724745892615      1.771538533905419      109.1977916612583      1.730052041055888
                  12762     -13.90911769866943      4.979953765869141      1.749123942692215      1.766957295453136      59.73127428493096      1.120390895553468
                  12763     -14.56638240814209     -16.90662956237793       1.74730825493107       1.76492227883551     0.1218311570006525      -5.07677496199452
                  12764      -17.8988094329834     -14.65217781066895      1.745575096066095      1.765256455979068     0.4567386888684735     -3.756102727124313
                  12765     -16.33833885192871      4.106959819793701      1.740048626351249      1.760361572754596      58.96000499301392      1.098452689911481
                  12766      -17.4519157409668     -15.48529148101807      1.737330904023951      1.760126386571617     0.3537644864883299     -4.019227219024488
                  12767     -12.46517658233643     -15.89831256866455      1.734561083099055      1.764044621954737    0.07072259573263896     -5.628465429135788
                  12768     -14.75877285003662      4.959285259246826      1.728628750916394      1.757872044347986       69.9001298498527      1.260661054718841
                  12769     -16.26445007324219     -13.14325714111328       1.72614076535401      1.756617868385086      1.173696461459879     -2.828402351672175
                  12770     -16.30582046508789       2.81278657913208      1.720006028823868      1.751366744054435      76.47620735790947      1.341865024511562
                  12771     -12.33165740966797      -19.3170280456543      1.717384568164268      1.749913742277214    0.03013713774957641     -6.499466953925722
                  12772     -16.38189888000488      1.926700353622437      1.711212384940396      1.745440470493172       87.4766979281232      1.467742578578366
                  12773      14.03958988189697     -20.86025619506836      1.713606026315653      1.746949824609188    0.01242103813355817     -7.389731301707405
                  12774      -5.12525463104248      -8.34412670135498       1.71404036110105      1.746554393311243  0.0007853368794016822      -10.1507384184297
                  12775     -3.338613986968994      -11.0540075302124      1.711240377551755      1.743692022528398   0.001052524460305286     -9.861179489309423
                  12776     -10.45975780487061      4.050273895263672      1.706761325004834      1.739266241293215      19.43428022951739   -0.04273946322737304
                  12777     -7.068253993988037     -14.60803604125977      1.703845790112311       1.73651286907028   0.004793269829919505     -8.353614462757575
                  12778     -3.954963445663452     -3.357166767120361      1.700978312549222      1.733867740824942    0.01703226139091058     -7.088926768222383
                  12779     -18.34025955200195     -3.462947845458984      1.695323250985329      1.729499872071693       102.282499437288      1.605605365266841
                  12780      6.351968765258789      5.762029647827148      1.694121269858624      1.733159014349255      1.390537159401914     -2.691038865821177
                  12781      8.765237808227539      5.083002090454102      1.696381190228051      1.731610842609861      1.649055818270695      -2.52008666722605
                  12782      9.121728897094727     -11.48298263549805      1.700573424820877      1.730506465667602   0.006220950070029352     -8.098291944911145
                  12783      10.48736953735352      9.638725280761719      1.701474706098343      1.730132379659458      9.667471429137755    -0.7493788647254247
                  12784      11.94987773895264     -2.996199369430542       1.70353400849687      1.728078222944731     0.3980035380295021     -3.939418453819737
                  12785      5.524425983428955      2.292654514312744      1.702616036274272      1.726243904867707     0.5133606174804999      -3.68650184339904
                  12786      17.02205848693848     -15.85326290130615      1.702544560110708      1.724113637466229    0.02448014073478618      -6.73089498395771
                  12787      17.51924324035645     -8.610865592956543      1.703837883713671      1.721761938730485    0.04923423949470545     -6.032773466821224
                  12788      7.587764263153076      2.442450046539307      1.703396789287727      1.719978723978098     0.9144794791766285     -3.112302889671727
                  12789     -2.877739191055298      7.455538272857666      1.701568458597607      1.717751814596447     0.8953490287641187     -3.135813789419914
                  12790     -7.284281730651855     -19.39350128173828       1.70299391527414      1.717238055252579   0.005259028221898629     -8.272542899598953
                  12791     -16.32099533081055      1.122463226318359      1.700036931895083      1.716450086913567      107.7408130164395      1.652797765191498
                  12792      11.37105274200439      7.861380577087402      1.698976951672939      1.714288102177515      5.652108968185991      -1.29678601402121
                  12793     -9.942254066467285      8.995805740356445       1.69591067220776      1.714231649044622       21.9562406614818      0.058397311495187
                  12794      10.45296287536621      11.00907707214355      1.692910825703356      1.714577527732873       14.9443330067646    -0.3278906236372363
                  12795      5.856594562530518      6.699986934661865      1.691566331254137      1.711991913057645      2.444540326989691     -2.140669351800277
                  12796      14.42271614074707     -21.42319488525391      1.690964325217304      1.714543844646192    0.01658495483818645     -7.132652220044006
                  12797      5.820632457733154       16.9735164642334      1.687120124400309      1.714327544846811      127.7353854075486      1.814165802466378
                  12798      11.92556285858154      3.618952751159668       1.68605739706843      1.713169512580863      1.502019583092799     -2.630290264075621
                  12799      17.49975776672363     -9.478518486022949      1.684929350352026      1.711679315074895    0.06191988186650997     -5.820554307664105
                  12800      18.45476722717285     -12.41503143310547      1.684223296474421      1.710677109211324    0.03765308209542748     -6.318985626682768
                  12801      13.90700912475586      5.803953170776367      1.682327038667778      1.708258763831103       1.23347189464406     -2.832353494986027
                  12802      12.01729965209961      9.303310394287109      1.679814580693111      1.706251806946111      8.575625986057331    -0.8959324793519698
                  12803      7.296512126922607       14.4166431427002      1.673898170281099      1.704890868373569      68.07025107496244      1.171357589156734
                  12804      8.480121612548828      13.54243659973145       1.66859053630105      1.703832441289414      45.65873987941072     0.7682154849507711
                  12805      10.46689701080322      11.75602531433105      1.664475039800562      1.703577480166658      21.24973690467851    0.00074580797124033
                  12806      10.00586414337158     -2.926860332489014      1.661851500182849      1.701309452297716     0.3270215258278149     -4.176237647728687
                  12807      4.809090614318848      7.120235443115234      1.659051641564311      1.698675918275453       2.62919738548715     -2.095065090858462
                  12808     -1.301063299179077       14.1129846572876      1.653776483157857      1.694668101601148      58.08550573875602     0.9946255948328502
                  12809     -10.72501850128174       9.69642448425293      1.654974698183495      1.690916330156933      23.64956795138194    0.09456222743864985
                  12810      17.99584197998047     -18.13511657714844      1.653730224302421      1.690571138934099    0.01706936687623137     -7.140208859244166
                  12811     -17.61251258850098     -1.564022541046143      1.652843408356835       1.69471356759277      133.6385879602451       1.82731094519834
                  12812      3.940253734588623      8.838994979858398      1.653923742926737      1.692372300761597      5.952974684267241     -1.284666123333051
                  12813     -13.77079677581787     -15.82432556152344      1.656094917714957      1.693679269291402     0.2148412809645112     -4.604329063508528
                  12814     -11.44990921020508       9.53948974609375      1.657087533239245      1.690648189919441      28.49560286392001     0.2820844243273845
                  12815      15.73388862609863     -9.224447250366211      1.655271335180697      1.690592111894625     0.1055056640870304     -5.317785794382178
                  12816      12.07086181640625     -7.694923400878906      1.655445094005696      1.693249793541828     0.1087571783327158     -5.285756983388822
                  12817     -17.84161758422852    -0.8714790344238281      1.653561538499809      1.690209391070943      142.4882655754754      1.889204611958848
                  12818     -18.44912910461426     -8.020702362060547      1.655284772288115      1.688397117848337      18.93462885086165     -0.129093778976691
                  12819     -13.36873722076416     -16.80409240722656      1.657415016018686      1.687905300574649     0.1630293785277883     -4.882916324312646
                  12820     -10.76374340057373     -9.681088447570801       1.65537140473628      1.687393427511686    0.02169808870653117      -6.90115964394645
                  12821     -5.061064720153809     -7.287528038024902      1.653053078491377      1.685375017022693   0.001249025669183357     -9.758618395150608
                  12822     -8.631051063537598     -9.413181304931641      1.650788488145149      1.683627943357262    0.00554863781527115     -8.269837748190524
                  12823     -3.872835159301758     -6.627369403839111      1.648642384535596      1.685255459894325   0.001971732722372356     -9.304812184457823
                  12824     -4.806760787963867     -6.379586219787598      1.646397890436424      1.683145063561106   0.003556488170815541     -8.717566708842513
                  12825     -4.794872760772705      -15.4029426574707      1.644009797497847      1.681126619314318   0.002533689077427752     -9.059315402042433
                  12826     -4.177114486694336     -10.95009326934814      1.641651552975501      1.679000988291687   0.002324647759142765     -9.148123935230258
                  12827     -6.272294521331787      -6.95753002166748      1.639272365428054       1.67666829501308   0.003638514595423769     -8.702957557097008
                  12828     -6.254424571990967     -8.985641479492188      1.636908294908455      1.674410988420722   0.004292040439653161     -8.540561229507595
                  12829     -5.293378829956055     -2.968464374542236      1.634535015894172      1.672204962525732    0.07907613200250935     -5.629681660677284
                  12830     -5.554746627807617     -11.85441780090332      1.632176683311535      1.670038205339007    0.00539565047759769     -8.317240029640466
                  12831     -6.821833610534668     -6.404605388641357      1.629839281418132      1.667756200638616   0.009223013107545506     -7.783931882066529
                  12832     -10.43118858337402      8.311527252197266      1.625605561780844      1.664436488228787      37.41709759763395     0.5196558466950951
                  12833      5.995088577270508      13.81110572814941      1.621365337340825        1.6663558424756      94.28615037028867      1.442403089383093
                  12834    -0.7273556590080261     0.8016758561134338      1.619759413083219      1.667047238548695   0.005296660099514568     -8.345186187050182
                  12835    -0.6200599670410156        7.1786789894104      1.617733379637053      1.666100942934652      0.796269113446938     -3.334144843683546
                  12836     -6.644218921661377      12.89111518859863      1.614547629005866      1.665162417969744      15.02430063909928    -0.3991925172653024
                  12837     -8.844532012939453      11.97833251953125       1.61126833838825      1.664375823912487      16.02885682169879    -0.3369764502472504
                  12838     -4.511549472808838      14.31331443786621      1.606845538683089      1.661921742595745      41.49203118248762     0.6099100337833819
                  12839     -18.72076416015625     -5.354102611541748        1.6028980773155      1.657325998461643       64.7214704337019      1.049272812143756
                  12840     -18.59052085876465     -5.259100914001465      1.599177340502955      1.657443061102998      77.91378705144896      1.232529417550114
                  12841     -15.13517761230469     -4.076755523681641      1.596733332902527      1.653424025515308      44.41024387809729     0.6664394120907046
                  12842     -16.80453109741211     -14.69717216491699      1.595839320588106      1.652359407867275     0.7811353428003542     -3.375241750288131
                  12843     -2.224822521209717     -7.146964550018311      1.594326935488029       1.65235816194339   0.001988935221079507     -9.349339657105901
                  12844      -14.2524995803833     -6.783225059509277      1.591810210171018      1.652463903336374      8.418221837949449     -1.000300991439493
                  12845     -2.555822134017944      5.254886627197266      1.590022749418677      1.652030529035295     0.3036975735944514     -4.323808346214673
                  12846     -1.803159713745117       7.60859203338623      1.588874923769579      1.650391490689924      1.115638618414365     -3.024373238282228
                  12847     -8.668778419494629       10.4552116394043      1.585568792030087      1.648029772945156      25.16176364459336    0.08801029756399691
                  12848     -3.562578201293945      9.035690307617188      1.583172509701176      1.647900566093375      3.128794356682447     -1.998258342937609
                  12849     -11.15989971160889      8.527936935424805      1.579364090625494      1.643761289821424      47.88573995707608      0.724988203953753
                  12850     -12.55054950714111     -18.88179779052734      1.577632393972808      1.642366356327543    0.07387753704146537     -5.751122049759449
                  12851     0.1908615231513977     -22.77564811706543      1.575777153103412      1.648193839435005  0.0009200122354727757     -10.13453389055786
                  12852     -12.19397449493408      7.783305168151855      1.571936089216946      1.646216208269399      60.84675588151052     0.9613070608018951
                  12853      14.13182163238525     -4.219473361968994      1.571277019327169      1.644825090537384     0.2915062973683373     -4.381009871318501
                  12854      18.51840972900391     -15.63294410705566      1.574708115122269      1.643324346977772    0.03069835032561263     -6.630594127467342
                  12855      11.20631408691406     -1.623739004135132      1.576942444291325      1.641625436361691     0.7686570353610797     -3.409774644383141
                  12856      13.52644062042236     0.1578683853149414      1.579294418534048      1.640469276330223      1.087828401063272     -3.061694990543941
                  12857      16.33876419067383     -19.07583236694336      1.580867357019035      1.639965744931087    0.02473087730271247     -6.844892640586758
                  12858      -1.71760094165802      17.67041778564453      1.577884331764866      1.638310375868939      78.64198039170194      1.216817101190805
                  12859      2.445537567138672      16.62599754333496      1.575337283753405      1.639703005776767      163.8503634868663      1.950099194034083
                  12860      5.542058944702148      18.68460273742676      1.571080885132057      1.638882647977326      122.9565611524386      1.659770744724457
                  12861      4.087691307067871      16.58259773254395      1.570008686556837      1.640389820748438      196.8389356754384      2.130561941597209
                  12862      13.16938972473145     -15.76691913604736       1.56979694858931      1.640359966929104    0.01212492469204384      -7.56446899315941
                  12863      8.602306365966797     -21.50871086120605      1.568649538771336      1.645387927968948   0.003119202720298579      -8.91982551516047
                  12864     -18.12378120422363     -1.003452777862549      1.567808686302742      1.647326608430486      152.5019157352642      1.878170869273713
                  12865     -13.66230201721191      6.653790473937988      1.566553631380506      1.643468266892936      55.79623470954495     0.8695543330514142
                  12866     -7.120771884918213     -20.85013389587402      1.567884305385591      1.643777656774816   0.005574592395765659     -8.340650829268535
                  12867     -3.739994049072266     -23.89480972290039      1.565893095539872      1.648173215822569   0.001209282832555249      -9.86744286218998
                  12868     -6.898433685302734     -19.49472808837891      1.564228180678466      1.648682067958804   0.006011730555429278     -8.264512805464664
                  12869     -16.79398345947266     -15.17642211914062      1.564322164407068      1.648897142211478     0.7176965583671713     -3.481988074448408
                  12870     -17.70106315612793     -13.16768646240234      1.565050915336382      1.647475069530379      1.612358636393532     -2.672978617991772
                  12871     -18.25997543334961      -13.5361852645874      1.565386831512619      1.645747976129138      1.530793247843851     -2.725724917249075
                  12872     -2.566780567169189     -22.98066139221191      1.564647221818271      1.645203066304051   0.001170833894881439     -9.902353779687406
                  12873     -17.68389892578125      -14.4444408416748      1.563743275717129      1.644744443550861      1.434519643692479     -2.792341377210482
                  12874     -15.03356075286865      2.608254671096802      1.560772881116967      1.640438960004073      98.13467430280693      1.428646833926758
                  12875     -2.069915771484375     -22.34097480773926      1.559676401774187      1.640301537131553   0.001344256772963328     -9.770394478478284
                  12876     -18.19080924987793    -0.9280471801757812      1.557213870763461      1.638464501268954      159.1057357796064      1.908387825176766
                  12877     -17.33302688598633         -14.1650390625      1.556244767022861      1.636603190132133      1.824818037971643     -2.561460064819594
                  12878     -16.09995651245117     0.4904742240905762      1.552864619954479       1.63292353279533      129.6895103138637       1.69777763663951
                  12879     -18.22418975830078     0.8574032783508301      1.549316826519363      1.629276451130162      126.7815763478049      1.670576903761114
                  12880      -16.7978458404541     -1.449358463287354      1.546383031399745      1.626162792889521      158.7783691019213      1.891812196751363
                  12881     -8.431968688964844      10.74459171295166      1.543689745542797      1.626526890266067      20.48651158670152    -0.1574497416840025
                  12882     -10.83001232147217      8.693246841430664      1.540032376344636      1.627049849798426      51.32077371309327     0.7588285938599084
                  12883     -6.698480606079102     -20.34201049804688      1.538368457573589      1.626858323738619    0.00732519670965496     -8.096901040651952
                  12884     -15.63068580627441      0.346158504486084      1.534728220893448      1.623367569831822      131.8055605708561      1.696344930974056
                  12885      -18.4199047088623     -3.397573947906494      1.531252906463076      1.619486114039043      135.0384071434464      1.715915485423659
                  12886      4.924054145812988      16.85518646240234      1.528727534546223      1.618677699143493      167.6878339703927      1.930310484571481
                  12887      14.08988094329834     -22.20749664306641      1.533801554915827      1.620110323978601    0.01344421962163971     -7.496801383641484
                  12888      11.64751815795898      5.470092296600342      1.537422540107696      1.620006936570977       2.23281569504873     -2.382037726076276
                  12889     -5.810845851898193      13.26198673248291      1.536648842999316      1.622854176426426      18.43874543956974    -0.2695943419140585
                  12890     -3.348618268966675      13.99882698059082      1.533242012659141      1.621514817463793      42.48311002554927     0.5620128980302019
                  12891    -0.3532038331031799      16.26971435546875      1.530294289843792      1.621626137275116      84.20606066492233      1.244317466804901
                  12892      10.00286865234375       13.6454906463623      1.528479893703778      1.621849979421262      26.29468163143866    0.07936893901555539
                  12893       17.5100212097168     -13.46600723266602      1.532160897342195      1.621305001823765    0.04058253960176329     -6.392345820813379
                  12894      13.18150806427002     -4.362110614776611       1.53469249306979        1.6199483025157     0.3109497416586061     -4.355238643500098
                  12895      3.120505094528198      8.611629486083984      1.533691342567538      1.618076011447912      3.903247112645913     -1.827114860941262
                  12896      12.04693222045898     -2.082623481750488      1.534541341572707      1.617602928916684      0.738050509385361     -3.492405028457472
                  12897      18.34273147583008     -11.54512023925781      1.534765048426593      1.616793577859955    0.05242298438227225     -6.137426857882973
                  12898      15.20659065246582     -16.92973899841309      1.534647471353497      1.615986558640079    0.02121029208406418     -7.042861331432352
                  12899      8.122742652893066      0.638491153717041      1.534295469253628      1.615305687140547     0.5181775996027618     -3.847680651074788
                  12900      13.59516334533691     -3.236032009124756       1.53326399147839       1.61400501551877     0.5355491906050798     -3.816183994584349
                  12901       3.11613917350769       14.8839282989502       1.53002341151313      1.611598451378143      137.9276358923196      1.731399791689118
                  12902     -11.46314144134521      -18.0647029876709      1.530352847434976      1.611174917815427    0.05508586876253991     -6.094238986168675
                  12903     -6.663524150848389      13.72912883758545      1.530430547152785      1.610604938974263      18.39262209521358    -0.2837303714637845
                  12904      7.862918853759766      7.125469207763672      1.528903890787134      1.611372068755548      3.159868017664702     -2.045671568426621
                  12905      19.15301322937012     -12.50395584106445       1.52787092722792      1.609836079360747    0.04555173955865333     -6.286737819380624
                  12906      4.710720062255859      7.319216728210449      1.527246793948942      1.609466533535217       3.26579748797762     -2.014965530416209
                  12907      14.92429637908936     -16.76341438293457      1.526305495843731      1.608490053471481    0.02374100850986204     -6.940244347284037
                  12908       9.78115177154541      5.435946464538574      1.524902475532837      1.607014774446429      2.416238455030614      -2.31931821714476
                  12909      13.37807178497314      4.177949905395508      1.524208613280302      1.606521880183906      1.332984181071765     -2.914871902204828
                  12910      14.63948631286621     -6.153613567352295      1.522567752300479      1.605951167793382     0.2244376113196233     -4.697882010428927
                  12911      14.13301277160645     -9.432446479797363      1.521531253102103      1.604494848586604     0.1154689035656226     -5.364066745069101
                  12912     -7.804915904998779      13.08066368103027      1.519482663822527      1.604097103416725      19.35871960439789    -0.2437650150813942
                  12913     -18.65045738220215     -3.288129329681396      1.521117663706232      1.600772909110761      146.7794343211915      1.781024035025736
                  12914      -18.1374397277832     -1.796851634979248      1.525788523541099      1.599438896714774      199.7676982119577      2.091480473080029
                  12915     -17.73983383178711     -10.94864273071289      1.529273390196941      1.598318066914236       5.13380712225993      -1.56824683325616
                  12916     -19.02767562866211     -6.395662784576416      1.530268612655527      1.596063416648252      48.74313356923881     0.6817089257793508
                  12917      7.992619037628174     -22.12454032897949      1.530012777375082      1.598137406240005   0.003604598909623723     -8.829268785960577
                  12918      4.798040390014648      17.79224967956543      1.529003703275309      1.598171861652145      168.6609421137378       1.92352824981876
                  12919     -9.175046920776367      14.80451488494873      1.527681800119101      1.598959177351837      7.400898297701484     -1.203133217783341
                  12920      14.54352855682373     -9.528884887695312      1.527253453655421      1.599659120929985     0.1274428147197426     -5.264664904652357
                  12921      17.30174827575684     -13.72705841064453      1.528748331629072      1.598796124806057    0.05755210900012762     -6.059203186047156
                  12922      15.89445018768311     -8.626968383789062      1.528367481451597      1.597507750446169     0.1337215679164677     -5.217189501784979
                  12923      13.40102672576904     -7.278954982757568      1.527861894361267      1.596290279024609     0.2098714448767336     -4.767547366688031
                  12924      6.169758796691895      7.251604080200195      1.527448605459475      1.595907593757821      3.452446063058743     -1.967714581060048
                  12925       10.6500883102417      2.577054262161255      1.526429419140819      1.594342729895333      1.357588277913515     -2.902736263392668
                  12926      10.82294940948486      2.949220657348633      1.525039557217601      1.592795330079069      1.719003619975061     -2.668583205673665
                  12927      -11.8597297668457      7.791196823120117         1.522500466961      1.591534994453745       56.2177580100243     0.8164467402838078
                  12928      1.858646154403687     -21.34891891479492      1.525248643542982      1.591191101708484  0.0007865290153207702     -10.35907957506474
                  12929      13.66158676147461     0.9203052520751953      1.524400314264796      1.591830339548723      1.062002121410309     -3.151197401023555
                  12930      12.70922088623047      1.391374588012695      1.522963456793976      1.591546330033729      1.505412412096609     -2.803407882413022
                  12931      12.22843074798584      4.367545604705811      1.521906311240746      1.589795235200172       2.28659665828186     -2.387205465751025
                  12932      9.439709663391113      1.377987384796143      1.520778532346686      1.588226035920606      1.303501123750035     -2.950945023429783
                  12933     -7.661971569061279      12.27460765838623      1.518876558096785      1.586846783989093      22.88741228953367   -0.08753200341229217
                  12934     -5.243858337402344       7.59625244140625      1.518855709438146      1.586837295907203      2.330107972122343     -2.372224180376666
                  12935     -7.428153991699219      13.97277641296387      1.517431392138034      1.585962916465674      20.41487667711442    -0.2033642717716977
                  12936       14.6534309387207     -5.270327091217041      1.516269960376479      1.585848760127974     0.3239074693127589     -4.347763216358016
                  12937      18.57421684265137     -11.90287017822266      1.516190049174391       1.58609947986514    0.07362242778756388     -5.829166016367452
                  12938      6.501322269439697      15.21017265319824      1.513335643472458      1.583651020851812      116.3851366725425      1.533115110550868
                  12939     -5.511813640594482      11.87711238861084       1.51196878695054      1.583182164826783      19.23844649396264    -0.2680787462968469
                  12940      3.654059410095215      9.670612335205078      1.510259784074591      1.582989545465511      8.423748526646852     -1.095187151225494
                  12941     -17.20691108703613     -4.266917705535889      1.511664765186043      1.580394440322749      112.8702583836225      1.499286073178936
                  12942     -11.38286209106445      -21.8218936920166      1.514911287643401      1.579907824237087    0.02434685666288215     -6.940468068808492
                  12943      11.83711433410645      -1.13037896156311       1.51488454519986      1.583254425677289      1.166017043033978     -3.069423504205231
                  12944      9.554945945739746     -2.271972894668579      1.513852560386837      1.581678552768964     0.5314336144009236     -3.856871495631397
                  12945      8.558117866516113      2.828403234481812      1.512722340007534      1.580141341812692      1.584682437176208      -2.76602969486467
                  12946     -1.657189607620239    0.05862528085708618      1.511491465912967      1.578746786307508   0.004401706666212066     -8.653873615059155
                  12947      -9.42833137512207     -8.808689117431641      1.512057271964412      1.578252368572566    0.01499900725947817      -7.42782089710962
                  12948     -6.709759712219238     -23.76106262207031      1.511990354245222      1.578263423380982    0.00382131782552209     -8.795246822307156
                  12949      18.03817749023438     -19.38182830810547      1.511461344734969      1.581360268153473    0.01686005787816451     -7.309284455565594
                  12950     -18.04553985595703     -12.19527912139893      1.511905269269746      1.581018661810174      3.697014733606658     -1.918873278296546
                  12951      1.930729985237122      18.15178489685059      1.509811579481584      1.580476335797032       126.043485409133      1.608499182217155
                  12952     -5.393733501434326     -19.83748817443848        1.5103775690684      1.580705395785357   0.005239377040984953      -8.47916073596112
                  12953     -15.73398303985596     0.9572758674621582      1.509318349583823      1.578539284121748       131.264983910623      1.647537169888465
                  12954      -17.1710262298584     -15.54158210754395      1.510814048810941      1.576896997015907      1.240708697786587     -3.014048581052988
                  12955      2.212545156478882     -19.32415008544922      1.510101575548227      1.578065401155014  0.0004340702233056998     -10.97176657648258
                  12956      4.613744258880615     -23.43789863586426      1.509543542515758      1.577915303841948   0.001776226642826667     -9.563191093751916
                  12957     0.6361507177352905      14.48858737945557      1.507973602455356      1.577443012094677      72.11288357908985      1.046965743815481
                  12958      -7.96431827545166      12.50522518157959       1.50581047853128       1.57936819471361      24.91408085112139   -0.01604962152442911
                  12959     -3.858196496963501      13.44374561309814      1.503381841262482      1.580043837163628      33.97644215484138     0.2929982009173176
                  12960     0.9293138980865479      17.16388893127441       1.50000157053664      1.580222379874002      116.1320756752377      1.519920937157159
                  12961      4.066824913024902      18.36612510681152      1.497188555659326      1.580541598085902      162.1861402890788         1.852262386157
                  12962      3.972384691238403      17.74005317687988      1.495391885707982      1.581122416424522      199.7177850275823      2.059589654871659
                  12963      8.956996917724609      14.02189064025879      1.492946118349684      1.580331256200003      41.65966680832552     0.4900804185111455
                  12964      12.19711685180664     -21.54769515991211      1.492917213041956      1.582739533098558   0.008336644352725395     -8.025044133794761
                  12965      2.609403133392334      17.35767936706543      1.491890971163632      1.583034217070214      195.8489505322529      2.038892592365512
                  12966     -5.522512435913086      16.17520141601562      1.490109167795552      1.582049456656807      27.39617854618371    0.07013512108167025
                  12967     -6.748064517974854      13.44182586669922      1.488333116717411      1.580550963881668      28.20095695593234     0.0969472609796367
                  12968      -3.37235951423645      13.58419990539551      1.486139452269305      1.578542086000658      41.75091808740796     0.4865659891196928
                  12969     -6.759629249572754      11.16855716705322      1.484190889562683      1.576865473589839       24.6979481946662   -0.04080999021678375
                  12970      3.590340137481689      17.43068313598633      1.484201014732179      1.576996008374853      251.8419651890708       2.28136120690776
                  12971      14.70094013214111     -3.029346942901611      1.484318881857453      1.577130326818328     0.4792549710715609     -3.982798504758969
                  12972      13.27995014190674      1.947757244110107      1.483838623609826      1.575624793830375      1.578499457243888     -2.792079960767267
                  12973      14.29719924926758     -7.724137306213379      1.484071384915894      1.575230379164369     0.2447683416258674     -4.656091208117893
                  12974      10.17404651641846      2.897042512893677      1.483245263881347      1.574118597404786      2.209908100590722     -2.456960069443447
                  12975      8.622225761413574      2.050388336181641      1.481931898251089      1.572529915215485      1.735409883168339     -2.700562992669112
                  12976      13.75228977203369     -5.071420669555664      1.480900698871522       1.57125881322461     0.4915003590144574     -3.963603964688968
                  12977      4.740396976470947      9.135983467102051      1.479933656823352      1.570563302241684      7.101603518029582     -1.294086715979959
                  12978      7.317382335662842      12.78180027008057      1.477179354990916      1.568741535571567      50.50557610171869     0.6646529757161861
                  12979     -10.31960678100586      9.923644065856934      1.475026779692092      1.566685063684178      39.09060052479234      0.405681221728123
                  12980     -13.84992122650146      2.066879272460938      1.476261160802142      1.563458651147692      80.32557420150827      1.124662224735506
                  12981       11.0184383392334      9.758219718933105      1.476038133891374      1.562057153490895      10.32611751244806    -0.9277973595378927
                  12982      13.32365226745605     -20.60319900512695      1.475628801008644      1.562925148141187    0.01695764021769273     -7.339232359945806
                  12983      13.29400634765625     -21.84746932983398      1.475101269981173      1.567506077754778    0.01717276044975273     -7.324057258077116
                  12984     -16.46921348571777      3.817538976669312      1.474066759377774      1.568002860360578      79.37476312105537      1.114169374400785
                  12985     -1.998098850250244      17.68787384033203      1.472187664780623      1.566532822808596      64.36998015091491     0.9024227350104204
                  12986     -1.053974866867065      15.62777709960938      1.468984595944172      1.565430605859797      89.45358953638259      1.228613354149169
                  12987     -2.257180213928223      14.60019874572754      1.466542201125352      1.563431388686203      71.11956508182379     0.9963139468130822
                  12988     -8.769551277160645      8.937900543212891      1.464711472282859       1.56197111232279      31.13255531279002     0.1680219706567246
                  12989     -3.873073101043701      12.44676780700684      1.463051279288176      1.560172058303118      29.56381463757621     0.1140324875140508
                  12990     -6.955564975738525      9.407168388366699      1.461431125096838       1.55882907442682      17.31452543046537    -0.4229420348128269
                  12991    0.08329448103904724      9.780353546142578      1.460110987439721      1.557349169663571      3.080774297711606     -2.151160390624932
                  12992      1.496877670288086     -3.852681159973145      1.458701265802514      1.555941486422755  0.0002220258972221288     -11.69092814163379
                  12993     -11.33449459075928      7.739608764648438      1.456210603637768        1.5532773408634      58.23857071028235     0.7829136303622481
                  12994      10.61908149719238      -15.2452917098999      1.456362241913062      1.555546478043919   0.003495532083926609     -8.936339974029437
                  12995     -14.84630870819092      1.835241556167603       1.45448951999177      1.552719329482872      115.7959025717585      1.468653045737342
                  12996     -11.14779567718506      7.717553615570068      1.453560090740025       1.54992540292078      62.27815075725346     0.8459943103248782
                  12997      8.261234283447266      11.55240058898926      1.452301243526179       1.54814336824537      29.05983641248897    0.08172384904175552
                  12998     -18.94001388549805     -6.015292644500732      1.450328704952629       1.54704613843078      61.17264480302615     0.8239987999781737
                  12999     -16.13397789001465      1.551336765289307      1.449097901417233      1.543998037644162      146.0358836492711      1.691329847762058
                  13000     -7.200480461120605     -9.221146583557129      1.448040183663187      1.542851991632673   0.006166317894405499     -8.382648632474272
