#! FIELDS time deep14.node-0 deep14.node-1 sigma_deep14.node-0 sigma_deep14.node-1 height
#! SET action OPES_METAD_state
#! SET biasfactor       11.22542050355048
#! SET epsilon   4.447288413873358e-06
#! SET kernel_cutoff       4.964517296315798
#! SET compression_threshold                       1
#! SET zed     0.06940739466522453
#! SET sum_weights       416.0734988744529
#! SET sum_weights2       1407.012977839594
#! SET counter  492
#! SET adaptive_counter  250000
#! SET sigma0_deep14.node-0       2.308311076795679
#! SET av_cv_deep14.node-0       1.269537401828569
#! SET av_M2_deep14.node-0       12675633.02525808
#! SET sigma0_deep14.node-1        2.32828886331997
#! SET av_cv_deep14.node-1      -2.795910537587313
#! SET av_M2_deep14.node-1       10068738.54085394
                   8000      11.93738685981929      3.543462842063402      1.149811990221611     0.9734345363273327      194.9227563839609
                   8000     -1.552137739283896     -6.291188144024916      1.286795073554752      1.063189919197726      1.465601500681611
                   8000      3.046263226614725      7.937242385459966      1.449750069876041      1.170190259683708       38.9263697633631
                   8000      5.345582467583406     -6.203432093160581      1.110438671932324      1.090621259919613      1.754302312871924
                   8000     -11.27657861586694      1.867899106050066      1.470132501835196      1.142231667637022      259.5791291944879
                   8000     -4.515821636621512      4.298933463662975      1.195150404141895      1.013902182229893      35.67050326643332
                   8000     -7.547575831071941     -2.663550536779785      1.090549205674805      1.049510998399604      6.291644386180133
                   8000    -0.3762751938120487      -13.0082342517304       1.04675889154215      0.954815040483145    0.02421992023223953
                   8000      14.19275983512396      1.557684709792926      1.223315720890616      1.113264493663803      192.5747141709656
                   8000      4.928275389827213      2.527795943771362      1.206519169767278      1.039730499156374      6.537446344379882
                   8000      9.406841098504136     -4.887776464913555      1.248931377510686      0.986616766393526      3.863483942130678
                   8000      1.431608463971042       11.1186408135585      1.290044748654576      1.087171683779143      14.95947886299797
                   8000      8.509727114947639      6.286472453208079      1.171578247499094      1.055766376282575      25.53929450632207
                   8000       2.74358731517753      -6.67609761362792      1.190589305249057     0.9776458089703152     0.6204339647443524
                   8000      3.335531020615058      6.410954554154577      1.571424336056652        1.1609270336957      9.511911916820715
                   8000     0.4549791964098532      13.27185065815025      1.083693651487414     0.9237959473792747     0.3654574456907699
                   8000       8.84642355430679     -9.978116039433173      1.211648064876693     0.9730763409007185      4.641161424854952
                   8000      5.512102933429313     -8.788481686296741      1.308928641295629      1.146601768273043      2.751640394101893
                   8000      9.802090182795757     -8.799961289316153      1.271866750039521      1.112246456688399      1.880806874584888
                   8000     0.3682566923510848     0.4088950567240797      1.435939044154889      1.116145735134744     0.7014019867427187
                   8000      4.410594237812381     -1.496509483762839      1.358015865537088      1.089854038368713     0.6275920094609896
                   8000     -1.567046674941799     -10.39681717182151      1.172551126163622      1.029592836218812     0.2339921387102543
                   8000     -8.772059553227855      3.907568115915758      1.290309167064613      1.083754177269007      52.98778850504763
                   8000      11.25223121974482     -2.749830256194857      1.246379175311952      1.058709314258141      7.646753952367006
                   8000    -0.7234223367313877    -0.7861176787263499      1.205148450590549      1.020597393373864      1.484673591448614
                   8000     -3.616805219939125     -7.877256457476293      1.274054699395792      1.154129258235891      15.42464922349091
                   8000     -4.348418701524682     -4.763288352237134      1.115556994442936     0.9689276810654337      6.566550158733499
                   8000     -6.901471809959646     -7.444741886881633      1.136130029830757      1.018439500166412      3.384620917283399
                   8000       7.53284958681856     -11.81908690768414      1.130278378439647      1.030538732770054      1.155289867299955
                   8000      7.441753943588229     -3.654610730881938       1.40696899464273      1.033459586195923     0.6335718823264929
                   8000     -4.351115816898603     0.7666346813686656      1.155351424369923      1.005310279837226      10.67175434671295
                   8000    -0.1841709917223019      1.654126206349608      1.183124487762601      1.013306554052826      3.531081842055151
                   8000     -1.806526496156555      3.920247578715018      1.198605406750786      1.149897138491033      21.17187187992935
                   8000    -0.5198490128125918      6.118075311996061      1.417310857861207      1.123505134309393       23.6685135025253
                   8000      4.016734705264743     -14.64418411203928       1.30431843861484      1.078138510586812   0.002392990070086955
                   8000      8.669329327405423      1.533936630013358      1.100516318899208      1.000148708059653      5.306192448208846
                   8000     -5.821515235394259      8.006690284342101      1.208676954701208      1.100247700251603      1.735879562558302
                   8000     -3.608631345165151      2.269049801925777      1.265526894173441      1.058117306829783      6.008849050440406
                   8000      12.95810105721701     -5.050091483566182      1.108624473335027      1.071131158288392      1.696208761871948
                   8000      7.241149935764129       8.14494422375504      1.294006497216105      1.142682387942497      3.799901333544135
                   8000      7.519844427242855     -6.905341513354518      1.249890410768273       1.00600595356835      2.156766692805163
                   8000     -11.25173377250657     -3.829229382223235      1.171448920897254      1.012623704506373      4.999753137512942
                   8000     -5.358544626625539     -6.800045084451202      1.104068589279112      0.966480514533914      2.300503216047246
                   8000     -4.699710620555975     -1.291427521787631      1.106991418706848     0.9739317675994691       9.25726234171529
                   8000      9.411049166056701      5.361834789690838      1.194845386402359      1.029261332973817      49.99741189808029
                   8000      4.550245730341649      4.103205099634861      1.145709497079927      1.016263320633441      32.41706864952868
                   8000      1.815788386283252     -7.971140854799259      1.307102987863487      1.081253332250546      1.365092464472479
                   8000     -6.164189045828889     -2.562135047805689      1.186756899589019      1.071507123929817      6.339752661005861
                   8000     -1.188626266597236     -2.487008568369195      1.171680845171998     0.9880052797609061     0.5653673081775633
                   8000      -9.26920055460022     -4.849207320873118      1.190514102255227      1.132549373359248       14.8532064196137
                   8000     -3.739743422532744      9.623018873790596       1.32780368339264      1.060999848542735      8.057245480833492
                   8000      11.19922650351725     0.9093675094834474      1.190785433797176     0.9695648107515544      34.77828366249612
                   8000     -6.549059223870512      1.564160113238018      1.168054440652566      1.149583401457086      87.98824977277536
                   8000     -7.135206222386887     -4.967556842323892      1.200932207721212     0.9653181774133474      13.64019714559467
                   8000     0.1087581407590447       10.0700939132092      1.295609505023872      1.003514968629265      10.25857250481983
                   8000      1.872058934055806     -13.97870132475794       1.12502653899023      1.011498621507084   0.009910687856479156
                   8000     -5.320676064217262      2.780573471734942      1.129866584252728      1.015245360032754      35.91549445931189
                   8000      6.451966461052909     0.7581328080990219       1.10299522796631       1.01581687513654       6.35230258013992
                   8000      7.419575214385986      4.495141983032227      1.343348265208771      1.126438326499707      1.866021809783242
                   8000     -1.370242357254028      -7.49616527557373      1.334326194401706      1.119769429777808     0.7824814458476277
                   8000    -0.9673321699692133      8.010098045342795       1.17713313891403      1.023522540230368      13.06132157703675
                   8000      9.812919889239069     -6.101530942432757      1.174121302373154     0.9718406704202659      9.267488805545627
                   8000      12.09753703916671     -3.657934962492559      1.108541420383991     0.9415632442568543      6.280692958749497
                   8000      5.689010620117188      11.62590408325195      1.301163475049778      1.096483461912375     0.2260327632225035
                   8000      3.754726886749268      12.40179252624512       1.29968656627415      1.095492518199721     0.6294385058977762
                   8000     0.9839996071742371     -12.44228553819154       1.12791015321656     0.9459737492563789    0.06456439218649516
                   8000      9.746628513219372     -2.607292336693999      1.174475239043581     0.9998538731143066       2.33185798693005
                   8000      13.16552979917875      2.657419730812164      1.134377032860774      0.952821865561198      153.1414737357242
                   8000      5.690035834629231     -4.550864587840531      1.129295240149952       1.00867821667776      0.282552316426831
                   8000       8.39898940814612      3.320335798680727      1.207919571008971      1.060490243358494      6.250677755027708
                   8000     -7.997452719968913     -1.234608347613624      1.237774578598442      1.076845899316596      25.73485481533086
                   8000      1.502544465371693     -3.564616086116841      1.155278702794204      1.010158125886302     0.3502539697872308
                   8000     0.1130461125050353     -2.169602758941992      1.194183421106441     0.9952558800374282     0.4844222390675986
                   8000      10.95768642425537      -7.15207576751709      1.245271585156517       1.04507927018228     0.6623750259762922
                   8000     -4.044592038114643     -5.991865875233786      1.257644638504189      1.028603286064054      2.598949708045589
                   8000     -7.133879914663527      3.048142701475602      1.157487050756511     0.9401470429596429      36.45236924221899
                   8000      13.03698825836182    -0.1893854141235352      1.215270818083805     0.9951584953003676      6.950834709257721
                   8000      3.026505721855567      -4.00781469061813      1.087000728604195     0.9800005217842563     0.5009481557913862
                   8000     -8.368068023551357      2.082348321651267      1.115547961780174     0.9864210664287599       93.8213123864449
                   8000      6.864728927612305    -0.9609987735748291      1.188351684578931     0.9747870744860251     0.4586050037776861
                   8000      7.732351313981506     -1.923319445143645      1.222236190003343     0.9611917932583256     0.9571802461730635
                   8000      1.827617287635803       2.47129487991333       1.16990150043132     0.9647674890209627     0.5400709422123132
                   8000       11.9508795513536      4.829048299753354      1.102290686141673     0.9424425679282511      48.73086773703115
                   8000      3.618417659531763      2.501247781448064      1.159233666732342     0.9758740841566784      2.643293384974456
                   8000      3.157603025436401      1.073514342308044      1.161531371772868     0.9608978327730487     0.6394545676668972
                   8000     -1.826347916483426     -4.992018109331634      1.125569949973229     0.9214550134832152      3.213809401028626
                   8000      15.13197326660156     0.3397016525268555      1.139596273817545       0.94568353972707      15.16293098391841
                   8000     -1.158914566040039      -3.86809253692627      1.129472297283704     0.9354114187448668      0.335077913480707
                   8000      10.08021581339378     -1.122273447532955      1.179963869122543     0.9318899552950892      3.052713826359232
                   8000      11.15994262695312      2.060294151306152      1.119130855943492     0.9293267443999241      12.28190718049871
                   8000     -5.331132888793945      10.20700836181641      1.117908143759057     0.9307282266316602      1.499157992410688
                   8000      5.603488998282499       5.52048054270279      1.181496550755357      0.941762422370764      15.70264126417938
                   8000       14.3569462670992    -0.8440659717945608      1.138953003439695     0.9681918472394031      16.63772136708133
                   8000    0.08998570246434878      3.011761739681706      1.061311690878721     0.8858076715034972      4.125770650928292
                   8000      6.810944557189941     -16.30569267272949       1.09250381857307     0.9238459778707589  0.0001674075689019891
                   8000      6.523189764815247     -15.02040566117342      1.018767510251521     0.8848171629875741    0.01187718864913209
                   8000    -0.3527770042419434      15.29000282287598      1.086730354054137      0.929388468705989   0.005566012967627441
                   8000      4.440075397491455     -12.57477760314941      1.075195341583487     0.9292529524960637    0.01376952104178758
                   8000      8.500939001016219      -8.68335053370107      1.064272063609615      1.011878696057561      2.512033526620538
                   8000     0.1634857654571533     -5.442418575286865      1.072834476763902     0.9282999930512875     0.2902745661508265
                   8000      6.238813105484989      3.414867429402114      1.029650417027155      0.957258159278217      4.704807641238176
                   8000     0.4304016280933493     -7.153437144675104      1.071873157287978     0.9491830774119155      1.116875115487072
                   8000      -9.28359000053846    -0.6968806781478295      1.049504967166491     0.9631896100693369      19.51299646762547
                   8000       -7.9290478529238      5.011902511040754        1.0613428991745     0.9824271484111629      32.58708733479533
                   8000     -3.823525054949108      6.913391987783068      1.043925460993575     0.9138732175897728      3.493752145540944
                   8000      4.986451254991255      9.734954210408535      1.061194049368584     0.9713361661819778      3.620121183740275
                   8000      2.772303581237793     -12.26111221313477      1.054176978331299     0.9184472583401091    0.01372132872909105
                   8000      10.67357063293457     -4.008846282958984      1.052634289054451     0.9179159652008797      1.974784748274507
                   8000     -10.55372047424316     0.3780670166015625       1.05147836242123     0.9160371560076945      26.83827861905782
                   8000      6.880464048319635      9.697457127638806      1.020874323074305     0.9459100517188982      2.568412528604863
                   8000      1.314751625061035     -0.934920072555542      1.051655883183281     0.9149216750295666     0.2587392651489731
                   8000      3.576811709181877      5.082878323795726      1.049913417308073     0.9308335275731651      20.66339601707221
                   8000     0.6456324549539578     -9.903986982026405      1.013793276628419     0.8806710094886292     0.2760158241974994
                   8000      6.617507457733154     -10.60656547546387      1.041104516623582     0.9118820562464242     0.5294120882329193
                   8000     0.9503186014048868      5.674411572481005      1.019621390422888     0.9117699963478584      19.82773144578328
                   8000     -2.424280417506425      9.237147472026646      1.064789529815423     0.9013767564230829      5.315986882434615
                   8000     -3.628639936447144     -0.730718731880188      1.037203019590007     0.9097469873020824      2.031580673843639
                   8000      13.21112251281738     -2.018057823181152      1.032725588598957     0.9041456442822616      2.961604052669543
                   8000       1.72246265411377      4.809983730316162      1.031211312673326     0.9039290731610716      3.741210505912063
                   8000     -5.201484203338623    -0.2232367992401123      1.028262439726037     0.9046185619170262      4.951110748637579
                   8000       2.52157735824585     -16.22221946716309      1.027254048543718     0.9078382039989786  0.0005605845733854542
                   8000    -0.7859330177307129      -11.7601900100708      1.025975388278606     0.9139688414745847    0.04828539939742548
                   8000     -6.448920249938965    -0.7500755786895752      1.016672843755319     0.9110711215165908      6.883360100410484
                   8000     -4.229413509368896      7.993120193481445      1.014210912064508     0.9107946547826818      1.235571656178728
                   8000      10.69934463500977      7.295000553131104      1.012011469090929     0.9094556553603816      2.658373251639392
                   8000      7.112195014953613      6.833840370178223      1.009561396634679     0.9094868629879814      4.246352860339855
                   8000       10.6628532409668      5.926140785217285      1.007684031609825     0.9081851989853156      11.27880891583747
                   8000     -5.117640972137451      6.720791339874268      1.005483249409883     0.9070700555666792      1.382342727235443
                   8000      2.599441528320312     -9.546184539794922      1.005191276180673     0.9058901953647451      0.245205440314208
                   8000      13.75135707855225     -9.684280395507812      1.005099405318541     0.9066136680800698   0.009239883239801175
                   8000      -3.97939920425415      14.85271072387695     0.9976164386669967     0.9052933138871789  0.0001908991408462547
                   8000      5.901728630065918       8.27812385559082     0.9924667706135802     0.9011016392615968      3.318611208216372
                   8000     -1.961907863616943      10.41732788085938     0.9902134841259767     0.8975190843242901      1.958995675719044
                   8000       8.59647121734867      8.869727640100896      1.009460907189638      0.901711889790992       2.43030567427211
                   8000     -9.432886123657227     -2.529783725738525     0.9898651497744163     0.8964422073118223      2.973095173191073
                   8000      3.103462696075439     -7.587950706481934     0.9873757619016467      0.893673153264098      0.425333457011013
                   8000       6.14851188659668      -12.4483585357666      0.986094558400764     0.8913641409978137     0.1362936866966492
                   8000      5.265377044677734     0.3105926513671875     0.9829584368647898     0.8911894198255457     0.9562851466724603
                   8000     -10.38793087005615     -6.131282806396484     0.9776859391300111     0.8898101741957609      1.116340819463328
                   8000      2.014190269266201     0.4914098869656712     0.9696860954633874     0.8795551806867612      1.070012734026874
                   8000     -2.693915367126465      15.33846378326416     0.9717942537492785     0.8870249425454274  0.0007390061382122066
                   8000      11.88088070802576      -1.44024414888154     0.9697553184310624     0.9205500951240153      6.942333527101665
                   8000     -11.27481444048851     -1.228852791271355       1.00188368865553     0.9377518255416756      17.96136792954412
                   8000       -6.2355055809021      4.385602474212646     0.9651218022244805      0.874199706606154      9.800832305417961
                   8000      5.721646785736084     -13.68710708618164     0.9661746665142269     0.8728793350544618    0.04819742090345126
                   8000     0.2997817993164062      4.464569091796875     0.9665869919021358     0.8712628503148631      4.675730534960972
                   8000      8.508478164672852     -5.736613273620605     0.9656363604203764     0.8693177696892485      2.139994074855502
                   8000     -7.043045043945312   -0.00776362419128418     0.9652018823593207      0.867508772412267      13.41790557580706
                   8000      4.279094219207764     -5.486554145812988     0.9645157623639351     0.8581097879461268     0.2325597128576285
                   8000      7.162842750549316     -13.56510066986084     0.9655843394095587     0.8565390487695035     0.1176204573305173
                   8000     -3.179184436798096     -2.580935478210449     0.9645049095413959     0.8546478373706089     0.7649861660559113
                   8000     0.9814424514770508      7.873891830444336     0.9640366663366229      0.852964821655424       5.93301926677525
                   8000     -2.009027719497681      2.747488498687744     0.9623977011584773     0.8537377336381551      4.423048458973985
                   8000      3.512593269348145     -13.36569786071777     0.9558123543511523     0.8525817806416719     0.0112000069315111
                   8000       2.90610408782959      4.161504745483398     0.9540965214176861     0.8501963968657915      6.505448135086105
                   8000               -4.84375      1.769398212432861     0.9527340120956096     0.8492469905976958      13.97489790745618
