#! FIELDS time deep20.node-0 deep20.node-1 sigma_deep20.node-0 sigma_deep20.node-1 height
#! SET action OPES_METAD_state
#! SET biasfactor       12.02723625380408
#! SET epsilon   2.008904905162975e-06
#! SET kernel_cutoff       5.122093479753262
#! SET compression_threshold                       1
#! SET zed      0.1112186372403806
#! SET sum_weights       447.1599655866808
#! SET sum_weights2        1877.06652900643
#! SET counter  492
#! SET adaptive_counter  250000
#! SET sigma0_deep20.node-0       2.009925274925511
#! SET av_cv_deep20.node-0      -1.776303519048082
#! SET av_M2_deep20.node-0       8020321.487293585
#! SET sigma0_deep20.node-1       3.418747832141316
#! SET av_cv_deep20.node-1       -2.35885100369962
#! SET av_M2_deep20.node-1       10192826.31860195
                  11000   -0.05864821524318061     -7.818373423677877     0.8837761242365119      1.069363245447753      140.3070081287709
                  11000      6.959204688999161     -7.321132094573875     0.9296585597112299      1.270622104069629      4.696981523841543
                  11000     -7.260499634418982      5.174452199328829     0.8588046610417891     0.9544954253897084       58.4714391961199
                  11000     -2.983734189445336      4.723233637783892      1.042976207291198      1.139418724105933      15.71761967374199
                  11000     -9.753706120130598     -8.046321866229965     0.7679001769671274     0.8805441821053153     0.2042529887560177
                  11000     -5.008805154960709     -9.542880909681335     0.8901902140786172      1.206880789781527      18.16573838852661
                  11000    -0.5598805022214824      11.17229439753419     0.8645466839646115     0.9571985168669321      528.5512280643843
                  11000      6.867511942132785      4.979229654288577     0.9030044928186699      1.042983470759498      4.558065320533839
                  11000      8.413125022766732     -3.891400540409435     0.9580438149735196      1.157714090273141     0.7722135495539459
                  11000     -8.809970797483887      2.119570879216447     0.8867758307786717      1.144001590523284      12.88784750240779
                  11000     -7.514798877901312     -1.428156398957908     0.8708110597693419      1.080566570533727      16.76144346227631
                  11000      5.012124904124148      10.11910487481444     0.8491254564681895      1.132663239160828      22.76247627056985
                  11000      2.346026686569853      4.045352102112804     0.9063556587050148      1.038875147287259      1.002082593522784
                  11000     -3.025662789627208     -9.598736664324646     0.8458698271095922       1.08561711787748      884.3803263138993
                  11000      1.587664627286454       8.18725122721832     0.9509195837919412      1.255866983758507      26.55729407400096
                  11000     -3.161776965226661      9.798860865332419     0.8888000025125734      1.116847813787175      87.67202928489385
                  11000     -2.117892905196687     0.7458310583240053     0.9043963081765591       1.31435668791861      3.804531882715272
                  11000     -5.921277385017373     -4.739412528970331     0.9467573604170592      1.298956948140624      20.88349929356141
                  11000      5.028587549992057      6.757082162608593     0.8813540746014396      1.219629973913798      9.201202935692944
                  11000     -6.225839479280438     -3.037495995730085     0.9735072909372257      1.242807931874407      31.87246827817133
                  11000     -6.173349896221471     -1.239872068580085      1.034785469050005      1.244509450435012      45.37990800535302
                  11000      12.64694439637032     -4.419158516113226      0.870787218198562      1.060195549083293    0.09448272342901391
                  11000      2.279664055279433     0.2549575974200621     0.9361831768582963      1.025337576805919      3.638575874407287
                  11000    -0.6157518861265112      2.285245421560676     0.8261645445179757       1.04377220694253      14.07889880204106
                  11000    -0.6348291698424614      7.328265244270444     0.9835090430528399      1.473756750028689      14.92211740354138
                  11000      7.337687119670291     -2.299636008988416     0.9341500669116767      1.291860526251043     0.7074685622615082
                  11000     -10.05552581131812     -1.524564948899906      0.960005823095789      1.449059362211673      1.177432886747827
                  11000      6.048025758610423     -4.259236137908687     0.9272718232733098      1.179790042244725      6.268766046319625
                  11000     -5.588598342589595      4.372448952706348     0.8467763752324129      1.019844496462009      38.36531472030386
                  11000     -2.145364789843953     -1.784205917511282     0.8946666310525098      1.050742352649736      8.268238514650163
                  11000      -4.57538279589126     -5.441392430361869      0.898367910981473      1.143104564354354      16.52151045361681
                  11000      2.703100850461639     -5.554008980670488     0.9247487101427873      1.014974484353382      10.25871979342387
                  11000     -1.872823525260453     -6.484658940830016     0.9615041912164288      1.123839072515898      136.3864836147969
                  11000       3.80911584837722      2.518015039640841      1.022495997746661      1.179698174936853      1.110801250072044
                  11000      1.307572324073689     -8.072077447330427     0.9254008618414566      1.053284519595419      126.4633471352071
                  11000      10.12215342297481     -6.154022903034369     0.8591070538890702      1.041273669406271      2.731960312415489
                  11000      1.442267072670408     -1.317543778114673     0.8787577968770125      1.307184906162184     0.8888102135662199
                  11000      3.099398886917359      10.60056033413045     0.9126548914693583       1.18574528555378      13.14441956012008
                  11000      3.823145863761666      8.540822164336547     0.8331396962828471      1.013637420528291       10.1019436643833
                  11000    -0.4994737520261925     -5.656296254138451       0.83623262071311      1.111522080647329      126.7424602210585
                  11000      7.872238226605356     -5.935551996219557     0.8258007185621485      1.151411836132809      2.112260574355023
                  11000     -6.013586044311523      8.620026588439941     0.8746387668763287      1.254676261532662     0.2917860542300436
                  11000     -8.187698773622795     -4.670666535021382     0.8280199480427536       1.20796749697676      38.99883823890444
                  11000      5.601542774434633     -8.782835805454912     0.8531305453508603      1.029667752626754      5.591830993871092
                  11000      2.929050850188579     -3.691644263291494     0.8634361619947034      1.060941439405392      12.69272451698472
                  11000     -6.832154742102209      2.879258804035697     0.8600404882189874      1.118826547367026      25.18542660149822
                  11000     -1.485402970700144      5.902588906199886     0.8686167024262841       1.10099684659743       9.27301449923592
                  11000     -8.154298625812745     -6.999524994293556     0.8445375133046827     0.9970048898215179      8.198823307737278
                  11000     -1.948062268597007     -9.393369795754722     0.8276816517868377      1.073833044069078      226.6462207533721
                  11000      3.840197438898342     -6.828117679994379     0.8237342628288281      1.050517414381641      21.18217174744015
                  11000       4.19849504849853     -8.710367033834228     0.8051335016939871     0.9783598058402334      2.895751804592559
                  11000     -6.634504626363307      7.322436493778506      0.860281760169941     0.9868055347058897      26.81212327121303
                  11000     -5.557130799988397      6.688131764957808     0.9009054382750404       1.03783777239024      38.22601371805445
                  11000      9.094432121471897     -6.295449152064706     0.8010174994901781      1.084569222319963      1.621744371818051
                  11000     -8.889346713685562       -5.4973346554428     0.7851079941163317      0.877867113456878      6.015141510329187
                  11000      13.11179256439209       2.05328369140625     0.8605392907681045      1.173957396029173  7.152146594663016e-05
                  11000       6.45288041803767      8.708203665114405     0.8636426547827251       1.09755682611807      2.790573283305962
                  11000     -8.933461417025606    -0.2458045011155483     0.8535679911492261      1.022364622965288      6.368087412399097
                  11000     -9.295295205006312      4.556383934298441     0.7968263601403452      1.017959933538273      1.503143523961761
                  11000      5.646528116459648    -0.4220732742087744     0.8656496140331258      1.099929836533699      2.707290810444825
                  11000     -3.424280879701825      1.566235572342868     0.8624360615182088      1.156647441869274      8.853933975140109
                  11000     -5.442578315734863      2.800189018249512     0.8546496272813949      1.133792873886869      3.088821319652369
                  11000     0.6870592456433487     -5.473468360667122     0.9417820545618617       1.04479862408393      46.80306821210284
                  11000     -4.098522431030214      3.735018314595355     0.8536839988019719      1.059658015119961      19.84332059577051
                  11000       3.35850868270236     -8.909052187553307     0.8377457384234103       1.01466656973734      3.928118379599509
                  11000      5.637414525187499       4.00067555868565      0.894770448692361     0.9810078599619854      4.158445546695918
                  11000     -2.149026425991774     -4.565427603833242     0.8234916713211921     0.9755924031905686      55.51058559188696
                  11000      6.245087409321902      2.871622965007397     0.8311313114262838      1.042628057442062      1.773422497600672
                  11000      9.744877815246582      2.532675981521606      0.839523332223242       1.09806123766999   0.002426868929673797
                  11000      11.77160739898682      2.630325794219971     0.8494776467183226       1.09583999691016  0.0003064717777381135
                  11000      3.494112968444824      7.145101070404053     0.8622009858663612      1.104152391920104       2.04181335115182
                  11000      9.373517990112305     -1.068202018737793     0.8668623867808838      1.101789173936109    0.06812873893033285
                  11000     0.8617694709074826      10.33452966763563     0.8258084151464159      1.053820672690769      101.1462809451954
                  11000     0.5698051472857593    -0.9305725766276458     0.8053233781368654      1.024215938554745      1.407554696648387
                  11000     -11.35270286069755     -1.267393981891841     0.8135139720289941     0.9370587047951326     0.4433414663901241
                  11000      -3.78770956252857      6.216952852992686      0.827572923159646      1.007231524437599         19.28898199991
                  11000     -5.694878648399641     0.8741058936547866      0.867337741754205      1.072148820936814      13.19478410076098
                  11000      15.02629089355469     -1.603114128112793       0.86250067656778       1.07309306012695   0.000660403138581163
                  11000    -0.7256273173944281    -0.4211019492063319       0.81559718191037       1.00386652739705      1.355194054828772
                  11000      4.656633966503562     -6.538119925823963      0.770667690704971      0.930199974730562       11.2719186926089
                  11000      2.472059071426025     -7.334917668244719     0.8543307299020252      0.967636267424269      21.29695962849222
                  11000      7.815864562988281      3.570611476898193     0.8514555023154042      1.048335823880392     0.2095118027151163
                  11000      -4.73832444760913      2.142132103700891     0.8500395430955596     0.9971235684283358      11.27424469745266
                  11000      11.76264423248865     -4.511550492500892     0.7817966411373148     0.9323519598036525     0.3014234533921875
                  11000      8.991546630859375      5.012809753417969     0.8499090408082584      1.041976980975396     0.1147072890596281
                  11000       7.40162344488025      8.020364906928245     0.8066817246447257      0.996961712756954      1.311477134882589
                  11000      11.07860135153344       -2.1562948688894     0.8546532060547726      1.034310205984541    0.08104396057697351
                  11000     -13.40775845238545      2.469819017606965     0.8193786727950144     0.9533501404308545   0.003437406840195004
                  11000      9.009307267680668     -2.486577943449914     0.8438307360422036     0.9814112730556723     0.8850353384121679
                  11000    -0.2916382730594494      9.396750919960621     0.8141151134144241     0.9329409140859659      172.9691304240211
                  11000      2.116451025009155     -4.012845993041992     0.8554926239874745      1.025629711758391      2.102724677518468
                  11000      10.80309347305091      -3.61331706335461     0.8454136980729122      1.010632811363199      1.050470809392599
                  11000     0.1103422258956051       5.29603958975614     0.8086024122729969     0.9605804880709978        4.3298226039759
                  11000     -3.377397268626225     -3.901772948983473     0.8228338930026579      1.020384427501493      22.90944008711408
                  11000     -4.324304620967639      8.984409342518768     0.8601998103200161      1.016226580407425      47.78424870479839
                  11000      12.68748950958252     -2.406219959259033     0.8603748985683657      1.013674339424399    0.01843241915227289
                  11000     -3.456694558671181     -7.552541125753223     0.7999733139344579     0.9200321404406526      84.36739091066818
                  11000      3.937514595094653     -2.755279400182508     0.9208461595343185      1.005119988279267      1.719071135770376
                  11000      3.938259209699614      4.888004950766129     0.8127432087006662     0.9909722616222368      3.710349216622335
                  11000     -1.098587393760681     -3.688876628875732     0.8407614219234472     0.9908617294019233      7.684791756932069
                  11000      8.164262681475925     -7.694542835445678      0.815056568122029     0.9432356480990138      1.976104319791916
                  11000      3.762042999267578     0.2315702438354492     0.8368844789343001     0.9803284819055312     0.3208987928911639
                  11000     -12.22816467285156      3.127201557159424     0.8386091923385806     0.9788621874002496   0.005223932843318942
                  11000      -2.84016489982605      6.573867797851562     0.8389677161946204      0.975215623311247      4.436728378102408
                  11000     -11.34159469604492      3.209758758544922     0.8333381897643471     0.9659247178781425    0.06517732803499401
                  11000      4.297127743641599      -4.74650568879564     0.8090919602783544     0.9342905161052679      5.554653543660171
                  11000      1.742329406220854     -2.970677551240169     0.8165706867632369     0.9264908024659342      4.510476012586786
                  11000      6.062420940329086      6.219958612135517     0.7810291317908608      0.972915599579284      7.452619843439104
                  11000     -1.185327887535095      4.102312088012695     0.8141593555509264     0.9423973863116005      2.747656122982482
                  11000      -3.63280987739563     -1.535087585449219     0.8155152630303364     0.9407881567194837      1.438368112700026
                  11000     -5.621284042519433      -7.26661793798927      0.791724949780344      0.958076726184006      17.77780232433431
                  11000     -13.34620137859216      -2.23429649034855     0.8132364517360124     0.9245028755855806    0.02832776647084184
                  11000     -4.887855529785156    -0.3452155590057373     0.7990938676943197     0.9134758325810143      6.394862204648205
                  11000      5.291626887630199     -7.522298279596334     0.8290391458636801     0.9485813890924608      9.364183940284761
                  11000     -8.431506156921387     -2.405332088470459     0.7925308628109428     0.9090421687709548      5.485281698202377
                  11000     -2.685644626617432      8.633658409118652     0.7909230760775118     0.9076908970432139      13.66009073739027
                  11000      3.467150688171387     -0.908543586730957     0.7905920683680514     0.9115877875197053     0.4828950910682134
                  11000     -6.420373916625977      1.892839670181274      0.786412936056109     0.9078082720108667      9.113063851258138
                  11000     -4.670948028564453     -7.410069465637207     0.7835603859456358     0.9038753113043131      15.03813309652443
                  11000    -0.6690270900726318     -9.546770095825195     0.7822225304612925     0.9024130216107433      23.91457315840535
                  11000      5.927653312683105      10.50896167755127     0.7799310539654352     0.9020391625660942       3.37848398481158
                  11000     -7.041136741638184     -5.100213050842285     0.7781381960956884     0.8995723018433284      7.335376034629401
                  11000      1.776049137115479      11.12125015258789     0.7769781338160374     0.8987127734214312      10.02407890602368
                  11000      5.444148073859813      7.994476523244953     0.8606014032707767     0.8966315994657271        6.6558210737746
                  11000     -2.456707715988159      10.35624122619629     0.7667381202060206     0.8954371795959583      18.60101823862309
                  11000      1.801479697227478      4.935791969299316     0.7706652588247422     0.8989486273274653     0.7426064733932117
                  11000      2.881135940551758      3.157232284545898     0.7706559335526394      0.897883405276193     0.5720821827762558
                  11000      1.393763542175293      5.842897415161133     0.7700682487646905     0.8964955061796732      2.128580896924064
                  11000      14.13153839111328      1.645943164825439     0.7729857687299384      0.895685901600678  9.311021934501696e-05
                  11000      2.600019693374634      5.484714508056641     0.7746149930042253      0.895543572265218      1.425183686238807
                  11000     -4.939098358154297     -2.611288547515869     0.7709367114622432     0.8941155480751937      7.964830920874885
                  11000     -4.143010139465332     -9.178417205810547     0.7696082145693456     0.8924260117252357      66.42122260494787
                  11000     0.3515967130661011      3.059714794158936     0.7682079268317442     0.8887661545563409      1.301602510671053
                  11000      1.195271015167236     -4.175326347351074      0.767420559860741     0.8867622984775763      8.435947908825904
                  11000      12.08879375457764      5.634142398834229     0.7677806313290464     0.8826713977242152  0.0001542317946074534
                  11000      8.459983825683594     -1.066361904144287     0.7672040652179097     0.8805756596129108     0.2152784149119162
                  11000     -6.660872459411621      6.015969276428223     0.7648968945363319     0.8746857195237732      9.573276810386384
                  11000       5.19660758972168     -9.727287292480469      0.761908582921068     0.8734924619000536      1.114164914386999
                  11000     -9.429107666015625     -7.205656051635742     0.7619259368553216     0.8731264878437308     0.7658943080319842
                  11000     -1.932370583597368      9.157680864600584     0.7652816116800282     0.9163336794865201       39.5965895405909
                  11000      5.370306015014648     -5.511483669281006     0.7578463500649736     0.8686476054468178      2.610411817975338
                  11000      10.03719520568848      9.925833702087402     0.7611142355483387      0.865256987955571   0.000377192374958496
                  11000      5.067188739776611      1.200739741325378     0.7553822043743301     0.8611223473440811     0.4590622970724012
                  11000     -2.420064221892814      3.334225349007984     0.7560069252596759      0.899741979612645      8.218910709109672
                  11000     -7.455792427062988      0.648998498916626     0.7523285134902559     0.8536694883817727      5.106558104316864
                  11000     -6.887516021728516     -8.383394241333008     0.7519442634525565     0.8544192068828734      1.223588646254838
                  11000     -3.054294586181641    0.01845347881317139     0.7466344280647929     0.8478066840605681      1.735575987186754
                  11000     -7.481876850128174     -5.923614501953125     0.7458703467377149     0.8471004532140685      5.958445526472259
                  11000       7.63300609588623    -0.7789218425750732      0.745839568247915     0.8466115263647271     0.2619721730421336
                  11000     -12.75686550140381    -0.2918400764465332     0.7455929966941128     0.8456155979222564    0.02627544396095232
                  11000     -13.16913223266602     0.9384160041809082     0.7467571843136266     0.8447810874350509   0.007204084647782102
                  11000      5.095244884490967      -4.20712947845459     0.7470090302181212     0.8442402640798553      2.683497230009377
                  11000      11.21287155151367    0.08493566513061523     0.7483081203473767     0.8433622201984577   0.007200393714272076
                  11000     -4.259918623014909      -3.06840209728459     0.7542365856799067     0.9145896210967593      12.57857460366984
                  11000       6.52340030670166     0.7465548515319824     0.7463545250428832     0.8404640761403508     0.4327168548632344
                  11000     -10.92955207824707     -6.089309215545654     0.7454851148676711     0.8387852907876847     0.1178720592674249
                  11000     -10.02026081085205      1.180095195770264      0.747139705336517     0.8402274411628381       1.08123122399471
