#! FIELDS time deep8.node-0 deep8.node-1 sigma_deep8.node-0 sigma_deep8.node-1 height
#! SET action OPES_METAD_state
#! SET biasfactor       16.03631500507211
#! SET epsilon   3.735419329000485e-08
#! SET kernel_cutoff       5.848558909940468
#! SET compression_threshold                       1
#! SET zed      0.3893033510633352
#! SET sum_weights       995.7300541022613
#! SET sum_weights2       2967.885237032099
#! SET counter  992
#! SET adaptive_counter  500000
#! SET sigma0_deep8.node-0      0.3425524109619315
#! SET av_cv_deep8.node-0       0.429794331545102
#! SET av_M2_deep8.node-0        91742.0300026856
#! SET sigma0_deep8.node-1      0.2747793591277997
#! SET av_cv_deep8.node-1    -0.01691788893471123
#! SET av_M2_deep8.node-1       71667.14125366299
                  10000    -0.7961383968568443    -0.5053213086865593    0.06748311422318905    0.05396226638573182      3443.575193114414
                  10000    -0.4608485547828743     -0.276986216867661    0.07183291066966774    0.05761451616802737      1026.582078578428
                  10000     -0.163945963568076     0.3991883679487335    0.05899375177884518    0.05558458737364271      2156.770213928617
                  10000    -0.2729200576527789    -0.4247460421009011    0.08665233006257771    0.06971758019824605      103.2822948239793
                  10000     0.6681275412342406    -0.5096227445174775    0.06026277609013406     0.0579694441701241      4.576083615920623
                  10000     0.8282815891991002    -0.7764081246069942    0.05795338199111084    0.05521389380902791     0.6413435425607927
                  10000      0.631275347695377    -0.6081154341766635    0.06372360075108525     0.0531813130995698      2.369336271160185
                  10000     0.7053825260437012    -0.7450900631951555    0.05839327296008476    0.04912081786451019     0.3406979205646296
                  10000   -0.02839630188477609     0.0839270741247013    0.06718587117169704    0.05376859870525787      1165.407370092147
                  10000    -0.1248680663745167     0.2758408527554049    0.05644574819343675    0.04708316424601711      2255.065738966937
                  10000     0.2464617414039556    -0.2920985286375239    0.05557404015078383    0.04731429068735052      106.1384483911977
                  10000      0.134658400090918    -0.1211563199878988    0.05884413559507017      0.055277607556183      423.8475151961417
                  10000    -0.2901306648570102   -0.05494105792973119    0.06739605989121679    0.05715925832352914      494.2049207363014
                  10000 -0.0008099676528830332   -0.01505458788107898    0.06033577502779498    0.05223713273815114      573.4323954006165
                  10000       0.36576509920219    -0.3606080948341294    0.06585747983241262    0.05384162778790257       42.0497458578589
                  10000    -0.2556053778961945     0.2591660374101092    0.05552765346021896    0.04924088281921683      360.8719912412693
                  10000    -0.6203638068221707      -0.35715037279793    0.06987850272975751    0.05413858635037654      974.6532584629612
                  10000    -0.9378097798629881    -0.6290403649853111    0.04901046529346526    0.04420532802736452       2688.36539912914
                  10000     0.1472022942694471     0.2216553035193995    0.07271762109858068     0.0585757048328848       3.36823268562632
                  10000    -0.5302438874577248    -0.4060188750209022    0.06260151198442067    0.05216869502729101      954.1670298923476
                  10000    -0.5392504979925734  -0.009013589958762721    0.06518143496907655    0.05159898348429354      49.38888310611756
                  10000     0.4188192265799071    -0.2742205667208674    0.06084341367716226    0.05030800882525052      11.47081839785945
                  10000      0.260800193344227    -0.7383900563494046    0.06551652898796551    0.05727337318878026   0.004008759580066047
                  10000    -0.2020607449483367     0.6652800093320762    0.05700704016412887    0.04573283536718172      390.3858030688885
                  10000    -0.1629931717459506     0.5568572887160315    0.05681308178129618    0.05010929362275199      1489.451276429947
                  10000   -0.09941985144949018       0.63782439303628     0.0574107116219552    0.04705359968798029      63.62867577204422
                  10000    0.06332066517800106     0.1697471260945182    0.06137281571249244    0.05652691321859638      48.37761495057765
                  10000   -0.08764976307024083   -0.09639401061036151    0.06255515026489823     0.0611801020503524      151.7009935122987
                  10000      -0.25014619633254     0.4146953502410816    0.05836733754011397    0.05082135008657408      287.2200270522826
                  10000    -0.3220477582331305     -0.199235108121882    0.05261411730501728    0.04927204413501766      293.4700330773033
                  10000    -0.2698213232532114    0.07377045946681875    0.06047669988232841    0.04962090821942926      498.7584303576157
                  10000     0.7629973911319792    -0.3728678857630349    0.05760498380719285    0.04774235197924493     0.1339475166115192
                  10000     0.2261637803663241    -0.2196538813264177    0.05628658119241262    0.04986072055630902      263.6650328358297
                  10000    -0.2662443791908689     0.1635238136925074    0.06017610316630377     0.0509343851152735      516.2854703679627
                  10000     -0.932311146022773    -0.5680570218517959    0.05238306415388657    0.04855100431969205      857.7723910025845
                  10000      0.541427601163832    -0.4166517353091419    0.05373977100441293     0.0473467138487508      11.40073368562738
                  10000     0.4378749466891559    -0.5555259008626888    0.05517983426283592    0.04972669246425792     0.9480616202838557
                  10000     0.4866880760701179    -0.9081305192399747    0.06961396899763328    0.05320301016532999  0.0005555718739456853
                  10000     0.4423784861952729    -0.6926249447398176    0.06067909811001049    0.05335622844255418     0.0725123761154262
                  10000     0.6318697079648052    -0.4308036740667455    0.06023663643664651    0.04695425032083419      3.706179159036799
                  10000     0.8018732802501211     -0.937679525311249    0.06023832109678877    0.05042878106294996    0.02147298169511815
                  10000     0.0211885260841306   -0.09547467702875979     0.0526270984079306    0.04690197961485707      419.6062886910614
                  10000     0.8768680691719055    -0.9949028491973877     0.0714732424873895     0.0589979021170124    0.00135747514320657
                  10000     0.6019597424374395    -0.3506660359104883    0.05730213150855438    0.04768871741762123      1.748832320066383
                  10000     0.1647646576166153    0.01355139538645744    0.06909768093139709    0.05656506275747096      11.17894173808454
                  10000   -0.06160832837312602     0.2377010712951321    0.04755943226461334    0.04308347841840882      815.8872253507905
                  10000     0.7530938340256224    -0.5323798502409466    0.05428722841767709    0.05129908681115929      1.820083720010553
                  10000     0.5531128383029332    -0.5062266048805091     0.0565583871863847    0.04504106817318208      8.937000611897606
                  10000    -0.8652802738737944    -0.5853406534752202    0.05433661263638996    0.04652239855416601      572.2670140519781
                  10000    -0.3622109925930025    -0.5383828078529194    0.05788809451698537    0.04755028869697002      34.33217533679207
                  10000    -0.1904705183310164    -0.2626204810003321    0.05290788896754245    0.04482253679258531      22.90099917776639
                  10000   -0.05381494146273026     0.3064735156281557    0.04910762680428502    0.04259157759700564      321.7275575903254
                  10000    -0.1644345895166474    0.08770849090238893    0.05779993167485969    0.05016998171319421      303.1467234442537
                  10000    -0.2661574141583168    -0.2729339642133511    0.05535221673433605    0.05118093666663099       108.043458475371
                  10000    -0.6239703401632691    -0.4787369189143176    0.05657475422929986    0.04886830729645388      438.4791419569368
                  10000     0.2399472743272781    -0.6261051893234253    0.06249436564965748    0.05224395587245458   0.004680056253049631
                  10000     0.1564979625565815    -0.6869460227996236    0.05045892097030002    0.04844160041463222    0.03578610555017357
                  10000    -0.2111994326114655     -1.001029014587402    0.06226818841455849    0.05232123376401736  4.148692592332861e-06
                  10000    -0.6360154787829194     0.2314902534392327    0.05703632742232008    0.04833744229062632    0.02088393580692507
                  10000      1.031841516494751    -0.7035869956016541    0.06141757376793498    0.05194425217325812   0.001191703275252318
                  10000    -0.2140526675268042    -0.1187163439922841    0.05640315884387308    0.04748071304631248       255.350022528521
                  10000    0.01567255146801472    -0.7864453792572021    0.06128809381949723    0.05177019035601724   0.002003575616724627
                  10000    0.08360597974155436    -0.7238656032060786    0.05505756046744378    0.04952220608421865    0.03775839405248917
                  10000  -0.008802537806332111     -1.035373210906982    0.06106701291925055    0.05176253082809847  3.283047838230345e-06
                  10000      0.145643494978155    -0.6017360818751698    0.05463183121203906    0.05068933583828106     0.1091523019306214
                  10000  0.0009102037743528835    -0.8581131946065655    0.05945332337985787    0.05050341251696482    0.00216060620829695
                  10000    -0.1635735749604847     0.8363800512986684    0.05245152755705521    0.04679691450256897      1.194575245885058
                  10000    -0.1497046999461621     0.2077571162779292    0.05554746531167087    0.04636585867435574      716.8326839549147
                  10000     0.7707077196302934   -0.04752484088179632    0.04466459006704566    0.04024596846140758  0.0001614477332436934
                  10000     0.8687584096639029    -0.1707574079545364    0.05145719767276617    0.04337931401956078  0.0001801502777219612
                  10000    0.01659644423529245    -0.4419855837329597    0.05676095848238531    0.04926303056646137      1.927961544280697
                  10000     0.7342796238286564    -0.2530242851229065    0.04981843167684183    0.04049426807850579    0.08548648996486888
                  10000   -0.07849931720171872     0.4198376199579558    0.05257159518175242    0.04596459246865762      575.8481733900232
                  10000    -0.7303925742771148    -0.5814620658064173    0.05548000651579398    0.04924604187786362      361.1862225942307
                  10000     0.0904340073466301     -1.106675386428833    0.05886556265681632    0.04997496469279073   3.79441792477401e-06
                  10000    -0.3249138317445757    0.03730929907867849    0.05667584507927607    0.04364143924691341      152.7656411972212
                  10000   -0.06927299214892003    0.03575555750401586    0.04937591192916282    0.04634989753334206      221.0865118834797
                  10000   -0.02156886359302988    -0.3183191362847033    0.05243378980462306    0.04588401699628362      3.505383682519006
                  10000    -0.1589560667837586    -0.2090813364390781     0.0520693089947606    0.04235231646228993      63.64634105144542
                  10000    -0.4417607055460165    -0.3609598857044181    0.05485953044217497    0.04836555619090729      130.9420395222547
                  10000    -0.6215503705904167    -0.6255246295957997    0.05493119937597566    0.04521811487179878      26.28914000603246
                  10000    -0.1572821833722156     0.4841670386265527    0.04884195845322086    0.04353755963457186       2099.72994971179
                  10000   -0.06798110902309418     0.9185956716537476    0.05661295528941364    0.04920505722579605    0.01117903109402604
                  10000     0.8228769898414612    0.03193899244070053    0.05629874675444351    0.04915294721362313  5.183789875289249e-06
                  10000    -0.3604213297367096     -0.646990180015564    0.05614350797213845    0.04895991153464586      1.104790788128062
                  10000     0.5346349086580019    -0.3184135479718089    0.05469169818118259     0.0475560984500027      3.675604081933455
                  10000    -0.6477646315787172   -0.06100316622060799    0.05501579610207545    0.04626574484205493      3.503381556910941
                  10000     0.6718776226043701    -0.2052352726459503    0.05601568728574633    0.04833100997584031    0.02458977469582607
                  10000     0.5329343948136263    -0.1932265956962797    0.05186365678535414    0.04550602371178051       1.35606982578892
                  10000    -0.4990581160251903    -0.1391127707305185    0.05079873432383677    0.04976352273876983       94.5567051276775
                  10000     0.6998079033237783    0.05521499393516184    0.04375764648369064    0.03979654451872625  0.0002470876224585172
                  10000    0.08692044712563965    0.03780738382573037    0.05115641547718328    0.04273135519779882      96.93774434315822
                  10000    -0.3706991463866167    -0.1226264527735465    0.05256574218061252    0.04740223815896874      316.3813730537516
                  10000     0.6066135764122009    -0.9342285990715027    0.05500123289611762    0.04748944682068732  0.0004796528283379867
                  10000    -0.4563501704909724    0.04605428234955484    0.05140405744992659    0.04426839861977346      29.26898980921541
                  10000     0.2358097407176592    -0.6788575329371019    0.05476948945099361    0.04481021173556493    0.02293227406567282
                  10000    -0.4584494999379904    -0.8706070527933766    0.05273182577276838    0.04866278411405632  0.0002193257281725989
                  10000   -0.08018250779915884     0.1506488266278745    0.05232709509895674    0.04746690502803175      868.1465584130168
                  10000    -0.3734184644681163    -0.2476920003208269    0.05166197287600017    0.04555060400184665      344.6130857800041
                  10000     0.9184842737010718    -0.6641638850106484    0.05245807164305055    0.04655318931144414    0.03302783586037947
                  10000     0.7309785224849645     -0.659640046903736    0.05425228493835196     0.0473279905889481      1.951237580017849
                  10000     0.8936801552772522    -0.7440274357795715    0.05521219523422211    0.04574044101261536    0.05077531059894643
                  10000     0.4460247041192634    -0.4115144929725073    0.05019889644814166    0.04329244004076529      10.28415859283066
                  10000    -0.2417534481360533     0.7313471009913732    0.05163250730593331    0.04354142902471277      28.56706458313622
                  10000    -0.6394570877261991    -0.4231211060631366    0.05287339239877683    0.04356828905302446      612.4956959530855
                  10000   -0.05226410323001589     0.5491439080260635    0.05221237716890379    0.04540897763396982      147.7108600576973
                  10000    -0.2357290698605295     0.3337331454240161    0.05192106030177249      0.042886969948373      400.3121695232965
                  10000    -0.4734363466012165   -0.02557918900061339    0.05400829248143606    0.04549297084684519      87.55200334832369
                  10000    -0.1334299892187119     -0.715529203414917    0.05395161829741991    0.04522586684064014    0.07100583918941207
                  10000    -0.2690982405266191    -0.5679701803835556    0.05300763765617873     0.0444274158603465      10.46918659138649
                  10000     0.3146863579750061    -0.6935668587684631    0.05386241794885804    0.04534194672812285   0.009055294261167369
                  10000    -0.1085186898708344    -0.8751547336578369    0.05376494207997857    0.04527806703251015  0.0005764805698976725
                  10000    -0.6484207526529623     -0.226202144543296    0.05318353989216131    0.04333953521592641      44.27351622151451
                  10000    -0.5204013755447313    -0.5431832323322431    0.05383537869223957    0.04693528953671921      44.06998110493757
                  10000    -0.3856154942483686    -0.3833435222051166    0.04598945179480373    0.04054670496366101      219.8950112265209
                  10000    -0.3661127388477325    -0.4625029861927032    0.05309261942078667    0.04474226019572822      19.22186880598594
                  10000    -0.7277889459903231    -0.4271204299588124    0.05007037322590517    0.04529623566637401      809.9309028037505
                  10000    -0.3907695412635803     0.1958937495946884    0.05245309071393062    0.04449880849112463      14.89910121230482
                  10000     0.6508759260177612    -0.8126934170722961       0.05276536219973    0.04455373269494922    0.04889982813110869
                  10000    -0.8655619972358994    -0.4873366303118817    0.05027784580024167     0.0394242469976808      692.2669812304874
                  10000    -0.2156210541725159    -0.6307938098907471    0.05237319997235111    0.04388241715465194      1.016664897287005
                  10000     0.1742633274542888    -0.1801037854683307    0.05017370646398185    0.04261384160472719       119.391820370371
                  10000    -0.1721071635959537   -0.04983999392641959     0.0514108020386842    0.04384473097726806      121.7552767957976
                  10000     0.2520932853221893    -0.5744340419769287    0.05161184788439013    0.04336134018653835    0.02235366876789288
                  10000    0.03809204832624826    -0.3060138870367443    0.04952939325239471    0.04691281690329243       5.05540855200073
                  10000     0.1435047495518319     -0.350802845002343    0.05195909207209769    0.04409079743653461      10.92744473056725
                  10000   -0.07794170826673508    -0.2685853242874146    0.05093770195402759    0.04280900642870806      3.582752758815145
                  10000    -0.2102904947012664     0.5129728083542772    0.05043250051566476    0.04058622276770706      433.7055107898192
                  10000     0.2995319962501526    -0.3320330381393433    0.05051508704320673    0.04270790268431172      7.791266410961074
                  10000    -0.8127220273017883    -0.4039503335952759    0.05033573618329631    0.04258677388561744      68.46892552164788
                  10000    -0.4479822814464569    -0.9333630204200745    0.05002211050687144    0.04258976680904581   4.56500628888414e-05
                  10000     0.2973852455615997   -0.03253969177603722    0.05013582263616147    0.04248214176906621      1.061626158252836
                  10000     0.2110568132304727   -0.04374748801526886    0.04720863962188622    0.04280933944961833      24.44243455240881
                  10000     0.4105345073940719    -0.1170684503559933    0.04899001369531703    0.04244366321681026      1.398191654167205
                  10000     0.7082962053060332   -0.08786859456004167    0.04489604096070692    0.03860054208276521   0.004095286991778603
                  10000    -0.1922703981399536     -0.887515127658844    0.04936284477642079    0.04242620349390057   9.88758896227687e-05
                  10000    -0.2338629821786235    -0.1975992993550428    0.05001427687862153    0.04239464176013375      142.3641230385118
                  10000    -0.4005393385887146     0.3026549816131592    0.04885684198511001    0.04237808527274737      4.475864122353793
                  10000     0.8839065793226529    -0.8808230517992836    0.04739161628021069    0.04410983826333013    0.05613231457675659
                  10000     0.8500984615250686    -0.6302669661115018    0.04925996592867978    0.04123920208196363     0.1421201413318037
                  10000    -0.6190601541764056    -0.5544693909439382    0.04859901769195069    0.04458048043480756      90.24665851241747
                  10000    -0.8849399682563369    -0.5275607994957427    0.04740047559378704    0.04118071555357859      1404.405184780081
                  10000     -0.291004367921776     -0.806613142241084    0.04632631386594118    0.04016067613562779    0.00240817515403295
                  10000    0.08982700099263446    -0.1970202159836446    0.04673538169277437    0.04233001384523381      78.20672536277613
                  10000     0.3987868428230286      -1.09701132774353    0.04807209918323505    0.04142079124773668  5.809457852878407e-06
                  10000    0.05863485485315323    -0.5833057165145874     0.0480413267000394    0.04144988486310138    0.02515875644086979
                  10000    -0.1796132922172546    -0.7816148996353149    0.04800385945159408    0.04145774055019731   0.006577155006879195
                  10000    -0.3699507082177425    -0.2967630671266882    0.04864044458143984    0.04075324772297979      1033.988311164778
                  10000     -0.556240720293355    -0.1997970420798944    0.04763425662043391    0.04133382338886744      70.79400031275634
                  10000    -0.4350622531181665     -0.201441443445015    0.04708008929350928    0.04554027742673482      347.9970338425933
                  10000      0.216551661491394    -0.9296972155570984     0.0476293346271401     0.0411349286787261  1.197223266669548e-05
                  10000     0.2958954083672904    -0.9366633597815061     0.0462767194671534    0.04275101630854484   4.29339404258897e-05
                  10000     0.7161158470022972    -0.9387442621401632    0.04745755325139319     0.0417786334333808   0.005710143527294154
                  10000      0.921833872795105    -0.4812149703502655    0.04750627115163964    0.04137779136211753   0.005451574832139724
                  10000    -0.2012549429756579    -0.3281257331393836    0.05111483556596823    0.04006701803477147      20.82731613871663
                  10000   -0.05153906409579466    -0.5590150268982511    0.04800636400769009    0.04550906577777113       1.09955531423967
                  10000    -0.9369633057935596    -0.6819805271915097    0.04671770688729948    0.04042317818511367       234.847761955651
                  10000    -0.8610734343528748      0.179412767291069    0.04746886829810602    0.04111626343358189  3.983541844683168e-05
                  10000    -0.8145066499710083     0.1574897766113281    0.04744026905814003    0.04109458056523475  0.0008152088551237765
                  10000     0.3479052422720865    -0.6337459611566164    0.04704901926743069    0.03914424347914811    0.04625912398999105
                  10000    -0.5099207758903503    -0.4925895035266876    0.04729558455036852     0.0409647800994758      49.31137753036761
                  10000    -0.8078769868460857    -0.5957530614639098    0.04483340791857615    0.03958739454887662      583.8939789481179
                  10000    -0.5611823797225952     -0.666494607925415     0.0472086161984905    0.04070396607862097      1.381919546996852
                  10000    -0.3796376287937164   -0.04666580259799957     0.0471180625141649    0.04061362175589618      38.76005217655469
                  10000     0.3167952572544673    -0.5894292082318907     0.0472258445720279    0.03940613072400966    0.07907561604165218
                  10000    -0.4528172776885576    -0.6009311960828841    0.04826559503284881    0.03986652961773128       5.66311617636577
                  10000     -0.795029878616333     0.2427431792020798    0.04699089846891488    0.04056845627356179  0.0002247406434895794
                  10000    0.08536680042743683   -0.09015188366174698    0.04684136626762836    0.04038562152708839      46.47297170777527
                  10000    -0.1593926767317793    -0.1492523682412413    0.04489882904033433    0.04245792870549545      63.16649983388935
                  10000     -0.757161021232605    0.07487010210752487    0.04646884880296761    0.04020438474157539    0.04705283678249284
                  10000    -0.8029980063438416    -0.3094730079174042    0.04642276637493702    0.04016472830039242       8.13100007630592
                  10000    0.06931377155654037    -0.3879498851807905    0.04685391139440942    0.04252240370444337      1.409841067827101
                  10000    -0.5346422199557798    -0.3029109627211316     0.0459789302668355      0.039217783880332       278.243611211275
                  10000    -0.7163792848587036    -0.2364182621240616    0.04628551872892206    0.04002743653299549      8.281617466885772
                  10000    -0.8427259727743797    -0.6564827734444542    0.04608119330218926    0.03956347839705971      168.7235753329316
                  10000      0.292466670457263    -0.4387148952491748    0.04646226616686256    0.03830303643977696      9.201991502721899
                  10000     0.3122392126931465    -0.1962547936754134    0.04949158834705186    0.03891627523033368      61.12914259518936
                  10000     0.5632279506124132    -0.2658053667144406    0.04686191276967189    0.03975909212054791      1.501141027424389
                  10000    -0.3153477013111115      0.456704169511795    0.04622601644070791    0.03979281839466099      25.49245612810416
                  10000     -0.736752986907959    -0.3323513865470886    0.04613848467256625    0.03975879800713248      49.47057564702432
                  10000    -0.6480316519737244    -0.1382984817028046    0.04607493328559109    0.03959049342409414      3.410803981867751
                  10000    -0.2264936566352844     0.5665473937988281    0.04599309031562825    0.03961264390215664      106.8302259267491
                  10000     0.1336322277784348    0.06875643879175186    0.04592453129011827    0.03955415260275127      15.57592608066244
                  10000      0.298777736023413    -0.2423215310869206    0.04963938351145557    0.03975720760670622      29.16492257195037
                  10000     0.6197026968002319    -0.7180221080780029    0.04554232641705497    0.03944255124053777     0.1119269221215237
                  10000   -0.08966439189384834     0.1982002198711927    0.04770802620890989    0.03919648476829411      421.9977462180166
                  10000     0.4946755468845367    -0.5130485892295837    0.04535138139549653    0.03943862272510636     0.9625564184803784
                  10000     0.0851333692595381   -0.01411022672318657    0.04559038309377146    0.03874060640700603      107.0663084573934
                  10000     0.8670969079157607    -0.8251278033527375    0.04518182288196001    0.03974664686826048     0.1355069996050833
                  10000     0.5179843788541011    -0.6425504962755091    0.04454123427743545    0.03888759082981008     0.2910912076710199
                  10000     0.5298480920834782    -0.0905017153457857    0.04504825226862361    0.04058956562458532     0.1251473993496285
                  10000     -0.935377836227417     -0.153267115354538    0.04528754769735552    0.03929145693839512  3.841739381438594e-05
                  10000     0.2601582407951355    0.03527519479393959    0.04518785360493963    0.03926848865748418      1.241941020072342
                  10000   -0.08999812602996826    -0.8104509711265564    0.04503383901443185    0.03906386741405581   0.002261979950463301
                  10000   -0.09336543828248978     0.7815968990325928    0.04503515166565723    0.03902248297420297     0.7210131519478956
                  10000    -0.7079193592071533    -0.3736989498138428    0.04489811911779048    0.03895677457609914      148.8345196714669
                  10000    -0.1865174676495425     0.2967990084672708    0.04413827048746277    0.03929300428987715      466.3275028895033
                  10000    -0.4475563764572144   -0.09519068151712418    0.04476615051812938    0.03885053335159833      30.01947392374529
                  10000     0.3987538568542905    -0.8368746103433926    0.04666057114423727    0.03878403467404439   0.001105725922071284
                  10000    -0.8267378807067871     -0.153011217713356    0.04468784745187316    0.03881595620570472    0.02214090009489055
                  10000    -0.3996400833129883     0.3519094586372375    0.04467263934280485    0.03879743366620999      2.327240685121737
                  10000    -0.5509747126810566   -0.08510097005344587    0.04374896273281962    0.03832944767698792      20.48616619041805
                  10000     0.3378348254426116   -0.08099295374416522    0.04364405347583165     0.0390683812917734      6.551806301559096
                  10000    -0.9083585739135742    -0.1959864795207977    0.04468604287877161    0.03869203919135485   0.004517855886203892
                  10000    -0.3622007668018341     0.1073376461863518    0.04463899944712979    0.03872359542783573      32.21843578476945
                  10000    -0.1162010878324509     0.5195977687835693    0.04463872766516198    0.03870639254027335      227.5977462486661
                  10000    0.06291818873091609    -0.1318922892861945    0.04392240552311862    0.04126539875684501      125.8359227881838
                  10000      0.337480366230011    -0.7725955843925476    0.04460771434088427    0.03860993375778146   0.002528313550698462
                  10000     -0.204644188284874    -0.3782048523426056    0.04453179659049408    0.03860682814051235      11.43052575506983
                  10000    -0.2042177309320834     0.6138014273667445    0.04433401733883013    0.03867217717463848      224.0904721536756
                  10000    -0.3426310152414307    -0.3410402597879856    0.04395291161549818    0.03838551877482423      177.2313847320905
                  10000    -0.3828743994235992    0.04784272611141205    0.04412635723224429    0.03835761420698889      32.79732467936168
                  10000     0.1278640263207258    -0.2827004562727674    0.04496008431727055    0.03803971483849995      18.80509631600806
                  10000     0.4538739919662476     -1.050832033157349    0.04409304940807778    0.03850014843716268  1.159577820872937e-05
                  10000     0.1433006078004837    -0.9669953584671021    0.04407921015971029    0.03851666257360974  1.182167819511631e-05
                  10000    0.08776147663593292     -1.013179659843445    0.04406238087394113     0.0385257420056563   9.94804438409098e-06
                  10000     0.2890982627868652    -0.7971482276916504    0.04404362859591739    0.03852912147205417   0.001366376862958631
                  10000    -0.6725653409957886      0.187025398015976     0.0440386302834518    0.03851734993292282   0.008244226172389549
                  10000    -0.4320741593837738    -0.4991832673549652    0.04407278124162389    0.03851066473950556        16.462300491385
                  10000    -0.1049013063311577     -0.626809298992157    0.04402868048083364    0.03846547875460002     0.1207399210858983
                  10000    -0.2628684937953949     0.6872665882110596    0.04395701358204668    0.03844713020956691      32.27909348559165
                  10000    -0.2109271678557301     0.7706928169098185    0.04499366740560896    0.03942051653624849      13.87614979346668
                  10000     0.1178966310764696    -0.5295135436267118    0.04373662223715608    0.03809075522656841    0.04779490358474088
                  10000     0.1649068475868465    -0.4980038447318201    0.04300004843897291    0.03716480527754527     0.1304114408324772
                  10000    -0.6912884712219238    -0.1757973283529282    0.04376510100034635    0.03848725118810961      4.168621512278511
                  10000    -0.2852297425270081    -0.3546745479106903    0.04373431459469965    0.03847291842555725      33.57987146240772
                  10000    -0.4805853962898254     0.2217147350311279    0.04371006966376072    0.03846156428849649     0.6999425989649449
                  10000    -0.1472372561693192    0.01925745420157909    0.04364652059434727    0.03846853225910431      60.33869052964918
                  10000   -0.05055464771337771     0.7379172058607685    0.04484348499496131    0.03882111015418166       4.23184287047105
                  10000    -0.8132929801940918   -0.07144415378570557    0.04356891616099286    0.03851432313034676    0.01141351409910664
                  10000    -0.2072045207023621     -0.480536937713623    0.04355624643563683     0.0384921340327391      9.105262813949729
                  10000    -0.5263864994049072     -0.344927579164505    0.04347302109697571    0.03826484523699197      179.8613859939915
                  10000     0.4089944002535635    -0.5027357171772806    0.04391473210874144    0.03828101547103913      2.375240896723255
                  10000     0.3011281788349152    -0.1415276676416397    0.04343298435394026    0.03824385760248365      8.148615634616743
                  10000     0.9513042569160461    -0.2432431280612946      0.043428939341733    0.03821434902303256  9.290217230826495e-05
                  10000    -0.2292079329490662    -0.7769176959991455    0.04336147439668914    0.03810386262232684   0.004238030235811926
                  10000    -0.2007285952568054    0.01395434513688087    0.04328547900151888    0.03810663483449524      56.56152417237401
                  10000    -0.5683398246765137     0.2651108801364899    0.04323619093981571    0.03794250691602213    0.01798940498572342
                  10000     0.4720251991838764    -0.3374306646109533    0.04333624396457429    0.04001712299971072      5.547333584038702
                  10000     0.8213129639625549    -0.6829069256782532    0.04318564010642181    0.03788673989797783     0.1334336109093544
                  10000     0.3957994558737162    -0.2066089007808627    0.04327131674395322    0.04009895433925905      8.478079275307898
                  10000    -0.6047472357749939   -0.09109169244766235    0.04309949303451092    0.03770343054629648      4.163562759131778
                  10000     0.4324106574058533    -0.3538650274276733    0.04304491244082709    0.03771665880091713      4.629498470826786
                  10000    -0.9024103879928589   0.002088129753246903    0.04317761042449417    0.03759184688892202  0.0001077319623754946
                  10000     0.2676737010478973     -0.171180248260498    0.04317907180438894    0.03756767512879175      28.01473491060874
                  10000     0.4784937461356245     0.1381675881041401     0.0415349353624952    0.04045737770073524     0.0166824765545214
                  10000     0.5883302153048494    0.07813687009925786    0.04371464467484118    0.03898652328291362  8.645488475370329e-05
                  10000     0.4215468969805372    0.06102166905286834    0.04291825481302675     0.0377931865473046     0.2165354676089979
                  10000     0.6235461080882755   -0.03293625424272911    0.04238706461700272    0.03701540681853389   0.002961338143030873
                  10000     0.5055052603875456     0.0392919437553373    0.04322137693255961     0.0384601490055699   0.003958354620271515
                  10000     0.3256429584573825     0.4058342645070864    0.04160123013496984     0.0365265970563623   0.002402038451014271
                  10000     0.3163696898391656    0.03558562482686516    0.04323558969180632     0.0390211930123811      1.248236102978079
                  10000     0.2773007741760185     0.1195542061820923    0.04475830543645842    0.03697236612638453      1.177741925459572
                  10000     0.4776242673397064     0.2639634311199188    0.04304653557039347    0.03744619423359293  3.498823079725729e-05
                  10000     0.4348676228375433      0.212423862928979    0.04134841121353904    0.03957192447458795   0.009197546749330224
                  10000     0.4097436539445102     0.1509243995313889    0.04220161398699166    0.03855347897783767    0.03021993851061584
                  10000      0.391708482149818   -0.02768772864346212    0.04421906013265454    0.04132852132511007      1.391676087591872
                  10000     0.4664573967456818     0.3169122040271759    0.04292120855051795    0.03735525840387291  3.953301966995248e-05
                  10000     0.5580619714065567     0.1637698065331243    0.04257117579036936    0.03676471313565105  0.0006348474290187279
                  10000     0.5867781639099121    -0.1928633600473404    0.04280512691331252    0.03728127320797487     0.1301854334055851
                  10000     0.4942720912976168     0.1918081443053062    0.04269336558169268      0.037821137604272  0.0003734400297633665
                  10000      0.504655791252255   -0.02063144086282397    0.04285696572032931    0.03741608906235964    0.06767806254707158
                  10000     0.4739159670328981   -0.08910301048740156    0.04254247133542826    0.03671149595162732     0.3057596239140449
                  10000     0.6139136552810669     0.2218998521566391     0.0423143280178957    0.03692474685702907  9.486133078365356e-06
                  10000     0.5551247670961456      0.227264816635709    0.04175075225180776    0.03887261925681186  0.0002865311255343769
                  10000      0.553108043855133    0.05336060212508865    0.04260869771517962    0.03771077890329179   0.005225890139567546
                  10000     0.6388589143753052    0.02861610613763332    0.04208693631440243    0.03675957157964995    0.00037399232828854
                  10000     0.3658124208450317     0.4790190756320953     0.0419976665937781    0.03670640876984606  3.493508807149367e-05
                  10000     0.3436997830867767     0.2488871365785599    0.04185845686782778    0.03663217800666756    0.02008038677986025
                  10000     0.3575176808356375    -0.4749809837471937    0.04117335868572745     0.0362913927190096      3.433223076596451
                  10000      0.557446300983429     0.1094910651445389    0.04181741805140434    0.03660593433548664  0.0007011330943779879
                  10000      0.388731837272644     0.3676865696907043    0.04177639414273949     0.0365791146799326  0.0002847059662386802
                  10000      0.631537619455163    -0.2422999143730598    0.04136215583530695    0.03636868234048598     0.5000182778134595
                  10000     0.4016582369804382    0.02255930192768574    0.04174000023916663    0.03655519139640936     0.1303606761122234
                  10000     0.6808953285217285  -0.007951308973133564     0.0417015748579506    0.03653718363299355  0.0004535259735140556
                  10000     0.5672567309145219   0.003332149439825146    0.04211757376245908    0.03704754218035981    0.01703387230546212
                  10000     0.1496657878160477    -0.2226319313049316    0.04159956066452961    0.03647412865770522        44.833324185134
                  10000     0.2434305995702744    -0.4827423393726349    0.04158073567265858     0.0364610117666949     0.3624072331286802
                  10000     0.5570123791694641      0.273180365562439    0.04138214400040574    0.03633464651956324  3.735024882196557e-05
                  10000     0.4624069929122925   -0.00877945963293314    0.04125784324521349    0.03624830514496716     0.0911264439693947
                  10000     0.6630489230155945    -0.1075256168842316    0.04120441610116586    0.03622489653253753    0.00520021970125839
                  10000     0.6219092607498169     0.1124588027596474    0.04116741979705237    0.03620751165054249  0.0003148628348662989
                  10000     0.6517163515090942    -0.3232713043689728    0.04114985934567911    0.03619212182467189     0.4432346967212245
                  10000     0.3396498560905457     0.1127260029315948    0.04113105869513035    0.03618225408291785     0.1286828354139652
                  10000     0.3466978321477503      0.193812855699221    0.04266307225998555    0.03644086292364655     0.1265128877915562
                  10000     0.5838645696640015   -0.06845209002494812    0.04103833516267941    0.03613124229091985     0.0248592883954639
                  10000     0.4711892604827881    -0.2247728854417801    0.04101830303783002    0.03611924085450183      1.747877846261436
                  10000     0.2300661206245422     0.2100658863782883    0.04094332356825332    0.03607754493381838     0.6139208332518546
                  10000     0.5167561173439026    -0.1477327644824982     0.0407591778044543    0.03597660820493469     0.3078714741109313
                  10000     0.4600347876548767    -0.1333980709314346    0.04063224420831287     0.0359051379939658     0.5344543040862135
